0.2473824987	0.2488524547
0.2473824987	0.0014699561
0.1118432816	0.1135779627
0.1118432816	0.0017346811
0.0891767270	0.0909556787
0.0891767270	0.0017789517
0.1923148952	0.1938924052
0.1923148952	0.0015775100
0.3437481182	0.3450298602
0.3437481182	0.0012817420
0.2688007834	0.2702289069
0.2688007834	0.0014281235
0.0748146927	0.0766216952
0.0748146927	0.0018070026
0.3331789978	0.3344813826
0.3331789978	0.0013023848
0.2105838932	0.2121257215
0.2105838932	0.0015418283
0.1110741921	0.1128103753
0.1110741921	0.0017361832
0.3013371626	0.3027017385
0.3013371626	0.0013645759
0.1630115572	0.1646463003
0.1630115572	0.0016347431
0.3154808678	0.3168178192
0.3154808678	0.0013369514
0.1942307717	0.1958045397
0.1942307717	0.0015737680
0.2911194337	0.2925039661
0.2911194337	0.0013845324
0.0115162924	0.0134469246
0.0115162924	0.0019306322
0.3027787930	0.3041405532
0.3027787930	0.0013617602
0.0761813530	0.0779856863
0.0761813530	0.0018043333
0.0839781184	0.0857672237
0.0839781184	0.0017891052
0.1526852664	0.1543401780
0.1526852664	0.0016549116
0.3053689153	0.3067256166
0.3053689153	0.0013567013
0.1352760386	0.1369649526
0.1352760386	0.0016889140
0.1752443707	0.1768552216
0.1752443707	0.0016108508
0.0562860943	0.0581292855
0.0562860943	0.0018431912
0.0393767746	0.0412529919
0.0393767746	0.0018762172
0.0803632903	0.0821594557
0.0803632903	0.0017961654
0.2600985765	0.2615436964
0.2600985765	0.0014451200
0.0126007586	0.0145292728
0.0126007586	0.0019285141
0.1891258262	0.1907095648
0.1891258262	0.0015837386
0.1815505527	0.1831490868
0.1815505527	0.0015985341
0.0073444063	0.0092831867
0.0073444063	0.0019387805
0.2008761065	0.2024368954
0.2008761065	0.0015607889
0.2239764536	0.2254921246
0.2239764536	0.0015156710
0.2154249249	0.2169572981
0.2154249249	0.0015323732
0.1446545656	0.1463251622
0.1446545656	0.0016705966
0.1130569776	0.1147892882
0.1130569776	0.0017323106
0.0914253593	0.0931999192
0.0914253593	0.0017745598
0.1522161600	0.1538719878
0.1522161600	0.0016558278
0.2315756967	0.2330765254
0.2315756967	0.0015008287
0.3325794370	0.3338829928
0.3325794370	0.0013035558
0.2722086608	0.2736301282
0.2722086608	0.0014214675
0.1053412354	0.1070886158
0.1053412354	0.0017473804
0.2397397915	0.2412246747
0.2397397915	0.0014848832
0.0758949562	0.0776998489
0.0758949562	0.0018048927
0.2475268029	0.2489964771
0.2475268029	0.0014696742
0.3162619955	0.3175974213
0.3162619955	0.0013354258
0.2917210571	0.2931044144
0.2917210571	0.0013833573
0.1624885517	0.1641243163
0.1624885517	0.0016357645
0.1520973896	0.1537534493
0.1520973896	0.0016560598
0.0060081730	0.0079495633
0.0060081730	0.0019413903
0.2551945014	0.2566491997
0.2551945014	0.0014546982
0.1298011462	0.1315007534
0.1298011462	0.0016996071
0.0537631466	0.0556112654
0.0537631466	0.0018481189
0.3202872247	0.3216147887
0.3202872247	0.0013275640
0.2371642672	0.2386541807
0.2371642672	0.0014899135
0.1931390535	0.1947149537
0.1931390535	0.0015759003
0.3096778250	0.3110261105
0.3096778250	0.0013482855
0.1996170923	0.2011803402
0.1996170923	0.0015632479
0.2588565885	0.2603041342
0.2588565885	0.0014475457
0.0017907933	0.0037404206
0.0017907933	0.0019496274
0.2347067850	0.2362014983
0.2347067850	0.0014947133
0.1303422336	0.1320407839
0.1303422336	0.0016985503
0.1222662985	0.1239806221
0.1222662985	0.0017143236
0.1866332288	0.1882218358
0.1866332288	0.0015886070
0.0135815186	0.0155081172
0.0135815186	0.0019265986
0.3044748209	0.3058332685
0.3044748209	0.0013584476
0.1158674026	0.1175942241
0.1158674026	0.0017268215
0.2782331365	0.2796428374
0.2782331365	0.0014097009
0.2861222479	0.2875165404
0.2861222479	0.0013942925
0.3550890701	0.3563486618
0.3550890701	0.0012595917
0.1705223800	0.1721424535
0.1705223800	0.0016200735
0.0963637205	0.0981286351
0.0963637205	0.0017649146
0.0169345592	0.0188546089
0.0169345592	0.0019200497
0.1479078544	0.1495720969
0.1479078544	0.0016642425
0.2138961970	0.2154315560
0.2138961970	0.0015353590
0.0950433741	0.0968108675
0.0950433741	0.0017674934
0.1167524145	0.1184775075
0.1167524145	0.0017250929
0.2002344741	0.2017965161
0.2002344741	0.0015620420
0.3068087947	0.3081626837
0.3068087947	0.0013538891
0.0648505963	0.0666770600
0.0648505963	0.0018264637
0.2504479642	0.2519119330
0.2504479642	0.0014639688
0.3109988819	0.3123445872
0.3109988819	0.0013457053
0.0864742077	0.0882584377
0.0864742077	0.0017842301
0.2473346706	0.2488047201
0.2473346706	0.0014700495
0.1712733535	0.1728919602
0.1712733535	0.0016186067
0.2069203554	0.2084693390
0.2069203554	0.0015489837
0.3406689933	0.3419567491
0.3406689933	0.0012877559
0.2936343167	0.2950139371
0.2936343167	0.0013796205
0.1156111080	0.1173384301
0.1156111080	0.0017273221
0.0173410146	0.0192602704
0.0173410146	0.0019192558
0.1615331768	0.1631708073
0.1615331768	0.0016376305
0.1792432668	0.1808463072
0.1792432668	0.0016030405
0.0047852554	0.0067290342
0.0047852554	0.0019437788
0.0256605664	0.0275635732
0.0256605664	0.0019030067
0.2367509862	0.2382417069
0.2367509862	0.0014907207
0.3068685703	0.3082223427
0.3068685703	0.0013537723
0.0246598777	0.0265648389
0.0246598777	0.0019049612
0.0892072066	0.0909860988
0.0892072066	0.0017788922
0.1929129044	0.1944892464
0.1929129044	0.0015763420
0.1525176686	0.1541729076
0.1525176686	0.0016552389
0.2478069319	0.2492760590
0.2478069319	0.0014691271
0.1854533389	0.1870442504
0.1854533389	0.0015909114
0.3112634796	0.3126086681
0.3112634796	0.0013451885
0.1062122318	0.1079579110
0.1062122318	0.0017456792
0.1834039430	0.1849988572
0.1834039430	0.0015949142
0.3651019967	0.3663420318
0.3651019967	0.0012400352
0.3463986877	0.3476752528
0.3463986877	0.0012765651
0.2498480062	0.2513131468
0.2498480062	0.0014651406
0.1819001878	0.1834980390
0.1819001878	0.0015978512
0.1933040298	0.1948796079
0.1933040298	0.0015755781
0.3276041215	0.3289173947
0.3276041215	0.0013132732
0.0810038292	0.0827987436
0.0810038292	0.0017949144
0.1754835716	0.1770939553
0.1754835716	0.0016103836
0.0919723057	0.0937457973
0.0919723057	0.0017734916
0.3343594936	0.3356595727
0.3343594936	0.0013000791
0.0530326748	0.0548822204
0.0530326748	0.0018495456
0.2061008051	0.2076513894
0.2061008051	0.0015505844
0.3655948915	0.3668339639
0.3655948915	0.0012390725
0.1443711617	0.1460423117
0.1443711617	0.0016711501
0.1274490809	0.1291532819
0.1274490809	0.0017042010
