0.0000000000	0.0019531250
0.0000019493	0.0019550705
0.0000038986	0.0019570160
0.0000058480	0.0019589615
0.0000077973	0.0019609070
0.0000097466	0.0019628526
0.0000116959	0.0019647981
0.0000136452	0.0019667436
0.0000155945	0.0019686891
0.0000175439	0.0019706346
0.0000194932	0.0019725801
0.0000214425	0.0019745256
0.0000233918	0.0019764711
0.0000253411	0.0019784166
0.0000272904	0.0019803621
0.0000292398	0.0019823077
0.0000311891	0.0019842532
0.0000331384	0.0019861987
0.0000350877	0.0019881442
0.0000370370	0.0019900897
0.0000389864	0.0019920352
0.0000409357	0.0019939807
0.0000428850	0.0019959262
0.0000448343	0.0019978717
0.0000467836	0.0019998173
0.0000487329	0.0020017628
0.0000506823	0.0020037083
0.0000526316	0.0020056538
0.0000545809	0.0020075993
0.0000565302	0.0020095448
0.0000584795	0.0020114903
0.0000604288	0.0020134358
0.0000623782	0.0020153813
0.0000643275	0.0020173268
0.0000662768	0.0020192724
0.0000682261	0.0020212179
0.0000701754	0.0020231634
0.0000721248	0.0020251089
0.0000740741	0.0020270544
0.0000760234	0.0020289999
0.0000779727	0.0020309454
0.0000799220	0.0020328909
0.0000818713	0.0020348364
0.0000838207	0.0020367820
0.0000857700	0.0020387275
0.0000877193	0.0020406730
0.0000896686	0.0020426185
0.0000916179	0.0020445640
0.0000935673	0.0020465095
0.0000955166	0.0020484550
0.0000974659	0.0020504005
0.0000994152	0.0020523460
0.0001013645	0.0020542915
0.0001033138	0.0020562371
0.0001052632	0.0020581826
0.0001072125	0.0020601281
0.0001091618	0.0020620736
0.0001111111	0.0020640191
0.0001130604	0.0020659646
0.0001150097	0.0020679101
0.0001169591	0.0020698556
0.0001189084	0.0020718011
0.0001208577	0.0020737466
0.0001228070	0.0020756922
0.0001247563	0.0020776377
0.0001267057	0.0020795832
0.0001286550	0.0020815287
0.0001306043	0.0020834742
0.0001325536	0.0020854197
0.0001345029	0.0020873652
0.0001364522	0.0020893107
0.0001384016	0.0020912562
0.0001403509	0.0020932018
0.0001423002	0.0020951473
0.0001442495	0.0020970928
0.0001461988	0.0020990383
0.0001481481	0.0021009838
0.0001500975	0.0021029293
0.0001520468	0.0021048748
0.0001539961	0.0021068203
0.0001559454	0.0021087658
0.0001578947	0.0021107113
0.0001598441	0.0021126569
0.0001617934	0.0021146024
0.0001637427	0.0021165479
0.0001656920	0.0021184934
0.0001676413	0.0021204389
0.0001695906	0.0021223844
0.0001715400	0.0021243299
0.0001734893	0.0021262754
0.0001754386	0.0021282209
0.0001773879	0.0021301665
0.0001793372	0.0021321120
0.0001812865	0.0021340575
0.0001832359	0.0021360030
0.0001851852	0.0021379485
0.0001871345	0.0021398940
0.0001890838	0.0021418395
0.0001910331	0.0021437850
0.0001929825	0.0021457305
0.0001949318	0.0021476760
0.0001968811	0.0021496216
0.0001988304	0.0021515671
0.0002007797	0.0021535126
0.0002027290	0.0021554581
0.0002046784	0.0021574036
0.0002066277	0.0021593491
0.0002085770	0.0021612946
0.0002105263	0.0021632401
0.0002124756	0.0021651856
0.0002144250	0.0021671312
0.0002163743	0.0021690767
0.0002183236	0.0021710222
0.0002202729	0.0021729677
0.0002222222	0.0021749132
0.0002241715	0.0021768587
0.0002261209	0.0021788042
0.0002280702	0.0021807497
0.0002300195	0.0021826952
0.0002319688	0.0021846407
0.0002339181	0.0021865863
0.0002358674	0.0021885318
0.0002378168	0.0021904773
0.0002397661	0.0021924228
0.0002417154	0.0021943683
0.0002436647	0.0021963138
0.0002456140	0.0021982593
0.0002475634	0.0022002048
0.0002495127	0.0022021503
0.0002514620	0.0022040959
0.0002534113	0.0022060414
0.0002553606	0.0022079869
0.0002573099	0.0022099324
0.0002592593	0.0022118779
0.0002612086	0.0022138234
0.0002631579	0.0022157689
0.0002651072	0.0022177144
0.0002670565	0.0022196599
0.0002690058	0.0022216054
0.0002709552	0.0022235510
0.0002729045	0.0022254965
0.0002748538	0.0022274420
0.0002768031	0.0022293875
0.0002787524	0.0022313330
0.0002807018	0.0022332785
0.0002826511	0.0022352240
0.0002846004	0.0022371695
0.0002865497	0.0022391150
0.0002884990	0.0022410606
0.0002904483	0.0022430061
0.0002923977	0.0022449516
0.0002943470	0.0022468971
0.0002962963	0.0022488426
0.0002982456	0.0022507881
0.0003001949	0.0022527336
0.0003021442	0.0022546791
0.0003040936	0.0022566246
0.0003060429	0.0022585701
0.0003079922	0.0022605157
0.0003099415	0.0022624612
0.0003118908	0.0022644067
0.0003138402	0.0022663522
0.0003157895	0.0022682977
0.0003177388	0.0022702432
0.0003196881	0.0022721887
0.0003216374	0.0022741342
0.0003235867	0.0022760797
0.0003255361	0.0022780252
0.0003274854	0.0022799708
0.0003294347	0.0022819163
0.0003313840	0.0022838618
0.0003333333	0.0022858073
0.0003352827	0.0022877528
0.0003372320	0.0022896983
0.0003391813	0.0022916438
0.0003411306	0.0022935893
0.0003430799	0.0022955348
0.0003450292	0.0022974804
0.0003469786	0.0022994259
0.0003489279	0.0023013714
0.0003508772	0.0023033169
0.0003528265	0.0023052624
0.0003547758	0.0023072079
0.0003567251	0.0023091534
0.0003586745	0.0023110989
0.0003606238	0.0023130444
0.0003625731	0.0023149899
0.0003645224	0.0023169355
0.0003664717	0.0023188810
0.0003684211	0.0023208265
0.0003703704	0.0023227720
0.0003723197	0.0023247175
0.0003742690	0.0023266630
0.0003762183	0.0023286085
0.0003781676	0.0023305540
0.0003801170	0.0023324995
0.0003820663	0.0023344451
0.0003840156	0.0023363906
0.0003859649	0.0023383361
0.0003879142	0.0023402816
0.0003898635	0.0023422271
0.0003918129	0.0023441726
0.0003937622	0.0023461181
0.0003957115	0.0023480636
0.0003976608	0.0023500091
0.0003996101	0.0023519546
0.0004015595	0.0023539002
0.0004035088	0.0023558457
0.0004054581	0.0023577912
0.0004074074	0.0023597367
0.0004093567	0.0023616822
0.0004113060	0.0023636277
0.0004132554	0.0023655732
0.0004152047	0.0023675187
0.0004171540	0.0023694642
0.0004191033	0.0023714098
0.0004210526	0.0023733553
0.0004230019	0.0023753008
0.0004249513	0.0023772463
0.0004269006	0.0023791918
0.0004288499	0.0023811373
0.0004307992	0.0023830828
0.0004327485	0.0023850283
0.0004346979	0.0023869738
0.0004366472	0.0023889193
0.0004385965	0.0023908649
0.0004405458	0.0023928104
0.0004424951	0.0023947559
0.0004444444	0.0023967014
0.0004463938	0.0023986469
0.0004483431	0.0024005924
0.0004502924	0.0024025379
0.0004522417	0.0024044834
0.0004541910	0.0024064289
0.0004561404	0.0024083745
0.0004580897	0.0024103200
0.0004600390	0.0024122655
0.0004619883	0.0024142110
0.0004639376	0.0024161565
0.0004658869	0.0024181020
0.0004678363	0.0024200475
0.0004697856	0.0024219930
0.0004717349	0.0024239385
0.0004736842	0.0024258840
0.0004756335	0.0024278296
0.0004775828	0.0024297751
0.0004795322	0.0024317206
0.0004814815	0.0024336661
0.0004834308	0.0024356116
0.0004853801	0.0024375571
0.0004873294	0.0024395026
0.0004892788	0.0024414481
0.0004912281	0.0024433936
0.0004931774	0.0024453392
0.0004951267	0.0024472847
0.0004970760	0.0024492302
0.0004990253	0.0024511757
0.0005009747	0.0024531212
0.0005029240	0.0024550667
0.0005048733	0.0024570122
0.0005068226	0.0024589577
0.0005087719	0.0024609032
0.0005107212	0.0024628487
0.0005126706	0.0024647943
0.0005146199	0.0024667398
0.0005165692	0.0024686853
0.0005185185	0.0024706308
0.0005204678	0.0024725763
0.0005224172	0.0024745218
0.0005243665	0.0024764673
0.0005263158	0.0024784128
0.0005282651	0.0024803583
0.0005302144	0.0024823038
0.0005321637	0.0024842494
0.0005341131	0.0024861949
0.0005360624	0.0024881404
0.0005380117	0.0024900859
0.0005399610	0.0024920314
0.0005419103	0.0024939769
0.0005438596	0.0024959224
0.0005458090	0.0024978679
0.0005477583	0.0024998134
0.0005497076	0.0025017590
0.0005516569	0.0025037045
0.0005536062	0.0025056500
0.0005555556	0.0025075955
0.0005575049	0.0025095410
0.0005594542	0.0025114865
0.0005614035	0.0025134320
0.0005633528	0.0025153775
0.0005653021	0.0025173230
0.0005672515	0.0025192685
0.0005692008	0.0025212141
0.0005711501	0.0025231596
0.0005730994	0.0025251051
0.0005750487	0.0025270506
0.0005769981	0.0025289961
0.0005789474	0.0025309416
0.0005808967	0.0025328871
0.0005828460	0.0025348326
0.0005847953	0.0025367781
0.0005867446	0.0025387237
0.0005886940	0.0025406692
0.0005906433	0.0025426147
0.0005925926	0.0025445602
0.0005945419	0.0025465057
0.0005964912	0.0025484512
0.0005984405	0.0025503967
0.0006003899	0.0025523422
0.0006023392	0.0025542877
0.0006042885	0.0025562332
0.0006062378	0.0025581788
0.0006081871	0.0025601243
0.0006101365	0.0025620698
0.0006120858	0.0025640153
0.0006140351	0.0025659608
0.0006159844	0.0025679063
0.0006179337	0.0025698518
0.0006198830	0.0025717973
0.0006218324	0.0025737428
0.0006237817	0.0025756884
0.0006257310	0.0025776339
0.0006276803	0.0025795794
0.0006296296	0.0025815249
0.0006315789	0.0025834704
0.0006335283	0.0025854159
0.0006354776	0.0025873614
0.0006374269	0.0025893069
0.0006393762	0.0025912524
0.0006413255	0.0025931979
0.0006432749	0.0025951435
0.0006452242	0.0025970890
0.0006471735	0.0025990345
0.0006491228	0.0026009800
0.0006510721	0.0026029255
0.0006530214	0.0026048710
0.0006549708	0.0026068165
0.0006569201	0.0026087620
0.0006588694	0.0026107075
0.0006608187	0.0026126531
0.0006627680	0.0026145986
0.0006647173	0.0026165441
0.0006666667	0.0026184896
0.0006686160	0.0026204351
0.0006705653	0.0026223806
0.0006725146	0.0026243261
0.0006744639	0.0026262716
0.0006764133	0.0026282171
0.0006783626	0.0026301626
0.0006803119	0.0026321082
0.0006822612	0.0026340537
0.0006842105	0.0026359992
0.0006861598	0.0026379447
0.0006881092	0.0026398902
0.0006900585	0.0026418357
0.0006920078	0.0026437812
0.0006939571	0.0026457267
0.0006959064	0.0026476722
0.0006978558	0.0026496178
0.0006998051	0.0026515633
0.0007017544	0.0026535088
0.0007037037	0.0026554543
0.0007056530	0.0026573998
0.0007076023	0.0026593453
0.0007095517	0.0026612908
0.0007115010	0.0026632363
0.0007134503	0.0026651818
0.0007153996	0.0026671273
0.0007173489	0.0026690729
0.0007192982	0.0026710184
0.0007212476	0.0026729639
0.0007231969	0.0026749094
0.0007251462	0.0026768549
0.0007270955	0.0026788004
0.0007290448	0.0026807459
0.0007309942	0.0026826914
0.0007329435	0.0026846369
0.0007348928	0.0026865825
0.0007368421	0.0026885280
0.0007387914	0.0026904735
0.0007407407	0.0026924190
0.0007426901	0.0026943645
0.0007446394	0.0026963100
0.0007465887	0.0026982555
0.0007485380	0.0027002010
0.0007504873	0.0027021465
0.0007524366	0.0027040920
0.0007543860	0.0027060376
0.0007563353	0.0027079831
0.0007582846	0.0027099286
0.0007602339	0.0027118741
0.0007621832	0.0027138196
0.0007641326	0.0027157651
0.0007660819	0.0027177106
0.0007680312	0.0027196561
0.0007699805	0.0027216016
0.0007719298	0.0027235471
0.0007738791	0.0027254927
0.0007758285	0.0027274382
0.0007777778	0.0027293837
0.0007797271	0.0027313292
0.0007816764	0.0027332747
0.0007836257	0.0027352202
0.0007855750	0.0027371657
0.0007875244	0.0027391112
0.0007894737	0.0027410567
0.0007914230	0.0027430023
0.0007933723	0.0027449478
0.0007953216	0.0027468933
0.0007972710	0.0027488388
0.0007992203	0.0027507843
0.0008011696	0.0027527298
0.0008031189	0.0027546753
0.0008050682	0.0027566208
0.0008070175	0.0027585663
0.0008089669	0.0027605118
0.0008109162	0.0027624574
0.0008128655	0.0027644029
0.0008148148	0.0027663484
0.0008167641	0.0027682939
0.0008187135	0.0027702394
0.0008206628	0.0027721849
0.0008226121	0.0027741304
0.0008245614	0.0027760759
0.0008265107	0.0027780214
0.0008284600	0.0027799670
0.0008304094	0.0027819125
0.0008323587	0.0027838580
0.0008343080	0.0027858035
0.0008362573	0.0027877490
0.0008382066	0.0027896945
0.0008401559	0.0027916400
0.0008421053	0.0027935855
0.0008440546	0.0027955310
0.0008460039	0.0027974765
0.0008479532	0.0027994221
0.0008499025	0.0028013676
0.0008518519	0.0028033131
0.0008538012	0.0028052586
0.0008557505	0.0028072041
0.0008576998	0.0028091496
0.0008596491	0.0028110951
0.0008615984	0.0028130406
0.0008635478	0.0028149861
0.0008654971	0.0028169317
0.0008674464	0.0028188772
0.0008693957	0.0028208227
0.0008713450	0.0028227682
0.0008732943	0.0028247137
0.0008752437	0.0028266592
0.0008771930	0.0028286047
0.0008791423	0.0028305502
0.0008810916	0.0028324957
0.0008830409	0.0028344412
0.0008849903	0.0028363868
0.0008869396	0.0028383323
0.0008888889	0.0028402778
0.0008908382	0.0028422233
0.0008927875	0.0028441688
0.0008947368	0.0028461143
0.0008966862	0.0028480598
0.0008986355	0.0028500053
0.0009005848	0.0028519508
0.0009025341	0.0028538964
0.0009044834	0.0028558419
0.0009064327	0.0028577874
0.0009083821	0.0028597329
0.0009103314	0.0028616784
0.0009122807	0.0028636239
0.0009142300	0.0028655694
0.0009161793	0.0028675149
0.0009181287	0.0028694604
0.0009200780	0.0028714059
0.0009220273	0.0028733515
0.0009239766	0.0028752970
0.0009259259	0.0028772425
0.0009278752	0.0028791880
0.0009298246	0.0028811335
0.0009317739	0.0028830790
0.0009337232	0.0028850245
0.0009356725	0.0028869700
0.0009376218	0.0028889155
0.0009395712	0.0028908611
0.0009415205	0.0028928066
0.0009434698	0.0028947521
0.0009454191	0.0028966976
0.0009473684	0.0028986431
0.0009493177	0.0029005886
0.0009512671	0.0029025341
0.0009532164	0.0029044796
0.0009551657	0.0029064251
0.0009571150	0.0029083706
0.0009590643	0.0029103162
0.0009610136	0.0029122617
0.0009629630	0.0029142072
0.0009649123	0.0029161527
0.0009668616	0.0029180982
0.0009688109	0.0029200437
0.0009707602	0.0029219892
0.0009727096	0.0029239347
0.0009746589	0.0029258802
0.0009766082	0.0029278257
0.0009785575	0.0029297713
0.0009805068	0.0029317168
0.0009824561	0.0029336623
0.0009844055	0.0029356078
0.0009863548	0.0029375533
0.0009883041	0.0029394988
0.0009902534	0.0029414443
0.0009922027	0.0029433898
0.0009941520	0.0029453353
0.0009961014	0.0029472809
0.0009980507	0.0029492264
0.0010000000	0.0029511719
0.0010019493	0.0029531174
0.0010038986	0.0029550629
0.0010058480	0.0029570084
0.0010077973	0.0029589539
0.0010097466	0.0029608994
0.0010116959	0.0029628449
0.0010136452	0.0029647904
0.0010155945	0.0029667360
0.0010175439	0.0029686815
0.0010194932	0.0029706270
0.0010214425	0.0029725725
0.0010233918	0.0029745180
0.0010253411	0.0029764635
0.0010272904	0.0029784090
0.0010292398	0.0029803545
0.0010311891	0.0029823000
0.0010331384	0.0029842456
0.0010350877	0.0029861911
0.0010370370	0.0029881366
0.0010389864	0.0029900821
0.0010409357	0.0029920276
0.0010428850	0.0029939731
0.0010448343	0.0029959186
0.0010467836	0.0029978641
0.0010487329	0.0029998096
0.0010506823	0.0030017551
0.0010526316	0.0030037007
0.0010545809	0.0030056462
0.0010565302	0.0030075917
0.0010584795	0.0030095372
0.0010604288	0.0030114827
0.0010623782	0.0030134282
0.0010643275	0.0030153737
0.0010662768	0.0030173192
0.0010682261	0.0030192647
0.0010701754	0.0030212103
0.0010721248	0.0030231558
0.0010740741	0.0030251013
0.0010760234	0.0030270468
0.0010779727	0.0030289923
0.0010799220	0.0030309378
0.0010818713	0.0030328833
0.0010838207	0.0030348288
0.0010857700	0.0030367743
0.0010877193	0.0030387198
0.0010896686	0.0030406654
0.0010916179	0.0030426109
0.0010935673	0.0030445564
0.0010955166	0.0030465019
0.0010974659	0.0030484474
0.0010994152	0.0030503929
0.0011013645	0.0030523384
0.0011033138	0.0030542839
0.0011052632	0.0030562294
0.0011072125	0.0030581750
0.0011091618	0.0030601205
0.0011111111	0.0030620660
0.0011130604	0.0030640115
0.0011150097	0.0030659570
0.0011169591	0.0030679025
0.0011189084	0.0030698480
0.0011208577	0.0030717935
0.0011228070	0.0030737390
0.0011247563	0.0030756845
0.0011267057	0.0030776301
0.0011286550	0.0030795756
0.0011306043	0.0030815211
0.0011325536	0.0030834666
0.0011345029	0.0030854121
0.0011364522	0.0030873576
0.0011384016	0.0030893031
0.0011403509	0.0030912486
0.0011423002	0.0030931941
0.0011442495	0.0030951397
0.0011461988	0.0030970852
0.0011481481	0.0030990307
0.0011500975	0.0031009762
0.0011520468	0.0031029217
0.0011539961	0.0031048672
0.0011559454	0.0031068127
0.0011578947	0.0031087582
0.0011598441	0.0031107037
0.0011617934	0.0031126492
0.0011637427	0.0031145948
0.0011656920	0.0031165403
0.0011676413	0.0031184858
0.0011695906	0.0031204313
0.0011715400	0.0031223768
0.0011734893	0.0031243223
0.0011754386	0.0031262678
0.0011773879	0.0031282133
0.0011793372	0.0031301588
0.0011812865	0.0031321043
0.0011832359	0.0031340499
0.0011851852	0.0031359954
0.0011871345	0.0031379409
0.0011890838	0.0031398864
0.0011910331	0.0031418319
0.0011929825	0.0031437774
0.0011949318	0.0031457229
0.0011968811	0.0031476684
0.0011988304	0.0031496139
0.0012007797	0.0031515595
0.0012027290	0.0031535050
0.0012046784	0.0031554505
0.0012066277	0.0031573960
0.0012085770	0.0031593415
0.0012105263	0.0031612870
0.0012124756	0.0031632325
0.0012144250	0.0031651780
0.0012163743	0.0031671235
0.0012183236	0.0031690690
0.0012202729	0.0031710146
0.0012222222	0.0031729601
0.0012241715	0.0031749056
0.0012261209	0.0031768511
0.0012280702	0.0031787966
0.0012300195	0.0031807421
0.0012319688	0.0031826876
0.0012339181	0.0031846331
0.0012358674	0.0031865786
0.0012378168	0.0031885242
0.0012397661	0.0031904697
0.0012417154	0.0031924152
0.0012436647	0.0031943607
0.0012456140	0.0031963062
0.0012475634	0.0031982517
0.0012495127	0.0032001972
0.0012514620	0.0032021427
0.0012534113	0.0032040882
0.0012553606	0.0032060337
0.0012573099	0.0032079793
0.0012592593	0.0032099248
0.0012612086	0.0032118703
0.0012631579	0.0032138158
0.0012651072	0.0032157613
0.0012670565	0.0032177068
0.0012690058	0.0032196523
0.0012709552	0.0032215978
0.0012729045	0.0032235433
0.0012748538	0.0032254889
0.0012768031	0.0032274344
0.0012787524	0.0032293799
0.0012807018	0.0032313254
0.0012826511	0.0032332709
0.0012846004	0.0032352164
0.0012865497	0.0032371619
0.0012884990	0.0032391074
0.0012904483	0.0032410529
0.0012923977	0.0032429984
0.0012943470	0.0032449440
0.0012962963	0.0032468895
0.0012982456	0.0032488350
0.0013001949	0.0032507805
0.0013021442	0.0032527260
0.0013040936	0.0032546715
0.0013060429	0.0032566170
0.0013079922	0.0032585625
0.0013099415	0.0032605080
0.0013118908	0.0032624536
0.0013138402	0.0032643991
0.0013157895	0.0032663446
0.0013177388	0.0032682901
0.0013196881	0.0032702356
0.0013216374	0.0032721811
0.0013235867	0.0032741266
0.0013255361	0.0032760721
0.0013274854	0.0032780176
0.0013294347	0.0032799631
0.0013313840	0.0032819087
0.0013333333	0.0032838542
0.0013352827	0.0032857997
0.0013372320	0.0032877452
0.0013391813	0.0032896907
0.0013411306	0.0032916362
0.0013430799	0.0032935817
0.0013450292	0.0032955272
0.0013469786	0.0032974727
0.0013489279	0.0032994183
0.0013508772	0.0033013638
0.0013528265	0.0033033093
0.0013547758	0.0033052548
0.0013567251	0.0033072003
0.0013586745	0.0033091458
0.0013606238	0.0033110913
0.0013625731	0.0033130368
0.0013645224	0.0033149823
0.0013664717	0.0033169278
0.0013684211	0.0033188734
0.0013703704	0.0033208189
0.0013723197	0.0033227644
0.0013742690	0.0033247099
0.0013762183	0.0033266554
0.0013781676	0.0033286009
0.0013801170	0.0033305464
0.0013820663	0.0033324919
0.0013840156	0.0033344374
0.0013859649	0.0033363829
0.0013879142	0.0033383285
0.0013898635	0.0033402740
0.0013918129	0.0033422195
0.0013937622	0.0033441650
0.0013957115	0.0033461105
0.0013976608	0.0033480560
0.0013996101	0.0033500015
0.0014015595	0.0033519470
0.0014035088	0.0033538925
0.0014054581	0.0033558381
0.0014074074	0.0033577836
0.0014093567	0.0033597291
0.0014113060	0.0033616746
0.0014132554	0.0033636201
0.0014152047	0.0033655656
0.0014171540	0.0033675111
0.0014191033	0.0033694566
0.0014210526	0.0033714021
0.0014230019	0.0033733476
0.0014249513	0.0033752932
0.0014269006	0.0033772387
0.0014288499	0.0033791842
0.0014307992	0.0033811297
0.0014327485	0.0033830752
0.0014346979	0.0033850207
0.0014366472	0.0033869662
0.0014385965	0.0033889117
0.0014405458	0.0033908572
0.0014424951	0.0033928028
0.0014444444	0.0033947483
0.0014463938	0.0033966938
0.0014483431	0.0033986393
0.0014502924	0.0034005848
0.0014522417	0.0034025303
0.0014541910	0.0034044758
0.0014561404	0.0034064213
0.0014580897	0.0034083668
0.0014600390	0.0034103123
0.0014619883	0.0034122579
0.0014639376	0.0034142034
0.0014658869	0.0034161489
0.0014678363	0.0034180944
0.0014697856	0.0034200399
0.0014717349	0.0034219854
0.0014736842	0.0034239309
0.0014756335	0.0034258764
0.0014775828	0.0034278219
0.0014795322	0.0034297675
0.0014814815	0.0034317130
0.0014834308	0.0034336585
0.0014853801	0.0034356040
0.0014873294	0.0034375495
0.0014892788	0.0034394950
0.0014912281	0.0034414405
0.0014931774	0.0034433860
0.0014951267	0.0034453315
0.0014970760	0.0034472770
0.0014990253	0.0034492226
0.0015009747	0.0034511681
0.0015029240	0.0034531136
0.0015048733	0.0034550591
0.0015068226	0.0034570046
0.0015087719	0.0034589501
0.0015107212	0.0034608956
0.0015126706	0.0034628411
0.0015146199	0.0034647866
0.0015165692	0.0034667322
0.0015185185	0.0034686777
0.0015204678	0.0034706232
0.0015224172	0.0034725687
0.0015243665	0.0034745142
0.0015263158	0.0034764597
0.0015282651	0.0034784052
0.0015302144	0.0034803507
0.0015321637	0.0034822962
0.0015341131	0.0034842417
0.0015360624	0.0034861873
0.0015380117	0.0034881328
0.0015399610	0.0034900783
0.0015419103	0.0034920238
0.0015438596	0.0034939693
0.0015458090	0.0034959148
0.0015477583	0.0034978603
0.0015497076	0.0034998058
0.0015516569	0.0035017513
0.0015536062	0.0035036969
0.0015555556	0.0035056424
0.0015575049	0.0035075879
0.0015594542	0.0035095334
0.0015614035	0.0035114789
0.0015633528	0.0035134244
0.0015653021	0.0035153699
0.0015672515	0.0035173154
0.0015692008	0.0035192609
0.0015711501	0.0035212064
0.0015730994	0.0035231520
0.0015750487	0.0035250975
0.0015769981	0.0035270430
0.0015789474	0.0035289885
0.0015808967	0.0035309340
0.0015828460	0.0035328795
0.0015847953	0.0035348250
0.0015867446	0.0035367705
0.0015886940	0.0035387160
0.0015906433	0.0035406615
0.0015925926	0.0035426071
0.0015945419	0.0035445526
0.0015964912	0.0035464981
0.0015984405	0.0035484436
0.0016003899	0.0035503891
0.0016023392	0.0035523346
0.0016042885	0.0035542801
0.0016062378	0.0035562256
0.0016081871	0.0035581711
0.0016101365	0.0035601167
0.0016120858	0.0035620622
0.0016140351	0.0035640077
0.0016159844	0.0035659532
0.0016179337	0.0035678987
0.0016198830	0.0035698442
0.0016218324	0.0035717897
0.0016237817	0.0035737352
0.0016257310	0.0035756807
0.0016276803	0.0035776262
0.0016296296	0.0035795718
0.0016315789	0.0035815173
0.0016335283	0.0035834628
0.0016354776	0.0035854083
0.0016374269	0.0035873538
0.0016393762	0.0035892993
0.0016413255	0.0035912448
0.0016432749	0.0035931903
0.0016452242	0.0035951358
0.0016471735	0.0035970814
0.0016491228	0.0035990269
0.0016510721	0.0036009724
0.0016530214	0.0036029179
0.0016549708	0.0036048634
0.0016569201	0.0036068089
0.0016588694	0.0036087544
0.0016608187	0.0036106999
0.0016627680	0.0036126454
0.0016647173	0.0036145909
0.0016666667	0.0036165365
0.0016686160	0.0036184820
0.0016705653	0.0036204275
0.0016725146	0.0036223730
0.0016744639	0.0036243185
0.0016764133	0.0036262640
0.0016783626	0.0036282095
0.0016803119	0.0036301550
0.0016822612	0.0036321005
0.0016842105	0.0036340461
0.0016861598	0.0036359916
0.0016881092	0.0036379371
0.0016900585	0.0036398826
0.0016920078	0.0036418281
0.0016939571	0.0036437736
0.0016959064	0.0036457191
0.0016978558	0.0036476646
0.0016998051	0.0036496101
0.0017017544	0.0036515556
0.0017037037	0.0036535012
0.0017056530	0.0036554467
0.0017076023	0.0036573922
0.0017095517	0.0036593377
0.0017115010	0.0036612832
0.0017134503	0.0036632287
0.0017153996	0.0036651742
0.0017173489	0.0036671197
0.0017192982	0.0036690652
0.0017212476	0.0036710108
0.0017231969	0.0036729563
0.0017251462	0.0036749018
0.0017270955	0.0036768473
0.0017290448	0.0036787928
0.0017309942	0.0036807383
0.0017329435	0.0036826838
0.0017348928	0.0036846293
0.0017368421	0.0036865748
0.0017387914	0.0036885203
0.0017407407	0.0036904659
0.0017426901	0.0036924114
0.0017446394	0.0036943569
0.0017465887	0.0036963024
0.0017485380	0.0036982479
0.0017504873	0.0037001934
0.0017524366	0.0037021389
0.0017543860	0.0037040844
0.0017563353	0.0037060299
0.0017582846	0.0037079755
0.0017602339	0.0037099210
0.0017621832	0.0037118665
0.0017641326	0.0037138120
0.0017660819	0.0037157575
0.0017680312	0.0037177030
0.0017699805	0.0037196485
0.0017719298	0.0037215940
0.0017738791	0.0037235395
0.0017758285	0.0037254850
0.0017777778	0.0037274306
0.0017797271	0.0037293761
0.0017816764	0.0037313216
0.0017836257	0.0037332671
0.0017855750	0.0037352126
0.0017875244	0.0037371581
0.0017894737	0.0037391036
0.0017914230	0.0037410491
0.0017933723	0.0037429946
0.0017953216	0.0037449401
0.0017972710	0.0037468857
0.0017992203	0.0037488312
0.0018011696	0.0037507767
0.0018031189	0.0037527222
0.0018050682	0.0037546677
0.0018070175	0.0037566132
0.0018089669	0.0037585587
0.0018109162	0.0037605042
0.0018128655	0.0037624497
0.0018148148	0.0037643953
0.0018167641	0.0037663408
0.0018187135	0.0037682863
0.0018206628	0.0037702318
0.0018226121	0.0037721773
0.0018245614	0.0037741228
0.0018265107	0.0037760683
0.0018284600	0.0037780138
0.0018304094	0.0037799593
0.0018323587	0.0037819048
0.0018343080	0.0037838504
0.0018362573	0.0037857959
0.0018382066	0.0037877414
0.0018401559	0.0037896869
0.0018421053	0.0037916324
0.0018440546	0.0037935779
0.0018460039	0.0037955234
0.0018479532	0.0037974689
0.0018499025	0.0037994144
0.0018518519	0.0038013600
0.0018538012	0.0038033055
0.0018557505	0.0038052510
0.0018576998	0.0038071965
0.0018596491	0.0038091420
0.0018615984	0.0038110875
0.0018635478	0.0038130330
0.0018654971	0.0038149785
0.0018674464	0.0038169240
0.0018693957	0.0038188695
0.0018713450	0.0038208151
0.0018732943	0.0038227606
0.0018752437	0.0038247061
0.0018771930	0.0038266516
0.0018791423	0.0038285971
0.0018810916	0.0038305426
0.0018830409	0.0038324881
0.0018849903	0.0038344336
0.0018869396	0.0038363791
0.0018888889	0.0038383247
0.0018908382	0.0038402702
0.0018927875	0.0038422157
0.0018947368	0.0038441612
0.0018966862	0.0038461067
0.0018986355	0.0038480522
0.0019005848	0.0038499977
0.0019025341	0.0038519432
0.0019044834	0.0038538887
0.0019064327	0.0038558342
0.0019083821	0.0038577798
0.0019103314	0.0038597253
0.0019122807	0.0038616708
0.0019142300	0.0038636163
0.0019161793	0.0038655618
0.0019181287	0.0038675073
0.0019200780	0.0038694528
0.0019220273	0.0038713983
0.0019239766	0.0038733438
0.0019259259	0.0038752894
0.0019278752	0.0038772349
0.0019298246	0.0038791804
0.0019317739	0.0038811259
0.0019337232	0.0038830714
0.0019356725	0.0038850169
0.0019376218	0.0038869624
0.0019395712	0.0038889079
0.0019415205	0.0038908534
0.0019434698	0.0038927989
0.0019454191	0.0038947445
0.0019473684	0.0038966900
0.0019493177	0.0038986355
0.0019512671	0.0039005810
0.0019532164	0.0039025265
0.0019551657	0.0039044720
0.0019571150	0.0039064175
0.0019590643	0.0039083630
0.0019610136	0.0039103085
0.0019629630	0.0039122541
0.0019649123	0.0039141996
0.0019668616	0.0039161451
0.0019688109	0.0039180906
0.0019707602	0.0039200361
0.0019727096	0.0039219816
0.0019746589	0.0039239271
0.0019766082	0.0039258726
0.0019785575	0.0039278181
0.0019805068	0.0039297636
0.0019824561	0.0039317092
0.0019844055	0.0039336547
0.0019863548	0.0039356002
0.0019883041	0.0039375457
0.0019902534	0.0039394912
0.0019922027	0.0039414367
0.0019941520	0.0039433822
0.0019961014	0.0039453277
0.0019980507	0.0039472732
0.0020000000	0.0039492187
0.0020019493	0.0039511643
0.0020038986	0.0039531098
0.0020058480	0.0039550553
0.0020077973	0.0039570008
0.0020097466	0.0039589463
0.0020116959	0.0039608918
0.0020136452	0.0039628373
0.0020155945	0.0039647828
0.0020175439	0.0039667283
0.0020194932	0.0039686739
0.0020214425	0.0039706194
0.0020233918	0.0039725649
0.0020253411	0.0039745104
0.0020272904	0.0039764559
0.0020292398	0.0039784014
0.0020311891	0.0039803469
0.0020331384	0.0039822924
0.0020350877	0.0039842379
0.0020370370	0.0039861834
0.0020389864	0.0039881290
0.0020409357	0.0039900745
0.0020428850	0.0039920200
0.0020448343	0.0039939655
0.0020467836	0.0039959110
0.0020487329	0.0039978565
0.0020506823	0.0039998020
0.0020526316	0.0040017475
0.0020545809	0.0040036930
0.0020565302	0.0040056386
0.0020584795	0.0040075841
0.0020604288	0.0040095296
0.0020623782	0.0040114751
0.0020643275	0.0040134206
0.0020662768	0.0040153661
0.0020682261	0.0040173116
0.0020701754	0.0040192571
0.0020721248	0.0040212026
0.0020740741	0.0040231481
0.0020760234	0.0040250937
0.0020779727	0.0040270392
0.0020799220	0.0040289847
0.0020818713	0.0040309302
0.0020838207	0.0040328757
0.0020857700	0.0040348212
0.0020877193	0.0040367667
0.0020896686	0.0040387122
0.0020916179	0.0040406577
0.0020935673	0.0040426033
0.0020955166	0.0040445488
0.0020974659	0.0040464943
0.0020994152	0.0040484398
0.0021013645	0.0040503853
0.0021033138	0.0040523308
0.0021052632	0.0040542763
0.0021072125	0.0040562218
0.0021091618	0.0040581673
0.0021111111	0.0040601128
0.0021130604	0.0040620584
0.0021150097	0.0040640039
0.0021169591	0.0040659494
0.0021189084	0.0040678949
0.0021208577	0.0040698404
0.0021228070	0.0040717859
0.0021247563	0.0040737314
0.0021267057	0.0040756769
0.0021286550	0.0040776224
0.0021306043	0.0040795680
0.0021325536	0.0040815135
0.0021345029	0.0040834590
0.0021364522	0.0040854045
0.0021384016	0.0040873500
0.0021403509	0.0040892955
0.0021423002	0.0040912410
0.0021442495	0.0040931865
0.0021461988	0.0040951320
0.0021481481	0.0040970775
0.0021500975	0.0040990231
0.0021520468	0.0041009686
0.0021539961	0.0041029141
0.0021559454	0.0041048596
0.0021578947	0.0041068051
0.0021598441	0.0041087506
0.0021617934	0.0041106961
0.0021637427	0.0041126416
0.0021656920	0.0041145871
0.0021676413	0.0041165327
0.0021695906	0.0041184782
0.0021715400	0.0041204237
0.0021734893	0.0041223692
0.0021754386	0.0041243147
0.0021773879	0.0041262602
0.0021793372	0.0041282057
0.0021812865	0.0041301512
0.0021832359	0.0041320967
0.0021851852	0.0041340422
0.0021871345	0.0041359878
0.0021890838	0.0041379333
0.0021910331	0.0041398788
0.0021929825	0.0041418243
0.0021949318	0.0041437698
0.0021968811	0.0041457153
0.0021988304	0.0041476608
0.0022007797	0.0041496063
0.0022027290	0.0041515518
0.0022046784	0.0041534974
0.0022066277	0.0041554429
0.0022085770	0.0041573884
0.0022105263	0.0041593339
0.0022124756	0.0041612794
0.0022144250	0.0041632249
0.0022163743	0.0041651704
0.0022183236	0.0041671159
0.0022202729	0.0041690614
0.0022222222	0.0041710069
0.0022241715	0.0041729525
0.0022261209	0.0041748980
0.0022280702	0.0041768435
0.0022300195	0.0041787890
0.0022319688	0.0041807345
0.0022339181	0.0041826800
0.0022358674	0.0041846255
0.0022378168	0.0041865710
0.0022397661	0.0041885165
0.0022417154	0.0041904620
0.0022436647	0.0041924076
0.0022456140	0.0041943531
0.0022475634	0.0041962986
0.0022495127	0.0041982441
0.0022514620	0.0042001896
0.0022534113	0.0042021351
0.0022553606	0.0042040806
0.0022573099	0.0042060261
0.0022592593	0.0042079716
0.0022612086	0.0042099172
0.0022631579	0.0042118627
0.0022651072	0.0042138082
0.0022670565	0.0042157537
0.0022690058	0.0042176992
0.0022709552	0.0042196447
0.0022729045	0.0042215902
0.0022748538	0.0042235357
0.0022768031	0.0042254812
0.0022787524	0.0042274267
0.0022807018	0.0042293723
0.0022826511	0.0042313178
0.0022846004	0.0042332633
0.0022865497	0.0042352088
0.0022884990	0.0042371543
0.0022904483	0.0042390998
0.0022923977	0.0042410453
0.0022943470	0.0042429908
0.0022962963	0.0042449363
0.0022982456	0.0042468819
0.0023001949	0.0042488274
0.0023021442	0.0042507729
0.0023040936	0.0042527184
0.0023060429	0.0042546639
0.0023079922	0.0042566094
0.0023099415	0.0042585549
0.0023118908	0.0042605004
0.0023138402	0.0042624459
0.0023157895	0.0042643914
0.0023177388	0.0042663370
0.0023196881	0.0042682825
0.0023216374	0.0042702280
0.0023235867	0.0042721735
0.0023255361	0.0042741190
0.0023274854	0.0042760645
0.0023294347	0.0042780100
0.0023313840	0.0042799555
0.0023333333	0.0042819010
0.0023352827	0.0042838466
0.0023372320	0.0042857921
0.0023391813	0.0042877376
0.0023411306	0.0042896831
0.0023430799	0.0042916286
0.0023450292	0.0042935741
0.0023469786	0.0042955196
0.0023489279	0.0042974651
0.0023508772	0.0042994106
0.0023528265	0.0043013561
0.0023547758	0.0043033017
0.0023567251	0.0043052472
0.0023586745	0.0043071927
0.0023606238	0.0043091382
0.0023625731	0.0043110837
0.0023645224	0.0043130292
0.0023664717	0.0043149747
0.0023684211	0.0043169202
0.0023703704	0.0043188657
0.0023723197	0.0043208113
0.0023742690	0.0043227568
0.0023762183	0.0043247023
0.0023781676	0.0043266478
0.0023801170	0.0043285933
0.0023820663	0.0043305388
0.0023840156	0.0043324843
0.0023859649	0.0043344298
0.0023879142	0.0043363753
0.0023898635	0.0043383208
0.0023918129	0.0043402664
0.0023937622	0.0043422119
0.0023957115	0.0043441574
0.0023976608	0.0043461029
0.0023996101	0.0043480484
0.0024015595	0.0043499939
0.0024035088	0.0043519394
0.0024054581	0.0043538849
0.0024074074	0.0043558304
0.0024093567	0.0043577760
0.0024113060	0.0043597215
0.0024132554	0.0043616670
0.0024152047	0.0043636125
0.0024171540	0.0043655580
0.0024191033	0.0043675035
0.0024210526	0.0043694490
0.0024230019	0.0043713945
0.0024249513	0.0043733400
0.0024269006	0.0043752855
0.0024288499	0.0043772311
0.0024307992	0.0043791766
0.0024327485	0.0043811221
0.0024346979	0.0043830676
0.0024366472	0.0043850131
0.0024385965	0.0043869586
0.0024405458	0.0043889041
0.0024424951	0.0043908496
0.0024444444	0.0043927951
0.0024463938	0.0043947406
0.0024483431	0.0043966862
0.0024502924	0.0043986317
0.0024522417	0.0044005772
0.0024541910	0.0044025227
0.0024561404	0.0044044682
0.0024580897	0.0044064137
0.0024600390	0.0044083592
0.0024619883	0.0044103047
0.0024639376	0.0044122502
0.0024658869	0.0044141958
0.0024678363	0.0044161413
0.0024697856	0.0044180868
0.0024717349	0.0044200323
0.0024736842	0.0044219778
0.0024756335	0.0044239233
0.0024775828	0.0044258688
0.0024795322	0.0044278143
0.0024814815	0.0044297598
0.0024834308	0.0044317053
0.0024853801	0.0044336509
0.0024873294	0.0044355964
0.0024892788	0.0044375419
0.0024912281	0.0044394874
0.0024931774	0.0044414329
0.0024951267	0.0044433784
0.0024970760	0.0044453239
0.0024990253	0.0044472694
0.0025009747	0.0044492149
0.0025029240	0.0044511605
0.0025048733	0.0044531060
0.0025068226	0.0044550515
0.0025087719	0.0044569970
0.0025107212	0.0044589425
0.0025126706	0.0044608880
0.0025146199	0.0044628335
0.0025165692	0.0044647790
0.0025185185	0.0044667245
0.0025204678	0.0044686700
0.0025224172	0.0044706156
0.0025243665	0.0044725611
0.0025263158	0.0044745066
0.0025282651	0.0044764521
0.0025302144	0.0044783976
0.0025321637	0.0044803431
0.0025341131	0.0044822886
0.0025360624	0.0044842341
0.0025380117	0.0044861796
0.0025399610	0.0044881252
0.0025419103	0.0044900707
0.0025438596	0.0044920162
0.0025458090	0.0044939617
0.0025477583	0.0044959072
0.0025497076	0.0044978527
0.0025516569	0.0044997982
0.0025536062	0.0045017437
0.0025555556	0.0045036892
0.0025575049	0.0045056347
0.0025594542	0.0045075803
0.0025614035	0.0045095258
0.0025633528	0.0045114713
0.0025653021	0.0045134168
0.0025672515	0.0045153623
0.0025692008	0.0045173078
0.0025711501	0.0045192533
0.0025730994	0.0045211988
0.0025750487	0.0045231443
0.0025769981	0.0045250899
0.0025789474	0.0045270354
0.0025808967	0.0045289809
0.0025828460	0.0045309264
0.0025847953	0.0045328719
0.0025867446	0.0045348174
0.0025886940	0.0045367629
0.0025906433	0.0045387084
0.0025925926	0.0045406539
0.0025945419	0.0045425994
0.0025964912	0.0045445450
0.0025984405	0.0045464905
0.0026003899	0.0045484360
0.0026023392	0.0045503815
0.0026042885	0.0045523270
0.0026062378	0.0045542725
0.0026081871	0.0045562180
0.0026101365	0.0045581635
0.0026120858	0.0045601090
0.0026140351	0.0045620546
0.0026159844	0.0045640001
0.0026179337	0.0045659456
0.0026198830	0.0045678911
0.0026218324	0.0045698366
0.0026237817	0.0045717821
0.0026257310	0.0045737276
0.0026276803	0.0045756731
0.0026296296	0.0045776186
0.0026315789	0.0045795641
0.0026335283	0.0045815097
0.0026354776	0.0045834552
0.0026374269	0.0045854007
0.0026393762	0.0045873462
0.0026413255	0.0045892917
0.0026432749	0.0045912372
0.0026452242	0.0045931827
0.0026471735	0.0045951282
0.0026491228	0.0045970737
0.0026510721	0.0045990192
0.0026530214	0.0046009648
0.0026549708	0.0046029103
0.0026569201	0.0046048558
0.0026588694	0.0046068013
0.0026608187	0.0046087468
0.0026627680	0.0046106923
0.0026647173	0.0046126378
0.0026666667	0.0046145833
0.0026686160	0.0046165288
0.0026705653	0.0046184744
0.0026725146	0.0046204199
0.0026744639	0.0046223654
0.0026764133	0.0046243109
0.0026783626	0.0046262564
0.0026803119	0.0046282019
0.0026822612	0.0046301474
0.0026842105	0.0046320929
0.0026861598	0.0046340384
0.0026881092	0.0046359839
0.0026900585	0.0046379295
0.0026920078	0.0046398750
0.0026939571	0.0046418205
0.0026959064	0.0046437660
0.0026978558	0.0046457115
0.0026998051	0.0046476570
0.0027017544	0.0046496025
0.0027037037	0.0046515480
0.0027056530	0.0046534935
0.0027076023	0.0046554391
0.0027095517	0.0046573846
0.0027115010	0.0046593301
0.0027134503	0.0046612756
0.0027153996	0.0046632211
0.0027173489	0.0046651666
0.0027192982	0.0046671121
0.0027212476	0.0046690576
0.0027231969	0.0046710031
0.0027251462	0.0046729486
0.0027270955	0.0046748942
0.0027290448	0.0046768397
0.0027309942	0.0046787852
0.0027329435	0.0046807307
0.0027348928	0.0046826762
0.0027368421	0.0046846217
0.0027387914	0.0046865672
0.0027407407	0.0046885127
0.0027426901	0.0046904582
0.0027446394	0.0046924038
0.0027465887	0.0046943493
0.0027485380	0.0046962948
0.0027504873	0.0046982403
0.0027524366	0.0047001858
0.0027543860	0.0047021313
0.0027563353	0.0047040768
0.0027582846	0.0047060223
0.0027602339	0.0047079678
0.0027621832	0.0047099133
0.0027641326	0.0047118589
0.0027660819	0.0047138044
0.0027680312	0.0047157499
0.0027699805	0.0047176954
0.0027719298	0.0047196409
0.0027738791	0.0047215864
0.0027758285	0.0047235319
0.0027777778	0.0047254774
0.0027797271	0.0047274229
0.0027816764	0.0047293685
0.0027836257	0.0047313140
0.0027855750	0.0047332595
0.0027875244	0.0047352050
0.0027894737	0.0047371505
0.0027914230	0.0047390960
0.0027933723	0.0047410415
0.0027953216	0.0047429870
0.0027972710	0.0047449325
0.0027992203	0.0047468780
0.0028011696	0.0047488236
0.0028031189	0.0047507691
0.0028050682	0.0047527146
0.0028070175	0.0047546601
0.0028089669	0.0047566056
0.0028109162	0.0047585511
0.0028128655	0.0047604966
0.0028148148	0.0047624421
0.0028167641	0.0047643876
0.0028187135	0.0047663332
0.0028206628	0.0047682787
0.0028226121	0.0047702242
0.0028245614	0.0047721697
0.0028265107	0.0047741152
0.0028284600	0.0047760607
0.0028304094	0.0047780062
0.0028323587	0.0047799517
0.0028343080	0.0047818972
0.0028362573	0.0047838427
0.0028382066	0.0047857883
0.0028401559	0.0047877338
0.0028421053	0.0047896793
0.0028440546	0.0047916248
0.0028460039	0.0047935703
0.0028479532	0.0047955158
0.0028499025	0.0047974613
0.0028518519	0.0047994068
0.0028538012	0.0048013523
0.0028557505	0.0048032978
0.0028576998	0.0048052434
0.0028596491	0.0048071889
0.0028615984	0.0048091344
0.0028635478	0.0048110799
0.0028654971	0.0048130254
0.0028674464	0.0048149709
0.0028693957	0.0048169164
0.0028713450	0.0048188619
0.0028732943	0.0048208074
0.0028752437	0.0048227530
0.0028771930	0.0048246985
0.0028791423	0.0048266440
0.0028810916	0.0048285895
0.0028830409	0.0048305350
0.0028849903	0.0048324805
0.0028869396	0.0048344260
0.0028888889	0.0048363715
0.0028908382	0.0048383170
0.0028927875	0.0048402625
0.0028947368	0.0048422081
0.0028966862	0.0048441536
0.0028986355	0.0048460991
0.0029005848	0.0048480446
0.0029025341	0.0048499901
0.0029044834	0.0048519356
0.0029064327	0.0048538811
0.0029083821	0.0048558266
0.0029103314	0.0048577721
0.0029122807	0.0048597177
0.0029142300	0.0048616632
0.0029161793	0.0048636087
0.0029181287	0.0048655542
0.0029200780	0.0048674997
0.0029220273	0.0048694452
0.0029239766	0.0048713907
0.0029259259	0.0048733362
0.0029278752	0.0048752817
0.0029298246	0.0048772272
0.0029317739	0.0048791728
0.0029337232	0.0048811183
0.0029356725	0.0048830638
0.0029376218	0.0048850093
0.0029395712	0.0048869548
0.0029415205	0.0048889003
0.0029434698	0.0048908458
0.0029454191	0.0048927913
0.0029473684	0.0048947368
0.0029493177	0.0048966824
0.0029512671	0.0048986279
0.0029532164	0.0049005734
0.0029551657	0.0049025189
0.0029571150	0.0049044644
0.0029590643	0.0049064099
0.0029610136	0.0049083554
0.0029629630	0.0049103009
0.0029649123	0.0049122464
0.0029668616	0.0049141919
0.0029688109	0.0049161375
0.0029707602	0.0049180830
0.0029727096	0.0049200285
0.0029746589	0.0049219740
0.0029766082	0.0049239195
0.0029785575	0.0049258650
0.0029805068	0.0049278105
0.0029824561	0.0049297560
0.0029844055	0.0049317015
0.0029863548	0.0049336471
0.0029883041	0.0049355926
0.0029902534	0.0049375381
0.0029922027	0.0049394836
0.0029941520	0.0049414291
0.0029961014	0.0049433746
0.0029980507	0.0049453201
0.0030000000	0.0049472656
0.0030019493	0.0049492111
0.0030038986	0.0049511566
0.0030058480	0.0049531022
0.0030077973	0.0049550477
0.0030097466	0.0049569932
0.0030116959	0.0049589387
0.0030136452	0.0049608842
0.0030155945	0.0049628297
0.0030175439	0.0049647752
0.0030194932	0.0049667207
0.0030214425	0.0049686662
0.0030233918	0.0049706118
0.0030253411	0.0049725573
0.0030272904	0.0049745028
0.0030292398	0.0049764483
0.0030311891	0.0049783938
0.0030331384	0.0049803393
0.0030350877	0.0049822848
0.0030370370	0.0049842303
0.0030389864	0.0049861758
0.0030409357	0.0049881213
0.0030428850	0.0049900669
0.0030448343	0.0049920124
0.0030467836	0.0049939579
0.0030487329	0.0049959034
0.0030506823	0.0049978489
0.0030526316	0.0049997944
0.0030545809	0.0050017399
0.0030565302	0.0050036854
0.0030584795	0.0050056309
0.0030604288	0.0050075764
0.0030623782	0.0050095220
0.0030643275	0.0050114675
0.0030662768	0.0050134130
0.0030682261	0.0050153585
0.0030701754	0.0050173040
0.0030721248	0.0050192495
0.0030740741	0.0050211950
0.0030760234	0.0050231405
0.0030779727	0.0050250860
0.0030799220	0.0050270316
0.0030818713	0.0050289771
0.0030838207	0.0050309226
0.0030857700	0.0050328681
0.0030877193	0.0050348136
0.0030896686	0.0050367591
0.0030916179	0.0050387046
0.0030935673	0.0050406501
0.0030955166	0.0050425956
0.0030974659	0.0050445411
0.0030994152	0.0050464867
0.0031013645	0.0050484322
0.0031033138	0.0050503777
0.0031052632	0.0050523232
0.0031072125	0.0050542687
0.0031091618	0.0050562142
0.0031111111	0.0050581597
0.0031130604	0.0050601052
0.0031150097	0.0050620507
0.0031169591	0.0050639963
0.0031189084	0.0050659418
0.0031208577	0.0050678873
0.0031228070	0.0050698328
0.0031247563	0.0050717783
0.0031267057	0.0050737238
0.0031286550	0.0050756693
0.0031306043	0.0050776148
0.0031325536	0.0050795603
0.0031345029	0.0050815058
0.0031364522	0.0050834514
0.0031384016	0.0050853969
0.0031403509	0.0050873424
0.0031423002	0.0050892879
0.0031442495	0.0050912334
0.0031461988	0.0050931789
0.0031481481	0.0050951244
0.0031500975	0.0050970699
0.0031520468	0.0050990154
0.0031539961	0.0051009610
0.0031559454	0.0051029065
0.0031578947	0.0051048520
0.0031598441	0.0051067975
0.0031617934	0.0051087430
0.0031637427	0.0051106885
0.0031656920	0.0051126340
0.0031676413	0.0051145795
0.0031695906	0.0051165250
0.0031715400	0.0051184705
0.0031734893	0.0051204161
0.0031754386	0.0051223616
0.0031773879	0.0051243071
0.0031793372	0.0051262526
0.0031812865	0.0051281981
0.0031832359	0.0051301436
0.0031851852	0.0051320891
0.0031871345	0.0051340346
0.0031890838	0.0051359801
0.0031910331	0.0051379257
0.0031929825	0.0051398712
0.0031949318	0.0051418167
0.0031968811	0.0051437622
0.0031988304	0.0051457077
0.0032007797	0.0051476532
0.0032027290	0.0051495987
0.0032046784	0.0051515442
0.0032066277	0.0051534897
0.0032085770	0.0051554352
0.0032105263	0.0051573808
0.0032124756	0.0051593263
0.0032144250	0.0051612718
0.0032163743	0.0051632173
0.0032183236	0.0051651628
0.0032202729	0.0051671083
0.0032222222	0.0051690538
0.0032241715	0.0051709993
0.0032261209	0.0051729448
0.0032280702	0.0051748904
0.0032300195	0.0051768359
0.0032319688	0.0051787814
0.0032339181	0.0051807269
0.0032358674	0.0051826724
0.0032378168	0.0051846179
0.0032397661	0.0051865634
0.0032417154	0.0051885089
0.0032436647	0.0051904544
0.0032456140	0.0051923999
0.0032475634	0.0051943455
0.0032495127	0.0051962910
0.0032514620	0.0051982365
0.0032534113	0.0052001820
0.0032553606	0.0052021275
0.0032573099	0.0052040730
0.0032592593	0.0052060185
0.0032612086	0.0052079640
0.0032631579	0.0052099095
0.0032651072	0.0052118550
0.0032670565	0.0052138006
0.0032690058	0.0052157461
0.0032709552	0.0052176916
0.0032729045	0.0052196371
0.0032748538	0.0052215826
0.0032768031	0.0052235281
0.0032787524	0.0052254736
0.0032807018	0.0052274191
0.0032826511	0.0052293646
0.0032846004	0.0052313102
0.0032865497	0.0052332557
0.0032884990	0.0052352012
0.0032904483	0.0052371467
0.0032923977	0.0052390922
0.0032943470	0.0052410377
0.0032962963	0.0052429832
0.0032982456	0.0052449287
0.0033001949	0.0052468742
0.0033021442	0.0052488197
0.0033040936	0.0052507653
0.0033060429	0.0052527108
0.0033079922	0.0052546563
0.0033099415	0.0052566018
0.0033118908	0.0052585473
0.0033138402	0.0052604928
0.0033157895	0.0052624383
0.0033177388	0.0052643838
0.0033196881	0.0052663293
0.0033216374	0.0052682749
0.0033235867	0.0052702204
0.0033255361	0.0052721659
0.0033274854	0.0052741114
0.0033294347	0.0052760569
0.0033313840	0.0052780024
0.0033333333	0.0052799479
0.0033352827	0.0052818934
0.0033372320	0.0052838389
0.0033391813	0.0052857844
0.0033411306	0.0052877300
0.0033430799	0.0052896755
0.0033450292	0.0052916210
0.0033469786	0.0052935665
0.0033489279	0.0052955120
0.0033508772	0.0052974575
0.0033528265	0.0052994030
0.0033547758	0.0053013485
0.0033567251	0.0053032940
0.0033586745	0.0053052396
0.0033606238	0.0053071851
0.0033625731	0.0053091306
0.0033645224	0.0053110761
0.0033664717	0.0053130216
0.0033684211	0.0053149671
0.0033703704	0.0053169126
0.0033723197	0.0053188581
0.0033742690	0.0053208036
0.0033762183	0.0053227491
0.0033781676	0.0053246947
0.0033801170	0.0053266402
0.0033820663	0.0053285857
0.0033840156	0.0053305312
0.0033859649	0.0053324767
0.0033879142	0.0053344222
0.0033898635	0.0053363677
0.0033918129	0.0053383132
0.0033937622	0.0053402587
0.0033957115	0.0053422043
0.0033976608	0.0053441498
0.0033996101	0.0053460953
0.0034015595	0.0053480408
0.0034035088	0.0053499863
0.0034054581	0.0053519318
0.0034074074	0.0053538773
0.0034093567	0.0053558228
0.0034113060	0.0053577683
0.0034132554	0.0053597138
0.0034152047	0.0053616594
0.0034171540	0.0053636049
0.0034191033	0.0053655504
0.0034210526	0.0053674959
0.0034230019	0.0053694414
0.0034249513	0.0053713869
0.0034269006	0.0053733324
0.0034288499	0.0053752779
0.0034307992	0.0053772234
0.0034327485	0.0053791690
0.0034346979	0.0053811145
0.0034366472	0.0053830600
0.0034385965	0.0053850055
0.0034405458	0.0053869510
0.0034424951	0.0053888965
0.0034444444	0.0053908420
0.0034463938	0.0053927875
0.0034483431	0.0053947330
0.0034502924	0.0053966785
0.0034522417	0.0053986241
0.0034541910	0.0054005696
0.0034561404	0.0054025151
0.0034580897	0.0054044606
0.0034600390	0.0054064061
0.0034619883	0.0054083516
0.0034639376	0.0054102971
0.0034658869	0.0054122426
0.0034678363	0.0054141881
0.0034697856	0.0054161337
0.0034717349	0.0054180792
0.0034736842	0.0054200247
0.0034756335	0.0054219702
0.0034775828	0.0054239157
0.0034795322	0.0054258612
0.0034814815	0.0054278067
0.0034834308	0.0054297522
0.0034853801	0.0054316977
0.0034873294	0.0054336432
0.0034892788	0.0054355888
0.0034912281	0.0054375343
0.0034931774	0.0054394798
0.0034951267	0.0054414253
0.0034970760	0.0054433708
0.0034990253	0.0054453163
0.0035009747	0.0054472618
0.0035029240	0.0054492073
0.0035048733	0.0054511528
0.0035068226	0.0054530983
0.0035087719	0.0054550439
0.0035107212	0.0054569894
0.0035126706	0.0054589349
0.0035146199	0.0054608804
0.0035165692	0.0054628259
0.0035185185	0.0054647714
0.0035204678	0.0054667169
0.0035224172	0.0054686624
0.0035243665	0.0054706079
0.0035263158	0.0054725535
0.0035282651	0.0054744990
0.0035302144	0.0054764445
0.0035321637	0.0054783900
0.0035341131	0.0054803355
0.0035360624	0.0054822810
0.0035380117	0.0054842265
0.0035399610	0.0054861720
0.0035419103	0.0054881175
0.0035438596	0.0054900630
0.0035458090	0.0054920086
0.0035477583	0.0054939541
0.0035497076	0.0054958996
0.0035516569	0.0054978451
0.0035536062	0.0054997906
0.0035555556	0.0055017361
0.0035575049	0.0055036816
0.0035594542	0.0055056271
0.0035614035	0.0055075726
0.0035633528	0.0055095182
0.0035653021	0.0055114637
0.0035672515	0.0055134092
0.0035692008	0.0055153547
0.0035711501	0.0055173002
0.0035730994	0.0055192457
0.0035750487	0.0055211912
0.0035769981	0.0055231367
0.0035789474	0.0055250822
0.0035808967	0.0055270277
0.0035828460	0.0055289733
0.0035847953	0.0055309188
0.0035867446	0.0055328643
0.0035886940	0.0055348098
0.0035906433	0.0055367553
0.0035925926	0.0055387008
0.0035945419	0.0055406463
0.0035964912	0.0055425918
0.0035984405	0.0055445373
0.0036003899	0.0055464829
0.0036023392	0.0055484284
0.0036042885	0.0055503739
0.0036062378	0.0055523194
0.0036081871	0.0055542649
0.0036101365	0.0055562104
0.0036120858	0.0055581559
0.0036140351	0.0055601014
0.0036159844	0.0055620469
0.0036179337	0.0055639924
0.0036198830	0.0055659380
0.0036218324	0.0055678835
0.0036237817	0.0055698290
0.0036257310	0.0055717745
0.0036276803	0.0055737200
0.0036296296	0.0055756655
0.0036315789	0.0055776110
0.0036335283	0.0055795565
0.0036354776	0.0055815020
0.0036374269	0.0055834476
0.0036393762	0.0055853931
0.0036413255	0.0055873386
0.0036432749	0.0055892841
0.0036452242	0.0055912296
0.0036471735	0.0055931751
0.0036491228	0.0055951206
0.0036510721	0.0055970661
0.0036530214	0.0055990116
0.0036549708	0.0056009571
0.0036569201	0.0056029027
0.0036588694	0.0056048482
0.0036608187	0.0056067937
0.0036627680	0.0056087392
0.0036647173	0.0056106847
0.0036666667	0.0056126302
0.0036686160	0.0056145757
0.0036705653	0.0056165212
0.0036725146	0.0056184667
0.0036744639	0.0056204123
0.0036764133	0.0056223578
0.0036783626	0.0056243033
0.0036803119	0.0056262488
0.0036822612	0.0056281943
0.0036842105	0.0056301398
0.0036861598	0.0056320853
0.0036881092	0.0056340308
0.0036900585	0.0056359763
0.0036920078	0.0056379218
0.0036939571	0.0056398674
0.0036959064	0.0056418129
0.0036978558	0.0056437584
0.0036998051	0.0056457039
0.0037017544	0.0056476494
0.0037037037	0.0056495949
0.0037056530	0.0056515404
0.0037076023	0.0056534859
0.0037095517	0.0056554314
0.0037115010	0.0056573769
0.0037134503	0.0056593225
0.0037153996	0.0056612680
0.0037173489	0.0056632135
0.0037192982	0.0056651590
0.0037212476	0.0056671045
0.0037231969	0.0056690500
0.0037251462	0.0056709955
0.0037270955	0.0056729410
0.0037290448	0.0056748865
0.0037309942	0.0056768321
0.0037329435	0.0056787776
0.0037348928	0.0056807231
0.0037368421	0.0056826686
0.0037387914	0.0056846141
0.0037407407	0.0056865596
0.0037426901	0.0056885051
0.0037446394	0.0056904506
0.0037465887	0.0056923961
0.0037485380	0.0056943416
0.0037504873	0.0056962872
0.0037524366	0.0056982327
0.0037543860	0.0057001782
0.0037563353	0.0057021237
0.0037582846	0.0057040692
0.0037602339	0.0057060147
0.0037621832	0.0057079602
0.0037641326	0.0057099057
0.0037660819	0.0057118512
0.0037680312	0.0057137968
0.0037699805	0.0057157423
0.0037719298	0.0057176878
0.0037738791	0.0057196333
0.0037758285	0.0057215788
0.0037777778	0.0057235243
0.0037797271	0.0057254698
0.0037816764	0.0057274153
0.0037836257	0.0057293608
0.0037855750	0.0057313063
0.0037875244	0.0057332519
0.0037894737	0.0057351974
0.0037914230	0.0057371429
0.0037933723	0.0057390884
0.0037953216	0.0057410339
0.0037972710	0.0057429794
0.0037992203	0.0057449249
0.0038011696	0.0057468704
0.0038031189	0.0057488159
0.0038050682	0.0057507615
0.0038070175	0.0057527070
0.0038089669	0.0057546525
0.0038109162	0.0057565980
0.0038128655	0.0057585435
0.0038148148	0.0057604890
0.0038167641	0.0057624345
0.0038187135	0.0057643800
0.0038206628	0.0057663255
0.0038226121	0.0057682710
0.0038245614	0.0057702166
0.0038265107	0.0057721621
0.0038284600	0.0057741076
0.0038304094	0.0057760531
0.0038323587	0.0057779986
0.0038343080	0.0057799441
0.0038362573	0.0057818896
0.0038382066	0.0057838351
0.0038401559	0.0057857806
0.0038421053	0.0057877262
0.0038440546	0.0057896717
0.0038460039	0.0057916172
0.0038479532	0.0057935627
0.0038499025	0.0057955082
0.0038518519	0.0057974537
0.0038538012	0.0057993992
0.0038557505	0.0058013447
0.0038576998	0.0058032902
0.0038596491	0.0058052357
0.0038615984	0.0058071813
0.0038635478	0.0058091268
0.0038654971	0.0058110723
0.0038674464	0.0058130178
0.0038693957	0.0058149633
0.0038713450	0.0058169088
0.0038732943	0.0058188543
0.0038752437	0.0058207998
0.0038771930	0.0058227453
0.0038791423	0.0058246909
0.0038810916	0.0058266364
0.0038830409	0.0058285819
0.0038849903	0.0058305274
0.0038869396	0.0058324729
0.0038888889	0.0058344184
0.0038908382	0.0058363639
0.0038927875	0.0058383094
0.0038947368	0.0058402549
0.0038966862	0.0058422004
