0.0001787371	0.0021315130	0.0001029164
-0.0001787371	0.0019527759	-0.0001073594
0.0001787371	0.0021315130	0.0001029164
0.0003242624	0.0022767540	0.0001867094
-0.0003242624	0.0019524917	-0.0001947698
0.0003242624	0.0022767540	0.0001867094
0.0034567564	0.0054031299	0.0019903908
-0.0034567564	0.0019463735	-0.0020763182
0.0034567564	0.0054031299	0.0019903908
0.0015195826	0.0034697397	0.0008749715
-0.0015195826	0.0019501571	-0.0009127450
0.0015195826	0.0034697397	0.0008749715
0.0007848489	0.0027364410	0.0004519138
-0.0007848489	0.0019515921	-0.0004714234
0.0007848489	0.0027364410	0.0004519138
0.0019812439	0.0039304993	0.0011407948
-0.0019812439	0.0019492554	-0.0011900442
0.0019812439	0.0039304993	0.0011407948
0.0014853004	0.0034355244	0.0008552319
-0.0014853004	0.0019502240	-0.0008921532
0.0014853004	0.0034355244	0.0008552319
0.0002779915	0.0022305735	0.0001600667
-0.0002779915	0.0019525820	-0.0001669770
0.0002779915	0.0022305735	0.0001600667
0.0030984384	0.0050455118	0.0017840723
-0.0030984384	0.0019470734	-0.0018610927
0.0030984384	0.0050455118	0.0017840723
0.0028515935	0.0047991490	0.0016419397
-0.0028515935	0.0019475555	-0.0017128241
0.0028515935	0.0047991490	0.0016419397
0.0058353240	0.0077770519	0.0033599635
-0.0058353240	0.0019417279	-0.0035050169
0.0058353240	0.0077770519	0.0033599635
0.0012135419	0.0031642967	0.0006987541
-0.0012135419	0.0019507548	-0.0007289201
0.0012135419	0.0031642967	0.0006987541
0.0016810543	0.0036308960	0.0009679464
-0.0016810543	0.0019498417	-0.0010097338
0.0016810543	0.0036308960	0.0009679464
0.0057649251	0.0077067905	0.0033194280
-0.0057649251	0.0019418654	-0.0034627315
0.0057649251	0.0077067905	0.0033194280
0.0051870793	0.0071300733	0.0029867059
-0.0051870793	0.0019429940	-0.0031156454
0.0051870793	0.0071300733	0.0029867059
0.0001601517	0.0021129639	0.0000922149
-0.0001601517	0.0019528122	-0.0000961959
0.0001601517	0.0021129639	0.0000922149
0.0008379473	0.0027894357	0.0004824877
-0.0008379473	0.0019514884	-0.0005033173
0.0008379473	0.0027894357	0.0004824877
0.0048133128	0.0067570368	0.0027714922
-0.0048133128	0.0019437240	-0.0028911407
0.0048133128	0.0067570368	0.0027714922
0.0038539019	0.0057994998	0.0022190661
-0.0038539019	0.0019455978	-0.0023148657
0.0038539019	0.0057994998	0.0022190661
0.0034960773	0.0054423741	0.0020130317
-0.0034960773	0.0019462967	-0.0020999366
0.0034960773	0.0054423741	0.0020130317
0.0021576168	0.0041065277	0.0012423498
-0.0021576168	0.0019489109	-0.0012959835
0.0021576168	0.0041065277	0.0012423498
0.0055932181	0.0075354189	0.0032205596
-0.0055932181	0.0019422007	-0.0033595948
0.0055932181	0.0075354189	0.0032205596
0.0005255476	0.0024776461	0.0003026088
-0.0005255476	0.0019520985	-0.0003156728
0.0005255476	0.0024776461	0.0003026088
0.0024755071	0.0044237972	0.0014253902
-0.0024755071	0.0019482900	-0.0014869259
0.0024755071	0.0044237972	0.0014253902
0.0055271445	0.0074694743	0.0031825146
-0.0055271445	0.0019423298	-0.0033199073
0.0055271445	0.0074694743	0.0031825146
0.0035205709	0.0054668198	0.0020271350
-0.0035205709	0.0019462489	-0.0021146487
0.0035205709	0.0054668198	0.0020271350
0.0051427955	0.0070858760	0.0029612075
-0.0051427955	0.0019430805	-0.0030890461
0.0051427955	0.0070858760	0.0029612075
0.0054934884	0.0074358839	0.0031631355
-0.0054934884	0.0019423955	-0.0032996916
0.0054934884	0.0074358839	0.0031631355
0.0005016442	0.0024537894	0.0002888454
-0.0005016442	0.0019521452	-0.0003013151
0.0005016442	0.0024537894	0.0002888454
0.0023055446	0.0042541666	0.0013275262
-0.0023055446	0.0019486220	-0.0013848370
0.0023055446	0.0042541666	0.0013275262
0.0020490014	0.0039981245	0.0011798094
-0.0020490014	0.0019491230	-0.0012307431
0.0020490014	0.0039981245	0.0011798094
0.0013617893	0.0033122546	0.0007841145
-0.0013617893	0.0019504653	-0.0008179657
0.0013617893	0.0033122546	0.0007841145
0.0007634070	0.0027150410	0.0004395676
-0.0007634070	0.0019516340	-0.0004585443
0.0007634070	0.0027150410	0.0004395676
0.0021568487	0.0041057611	0.0012419076
-0.0021568487	0.0019489124	-0.0012955221
0.0021568487	0.0041057611	0.0012419076
0.0043576978	0.0063023117	0.0025091504
-0.0043576978	0.0019446139	-0.0026174733
0.0043576978	0.0063023117	0.0025091504
0.0047313267	0.0066752108	0.0027242849
-0.0047313267	0.0019438841	-0.0028418953
0.0047313267	0.0066752108	0.0027242849
0.0048123183	0.0067560442	0.0027709196
-0.0048123183	0.0019437259	-0.0028905433
0.0048123183	0.0067560442	0.0027709196
0.0047597260	0.0067035547	0.0027406371
-0.0047597260	0.0019438287	-0.0028589535
0.0047597260	0.0067035547	0.0027406371
0.0040823079	0.0060274597	0.0023505816
-0.0040823079	0.0019451517	-0.0024520589
0.0040823079	0.0060274597	0.0023505816
0.0019091291	0.0038585253	0.0010992712
-0.0019091291	0.0019493962	-0.0011467280
0.0019091291	0.0038585253	0.0010992712
0.0004427391	0.0023949994	0.0002549279
-0.0004427391	0.0019522603	-0.0002659335
0.0004427391	0.0023949994	0.0002549279
0.0036582748	0.0056042547	0.0021064245
-0.0036582748	0.0019459799	-0.0021973613
0.0036582748	0.0056042547	0.0021064245
0.0047844308	0.0067282112	0.0027548621
-0.0047844308	0.0019437804	-0.0028737926
0.0047844308	0.0067282112	0.0027548621
0.0006651876	0.0026170134	0.0003830132
-0.0006651876	0.0019518258	-0.0003995483
0.0006651876	0.0026170134	0.0003830132
0.0012101137	0.0031608752	0.0006967801
-0.0012101137	0.0019507615	-0.0007268609
0.0012101137	0.0031608752	0.0006967801
0.0016989148	0.0036487217	0.0009782305
-0.0016989148	0.0019498068	-0.0010204618
0.0016989148	0.0036487217	0.0009782305
0.0020806176	0.0040296789	0.0011980139
-0.0020806176	0.0019490613	-0.0012497335
0.0020806176	0.0040296789	0.0011980139
0.0000931660	0.0020461091	0.0000536447
-0.0000931660	0.0019529430	-0.0000559607
0.0000931660	0.0020461091	0.0000536447
0.0015995549	0.0035495558	0.0009210193
-0.0015995549	0.0019500009	-0.0009607808
0.0015995549	0.0035495558	0.0009210193
0.0010032664	0.0029544319	0.0005776780
-0.0010032664	0.0019511655	-0.0006026171
0.0010032664	0.0029544319	0.0005776780
0.0010126241	0.0029637713	0.0005830661
-0.0010126241	0.0019511472	-0.0006082378
0.0010126241	0.0029637713	0.0005830661
0.0004470589	0.0023993107	0.0002574153
-0.0004470589	0.0019522518	-0.0002685282
0.0004470589	0.0023993107	0.0002574153
0.0008300531	0.0027815569	0.0004779423
-0.0008300531	0.0019515038	-0.0004985756
0.0008300531	0.0027815569	0.0004779423
0.0030462832	0.0049934584	0.0017540414
-0.0030462832	0.0019471752	-0.0018297654
0.0030462832	0.0049934584	0.0017540414
0.0030437600	0.0049909402	0.0017525886
-0.0030437600	0.0019471802	-0.0018282499
0.0030437600	0.0049909402	0.0017525886
0.0011401333	0.0030910315	0.0006564856
-0.0011401333	0.0019508982	-0.0006848269
0.0011401333	0.0030910315	0.0006564856
0.0035463390	0.0054925376	0.0020419722
-0.0035463390	0.0019461986	-0.0021301265
0.0035463390	0.0054925376	0.0020419722
0.0024437837	0.0043921357	0.0014071239
-0.0024437837	0.0019483520	-0.0014678711
0.0024437837	0.0043921357	0.0014071239
0.0035393128	0.0054855251	0.0020379266
-0.0035393128	0.0019462123	-0.0021259061
0.0035393128	0.0054855251	0.0020379266
0.0007978013	0.0027493681	0.0004593718
-0.0007978013	0.0019515668	-0.0004792034
0.0007978013	0.0027493681	0.0004593718
