0.0000000000	0.0019531250
0.0001834131	0.0021361798
0.0003668262	0.0023192347
0.0005502392	0.0025022895
0.0007336523	0.0026853444
0.0009170654	0.0028683992
0.0011004785	0.0030514541
0.0012838915	0.0032345089
0.0014673046	0.0034175638
0.0016507177	0.0036006186
0.0018341308	0.0037836735
0.0020175439	0.0039667283
0.0022009569	0.0041497832
0.0023843700	0.0043328380
0.0025677831	0.0045158929
0.0027511962	0.0046989477
0.0029346093	0.0048820026
0.0031180223	0.0050650574
0.0033014354	0.0052481123
0.0034848485	0.0054311671
0.0036682616	0.0056142220
0.0038516746	0.0057972768
0.0040350877	0.0059803317
0.0042185008	0.0061633865
0.0044019139	0.0063464414
0.0045853270	0.0065294962
0.0047687400	0.0067125511
0.0049521531	0.0068956059
0.0051355662	0.0070786608
0.0053189793	0.0072617156
0.0055023923	0.0074447705
0.0056858054	0.0076278253
0.0058692185	0.0078108802
0.0060526316	0.0079939350
0.0062360447	0.0081769899
0.0064194577	0.0083600447
0.0066028708	0.0085430996
0.0067862839	0.0087261544
0.0069696970	0.0089092093
0.0071531100	0.0090922641
0.0073365231	0.0092753190
0.0075199362	0.0094583738
0.0077033493	0.0096414287
0.0078867624	0.0098244835
0.0080701754	0.0100075384
0.0082535885	0.0101905932
0.0084370016	0.0103736481
0.0086204147	0.0105567029
0.0088038278	0.0107397578
0.0089872408	0.0109228126
0.0091706539	0.0111058675
0.0093540670	0.0112889223
0.0095374801	0.0114719772
0.0097208931	0.0116550320
0.0099043062	0.0118380869
0.0100877193	0.0120211417
0.0102711324	0.0122041966
0.0104545455	0.0123872514
0.0106379585	0.0125703063
0.0108213716	0.0127533611
0.0110047847	0.0129364160
0.0111881978	0.0131194708
0.0113716108	0.0133025257
0.0115550239	0.0134855805
0.0117384370	0.0136686354
0.0119218501	0.0138516902
0.0121052632	0.0140347451
0.0122886762	0.0142177999
0.0124720893	0.0144008548
0.0126555024	0.0145839096
0.0128389155	0.0147669645
0.0130223285	0.0149500193
0.0132057416	0.0151330742
0.0133891547	0.0153161290
0.0135725678	0.0154991839
0.0137559809	0.0156822387
0.0139393939	0.0158652936
0.0141228070	0.0160483484
0.0143062201	0.0162314033
0.0144896332	0.0164144581
0.0146730463	0.0165975130
0.0148564593	0.0167805678
0.0150398724	0.0169636227
0.0152232855	0.0171466775
0.0154066986	0.0173297324
0.0155901116	0.0175127872
0.0157735247	0.0176958421
0.0159569378	0.0178788969
0.0161403509	0.0180619518
0.0163237640	0.0182450066
0.0165071770	0.0184280615
0.0166905901	0.0186111163
0.0168740032	0.0187941712
0.0170574163	0.0189772260
0.0172408293	0.0191602809
0.0174242424	0.0193433357
0.0176076555	0.0195263906
0.0177910686	0.0197094454
0.0179744817	0.0198925002
0.0181578947	0.0200755551
0.0183413078	0.0202586099
0.0185247209	0.0204416648
0.0187081340	0.0206247196
0.0188915470	0.0208077745
0.0190749601	0.0209908293
0.0192583732	0.0211738842
0.0194417863	0.0213569390
0.0196251994	0.0215399939
0.0198086124	0.0217230487
0.0199920255	0.0219061036
0.0201754386	0.0220891584
0.0203588517	0.0222722133
0.0205422648	0.0224552681
0.0207256778	0.0226383230
0.0209090909	0.0228213778
0.0210925040	0.0230044327
0.0212759171	0.0231874875
0.0214593301	0.0233705424
0.0216427432	0.0235535972
0.0218261563	0.0237366521
0.0220095694	0.0239197069
0.0221929825	0.0241027618
0.0223763955	0.0242858166
0.0225598086	0.0244688715
0.0227432217	0.0246519263
0.0229266348	0.0248349812
0.0231100478	0.0250180360
0.0232934609	0.0252010909
0.0234768740	0.0253841457
0.0236602871	0.0255672006
0.0238437002	0.0257502554
0.0240271132	0.0259333103
0.0242105263	0.0261163651
0.0243939394	0.0262994200
0.0245773525	0.0264824748
0.0247607656	0.0266655297
0.0249441786	0.0268485845
0.0251275917	0.0270316394
0.0253110048	0.0272146942
0.0254944179	0.0273977491
0.0256778309	0.0275808039
0.0258612440	0.0277638588
0.0260446571	0.0279469136
0.0262280702	0.0281299685
0.0264114833	0.0283130233
0.0265948963	0.0284960782
0.0267783094	0.0286791330
0.0269617225	0.0288621879
0.0271451356	0.0290452427
0.0273285486	0.0292282976
0.0275119617	0.0294113524
0.0276953748	0.0295944073
0.0278787879	0.0297774621
0.0280622010	0.0299605170
0.0282456140	0.0301435718
0.0284290271	0.0303266267
0.0286124402	0.0305096815
0.0287958533	0.0306927364
0.0289792663	0.0308757912
0.0291626794	0.0310588461
0.0293460925	0.0312419009
0.0295295056	0.0314249558
0.0297129187	0.0316080106
0.0298963317	0.0317910655
0.0300797448	0.0319741203
0.0302631579	0.0321571752
0.0304465710	0.0323402300
0.0306299841	0.0325232849
0.0308133971	0.0327063397
0.0309968102	0.0328893946
0.0311802233	0.0330724494
0.0313636364	0.0332555043
0.0315470494	0.0334385591
0.0317304625	0.0336216140
0.0319138756	0.0338046688
0.0320972887	0.0339877237
0.0322807018	0.0341707785
0.0324641148	0.0343538334
0.0326475279	0.0345368882
0.0328309410	0.0347199431
0.0330143541	0.0349029979
0.0331977671	0.0350860528
0.0333811802	0.0352691076
0.0335645933	0.0354521625
0.0337480064	0.0356352173
0.0339314195	0.0358182722
0.0341148325	0.0360013270
0.0342982456	0.0361843819
0.0344816587	0.0363674367
0.0346650718	0.0365504916
0.0348484848	0.0367335464
0.0350318979	0.0369166013
0.0352153110	0.0370996561
0.0353987241	0.0372827109
0.0355821372	0.0374657658
0.0357655502	0.0376488206
0.0359489633	0.0378318755
0.0361323764	0.0380149303
0.0363157895	0.0381979852
0.0364992026	0.0383810400
0.0366826156	0.0385640949
0.0368660287	0.0387471497
0.0370494418	0.0389302046
0.0372328549	0.0391132594
0.0374162679	0.0392963143
0.0375996810	0.0394793691
0.0377830941	0.0396624240
0.0379665072	0.0398454788
0.0381499203	0.0400285337
0.0383333333	0.0402115885
0.0385167464	0.0403946434
0.0387001595	0.0405776982
0.0388835726	0.0407607531
0.0390669856	0.0409438079
0.0392503987	0.0411268628
0.0394338118	0.0413099176
0.0396172249	0.0414929725
0.0398006380	0.0416760273
0.0399840510	0.0418590822
0.0401674641	0.0420421370
0.0403508772	0.0422251919
0.0405342903	0.0424082467
0.0407177033	0.0425913016
0.0409011164	0.0427743564
0.0410845295	0.0429574113
0.0412679426	0.0431404661
0.0414513557	0.0433235210
0.0416347687	0.0435065758
0.0418181818	0.0436896307
0.0420015949	0.0438726855
0.0421850080	0.0440557404
0.0423684211	0.0442387952
0.0425518341	0.0444218501
0.0427352472	0.0446049049
0.0429186603	0.0447879598
0.0431020734	0.0449710146
0.0432854864	0.0451540695
0.0434688995	0.0453371243
0.0436523126	0.0455201792
0.0438357257	0.0457032340
0.0440191388	0.0458862889
0.0442025518	0.0460693437
0.0443859649	0.0462523986
0.0445693780	0.0464354534
0.0447527911	0.0466185083
0.0449362041	0.0468015631
0.0451196172	0.0469846180
0.0453030303	0.0471676728
0.0454864434	0.0473507277
0.0456698565	0.0475337825
0.0458532695	0.0477168374
0.0460366826	0.0478998922
0.0462200957	0.0480829471
0.0464035088	0.0482660019
0.0465869219	0.0484490568
0.0467703349	0.0486321116
0.0469537480	0.0488151665
0.0471371611	0.0489982213
0.0473205742	0.0491812762
0.0475039872	0.0493643310
0.0476874003	0.0495473859
0.0478708134	0.0497304407
0.0480542265	0.0499134956
0.0482376396	0.0500965504
0.0484210526	0.0502796053
0.0486044657	0.0504626601
0.0487878788	0.0506457150
0.0489712919	0.0508287698
0.0491547049	0.0510118247
0.0493381180	0.0511948795
0.0495215311	0.0513779344
0.0497049442	0.0515609892
0.0498883573	0.0517440441
0.0500717703	0.0519270989
0.0502551834	0.0521101538
0.0504385965	0.0522932086
0.0506220096	0.0524762635
0.0508054226	0.0526593183
0.0509888357	0.0528423732
0.0511722488	0.0530254280
0.0513556619	0.0532084829
0.0515390750	0.0533915377
0.0517224880	0.0535745926
0.0519059011	0.0537576474
0.0520893142	0.0539407023
0.0522727273	0.0541237571
0.0524561404	0.0543068120
0.0526395534	0.0544898668
0.0528229665	0.0546729217
0.0530063796	0.0548559765
0.0531897927	0.0550390313
0.0533732057	0.0552220862
0.0535566188	0.0554051410
0.0537400319	0.0555881959
0.0539234450	0.0557712507
0.0541068581	0.0559543056
0.0542902711	0.0561373604
0.0544736842	0.0563204153
0.0546570973	0.0565034701
0.0548405104	0.0566865250
0.0550239234	0.0568695798
0.0552073365	0.0570526347
0.0553907496	0.0572356895
0.0555741627	0.0574187444
0.0557575758	0.0576017992
0.0559409888	0.0577848541
0.0561244019	0.0579679089
0.0563078150	0.0581509638
0.0564912281	0.0583340186
0.0566746411	0.0585170735
0.0568580542	0.0587001283
0.0570414673	0.0588831832
0.0572248804	0.0590662380
0.0574082935	0.0592492929
0.0575917065	0.0594323477
0.0577751196	0.0596154026
0.0579585327	0.0597984574
0.0581419458	0.0599815123
0.0583253589	0.0601645671
0.0585087719	0.0603476220
0.0586921850	0.0605306768
0.0588755981	0.0607137317
0.0590590112	0.0608967865
0.0592424242	0.0610798414
0.0594258373	0.0612628962
0.0596092504	0.0614459511
0.0597926635	0.0616290059
0.0599760766	0.0618120608
0.0601594896	0.0619951156
0.0603429027	0.0621781705
0.0605263158	0.0623612253
0.0607097289	0.0625442802
0.0608931419	0.0627273350
0.0610765550	0.0629103899
0.0612599681	0.0630934447
0.0614433812	0.0632764996
0.0616267943	0.0634595544
0.0618102073	0.0636426093
0.0619936204	0.0638256641
0.0621770335	0.0640087190
0.0623604466	0.0641917738
0.0625438596	0.0643748287
0.0627272727	0.0645578835
0.0629106858	0.0647409384
0.0630940989	0.0649239932
0.0632775120	0.0651070481
0.0634609250	0.0652901029
0.0636443381	0.0654731578
0.0638277512	0.0656562126
0.0640111643	0.0658392675
0.0641945774	0.0660223223
0.0643779904	0.0662053772
0.0645614035	0.0663884320
0.0647448166	0.0665714869
0.0649282297	0.0667545417
0.0651116427	0.0669375966
0.0652950558	0.0671206514
0.0654784689	0.0673037063
0.0656618820	0.0674867611
0.0658452951	0.0676698160
0.0660287081	0.0678528708
0.0662121212	0.0680359257
0.0663955343	0.0682189805
0.0665789474	0.0684020354
0.0667623604	0.0685850902
0.0669457735	0.0687681451
0.0671291866	0.0689511999
0.0673125997	0.0691342548
0.0674960128	0.0693173096
0.0676794258	0.0695003645
0.0678628389	0.0696834193
0.0680462520	0.0698664742
0.0682296651	0.0700495290
0.0684130781	0.0702325839
0.0685964912	0.0704156387
0.0687799043	0.0705986936
0.0689633174	0.0707817484
0.0691467305	0.0709648033
0.0693301435	0.0711478581
0.0695135566	0.0713309130
0.0696969697	0.0715139678
0.0698803828	0.0716970227
0.0700637959	0.0718800775
0.0702472089	0.0720631324
0.0704306220	0.0722461872
0.0706140351	0.0724292421
0.0707974482	0.0726122969
0.0709808612	0.0727953517
0.0711642743	0.0729784066
0.0713476874	0.0731614614
0.0715311005	0.0733445163
0.0717145136	0.0735275711
0.0718979266	0.0737106260
0.0720813397	0.0738936808
0.0722647528	0.0740767357
0.0724481659	0.0742597905
0.0726315789	0.0744428454
0.0728149920	0.0746259002
0.0729984051	0.0748089551
0.0731818182	0.0749920099
0.0733652313	0.0751750648
0.0735486443	0.0753581196
0.0737320574	0.0755411745
0.0739154705	0.0757242293
0.0740988836	0.0759072842
0.0742822967	0.0760903390
0.0744657097	0.0762733939
0.0746491228	0.0764564487
0.0748325359	0.0766395036
0.0750159490	0.0768225584
0.0751993620	0.0770056133
0.0753827751	0.0771886681
0.0755661882	0.0773717230
0.0757496013	0.0775547778
0.0759330144	0.0777378327
0.0761164274	0.0779208875
0.0762998405	0.0781039424
0.0764832536	0.0782869972
0.0766666667	0.0784700521
0.0768500797	0.0786531069
0.0770334928	0.0788361618
0.0772169059	0.0790192166
0.0774003190	0.0792022715
0.0775837321	0.0793853263
0.0777671451	0.0795683812
0.0779505582	0.0797514360
0.0781339713	0.0799344909
0.0783173844	0.0801175457
0.0785007974	0.0803006006
0.0786842105	0.0804836554
0.0788676236	0.0806667103
0.0790510367	0.0808497651
0.0792344498	0.0810328200
0.0794178628	0.0812158748
0.0796012759	0.0813989297
0.0797846890	0.0815819845
0.0799681021	0.0817650394
0.0801515152	0.0819480942
0.0803349282	0.0821311491
0.0805183413	0.0823142039
0.0807017544	0.0824972588
0.0808851675	0.0826803136
0.0810685805	0.0828633685
0.0812519936	0.0830464233
0.0814354067	0.0832294782
0.0816188198	0.0834125330
0.0818022329	0.0835955879
0.0819856459	0.0837786427
0.0821690590	0.0839616976
0.0823524721	0.0841447524
0.0825358852	0.0843278073
0.0827192982	0.0845108621
0.0829027113	0.0846939170
0.0830861244	0.0848769718
0.0832695375	0.0850600267
0.0834529506	0.0852430815
0.0836363636	0.0854261364
0.0838197767	0.0856091912
0.0840031898	0.0857922461
0.0841866029	0.0859753009
0.0843700159	0.0861583558
0.0845534290	0.0863414106
0.0847368421	0.0865244655
0.0849202552	0.0867075203
0.0851036683	0.0868905752
0.0852870813	0.0870736300
0.0854704944	0.0872566849
0.0856539075	0.0874397397
0.0858373206	0.0876227946
0.0860207337	0.0878058494
0.0862041467	0.0879889043
0.0863875598	0.0881719591
0.0865709729	0.0883550140
0.0867543860	0.0885380688
0.0869377990	0.0887211237
0.0871212121	0.0889041785
0.0873046252	0.0890872334
0.0874880383	0.0892702882
0.0876714514	0.0894533431
0.0878548644	0.0896363979
0.0880382775	0.0898194528
0.0882216906	0.0900025076
0.0884051037	0.0901855625
0.0885885167	0.0903686173
0.0887719298	0.0905516721
0.0889553429	0.0907347270
0.0891387560	0.0909177818
0.0893221691	0.0911008367
0.0895055821	0.0912838915
0.0896889952	0.0914669464
0.0898724083	0.0916500012
0.0900558214	0.0918330561
0.0902392344	0.0920161109
0.0904226475	0.0921991658
0.0906060606	0.0923822206
0.0907894737	0.0925652755
0.0909728868	0.0927483303
0.0911562998	0.0929313852
0.0913397129	0.0931144400
0.0915231260	0.0932974949
0.0917065391	0.0934805497
0.0918899522	0.0936636046
0.0920733652	0.0938466594
0.0922567783	0.0940297143
0.0924401914	0.0942127691
0.0926236045	0.0943958240
0.0928070175	0.0945788788
0.0929904306	0.0947619337
0.0931738437	0.0949449885
0.0933572568	0.0951280434
0.0935406699	0.0953110982
0.0937240829	0.0954941531
0.0939074960	0.0956772079
0.0940909091	0.0958602628
0.0942743222	0.0960433176
0.0944577352	0.0962263725
0.0946411483	0.0964094273
0.0948245614	0.0965924822
0.0950079745	0.0967755370
0.0951913876	0.0969585919
0.0953748006	0.0971416467
0.0955582137	0.0973247016
0.0957416268	0.0975077564
0.0959250399	0.0976908113
0.0961084530	0.0978738661
0.0962918660	0.0980569210
0.0964752791	0.0982399758
0.0966586922	0.0984230307
0.0968421053	0.0986060855
0.0970255183	0.0987891404
0.0972089314	0.0989721952
0.0973923445	0.0991552501
0.0975757576	0.0993383049
0.0977591707	0.0995213598
0.0979425837	0.0997044146
0.0981259968	0.0998874695
0.0983094099	0.1000705243
0.0984928230	0.1002535792
0.0986762360	0.1004366340
0.0988596491	0.1006196889
0.0990430622	0.1008027437
0.0992264753	0.1009857986
0.0994098884	0.1011688534
0.0995933014	0.1013519083
0.0997767145	0.1015349631
0.0999601276	0.1017180180
0.1001435407	0.1019010728
0.1003269537	0.1020841277
0.1005103668	0.1022671825
0.1006937799	0.1024502374
0.1008771930	0.1026332922
0.1010606061	0.1028163471
0.1012440191	0.1029994019
0.1014274322	0.1031824568
0.1016108453	0.1033655116
0.1017942584	0.1035485665
0.1019776715	0.1037316213
0.1021610845	0.1039146762
0.1023444976	0.1040977310
0.1025279107	0.1042807859
0.1027113238	0.1044638407
0.1028947368	0.1046468956
0.1030781499	0.1048299504
0.1032615630	0.1050130053
0.1034449761	0.1051960601
0.1036283892	0.1053791150
0.1038118022	0.1055621698
0.1039952153	0.1057452247
0.1041786284	0.1059282795
0.1043620415	0.1061113344
0.1045454545	0.1062943892
0.1047288676	0.1064774441
0.1049122807	0.1066604989
0.1050956938	0.1068435538
0.1052791069	0.1070266086
0.1054625199	0.1072096635
0.1056459330	0.1073927183
0.1058293461	0.1075757732
0.1060127592	0.1077588280
0.1061961722	0.1079418828
0.1063795853	0.1081249377
0.1065629984	0.1083079925
0.1067464115	0.1084910474
0.1069298246	0.1086741022
0.1071132376	0.1088571571
0.1072966507	0.1090402119
0.1074800638	0.1092232668
0.1076634769	0.1094063216
0.1078468900	0.1095893765
0.1080303030	0.1097724313
0.1082137161	0.1099554862
0.1083971292	0.1101385410
0.1085805423	0.1103215959
0.1087639553	0.1105046507
0.1089473684	0.1106877056
0.1091307815	0.1108707604
0.1093141946	0.1110538153
0.1094976077	0.1112368701
0.1096810207	0.1114199250
0.1098644338	0.1116029798
0.1100478469	0.1117860347
0.1102312600	0.1119690895
0.1104146730	0.1121521444
0.1105980861	0.1123351992
0.1107814992	0.1125182541
0.1109649123	0.1127013089
0.1111483254	0.1128843638
0.1113317384	0.1130674186
0.1115151515	0.1132504735
0.1116985646	0.1134335283
0.1118819777	0.1136165832
0.1120653907	0.1137996380
0.1122488038	0.1139826929
0.1124322169	0.1141657477
0.1126156300	0.1143488026
0.1127990431	0.1145318574
0.1129824561	0.1147149123
0.1131658692	0.1148979671
0.1133492823	0.1150810220
0.1135326954	0.1152640768
0.1137161085	0.1154471317
0.1138995215	0.1156301865
0.1140829346	0.1158132414
0.1142663477	0.1159962962
0.1144497608	0.1161793511
0.1146331738	0.1163624059
0.1148165869	0.1165454608
0.1150000000	0.1167285156
0.1151834131	0.1169115705
0.1153668262	0.1170946253
0.1155502392	0.1172776802
0.1157336523	0.1174607350
0.1159170654	0.1176437899
0.1161004785	0.1178268447
0.1162838915	0.1180098996
0.1164673046	0.1181929544
0.1166507177	0.1183760093
0.1168341308	0.1185590641
0.1170175439	0.1187421190
0.1172009569	0.1189251738
0.1173843700	0.1191082287
0.1175677831	0.1192912835
0.1177511962	0.1194743384
0.1179346093	0.1196573932
0.1181180223	0.1198404481
0.1183014354	0.1200235029
0.1184848485	0.1202065578
0.1186682616	0.1203896126
0.1188516746	0.1205726675
0.1190350877	0.1207557223
0.1192185008	0.1209387772
0.1194019139	0.1211218320
0.1195853270	0.1213048869
0.1197687400	0.1214879417
0.1199521531	0.1216709966
0.1201355662	0.1218540514
0.1203189793	0.1220371063
0.1205023923	0.1222201611
0.1206858054	0.1224032160
0.1208692185	0.1225862708
0.1210526316	0.1227693257
0.1212360447	0.1229523805
0.1214194577	0.1231354354
0.1216028708	0.1233184902
0.1217862839	0.1235015451
0.1219696970	0.1236845999
0.1221531100	0.1238676548
0.1223365231	0.1240507096
0.1225199362	0.1242337645
0.1227033493	0.1244168193
0.1228867624	0.1245998742
0.1230701754	0.1247829290
0.1232535885	0.1249659839
0.1234370016	0.1251490387
0.1236204147	0.1253320936
0.1238038278	0.1255151484
0.1239872408	0.1256982032
0.1241706539	0.1258812581
0.1243540670	0.1260643129
0.1245374801	0.1262473678
0.1247208931	0.1264304226
0.1249043062	0.1266134775
0.1250877193	0.1267965323
0.1252711324	0.1269795872
0.1254545455	0.1271626420
0.1256379585	0.1273456969
0.1258213716	0.1275287517
0.1260047847	0.1277118066
0.1261881978	0.1278948614
0.1263716108	0.1280779163
0.1265550239	0.1282609711
0.1267384370	0.1284440260
0.1269218501	0.1286270808
0.1271052632	0.1288101357
0.1272886762	0.1289931905
0.1274720893	0.1291762454
0.1276555024	0.1293593002
0.1278389155	0.1295423551
0.1280223285	0.1297254099
0.1282057416	0.1299084648
0.1283891547	0.1300915196
0.1285725678	0.1302745745
0.1287559809	0.1304576293
0.1289393939	0.1306406842
0.1291228070	0.1308237390
0.1293062201	0.1310067939
0.1294896332	0.1311898487
0.1296730463	0.1313729036
0.1298564593	0.1315559584
0.1300398724	0.1317390133
0.1302232855	0.1319220681
0.1304066986	0.1321051230
0.1305901116	0.1322881778
0.1307735247	0.1324712327
0.1309569378	0.1326542875
0.1311403509	0.1328373424
0.1313237640	0.1330203972
0.1315071770	0.1332034521
0.1316905901	0.1333865069
0.1318740032	0.1335695618
0.1320574163	0.1337526166
0.1322408293	0.1339356715
0.1324242424	0.1341187263
0.1326076555	0.1343017812
0.1327910686	0.1344848360
0.1329744817	0.1346678909
0.1331578947	0.1348509457
0.1333413078	0.1350340006
0.1335247209	0.1352170554
0.1337081340	0.1354001103
0.1338915470	0.1355831651
0.1340749601	0.1357662200
0.1342583732	0.1359492748
0.1344417863	0.1361323297
0.1346251994	0.1363153845
0.1348086124	0.1364984394
0.1349920255	0.1366814942
0.1351754386	0.1368645491
0.1353588517	0.1370476039
0.1355422648	0.1372306588
0.1357256778	0.1374137136
0.1359090909	0.1375967685
0.1360925040	0.1377798233
0.1362759171	0.1379628782
0.1364593301	0.1381459330
0.1366427432	0.1383289879
0.1368261563	0.1385120427
0.1370095694	0.1386950976
0.1371929825	0.1388781524
0.1373763955	0.1390612073
0.1375598086	0.1392442621
0.1377432217	0.1394273170
0.1379266348	0.1396103718
0.1381100478	0.1397934267
0.1382934609	0.1399764815
0.1384768740	0.1401595364
0.1386602871	0.1403425912
0.1388437002	0.1405256461
0.1390271132	0.1407087009
0.1392105263	0.1408917558
0.1393939394	0.1410748106
0.1395773525	0.1412578655
0.1397607656	0.1414409203
0.1399441786	0.1416239752
0.1401275917	0.1418070300
0.1403110048	0.1419900849
0.1404944179	0.1421731397
0.1406778309	0.1423561946
0.1408612440	0.1425392494
0.1410446571	0.1427223043
0.1412280702	0.1429053591
0.1414114833	0.1430884140
0.1415948963	0.1432714688
0.1417783094	0.1434545236
0.1419617225	0.1436375785
0.1421451356	0.1438206333
0.1423285486	0.1440036882
0.1425119617	0.1441867430
0.1426953748	0.1443697979
0.1428787879	0.1445528527
0.1430622010	0.1447359076
0.1432456140	0.1449189624
0.1434290271	0.1451020173
0.1436124402	0.1452850721
0.1437958533	0.1454681270
0.1439792663	0.1456511818
0.1441626794	0.1458342367
0.1443460925	0.1460172915
0.1445295056	0.1462003464
0.1447129187	0.1463834012
0.1448963317	0.1465664561
0.1450797448	0.1467495109
0.1452631579	0.1469325658
0.1454465710	0.1471156206
0.1456299841	0.1472986755
0.1458133971	0.1474817303
0.1459968102	0.1476647852
0.1461802233	0.1478478400
0.1463636364	0.1480308949
0.1465470494	0.1482139497
0.1467304625	0.1483970046
0.1469138756	0.1485800594
0.1470972887	0.1487631143
0.1472807018	0.1489461691
0.1474641148	0.1491292240
0.1476475279	0.1493122788
0.1478309410	0.1494953337
0.1480143541	0.1496783885
0.1481977671	0.1498614434
0.1483811802	0.1500444982
0.1485645933	0.1502275531
0.1487480064	0.1504106079
0.1489314195	0.1505936628
0.1491148325	0.1507767176
0.1492982456	0.1509597725
0.1494816587	0.1511428273
0.1496650718	0.1513258822
0.1498484848	0.1515089370
0.1500318979	0.1516919919
0.1502153110	0.1518750467
0.1503987241	0.1520581016
0.1505821372	0.1522411564
0.1507655502	0.1524242113
0.1509489633	0.1526072661
0.1511323764	0.1527903210
0.1513157895	0.1529733758
0.1514992026	0.1531564307
0.1516826156	0.1533394855
0.1518660287	0.1535225404
0.1520494418	0.1537055952
0.1522328549	0.1538886501
0.1524162679	0.1540717049
0.1525996810	0.1542547598
0.1527830941	0.1544378146
0.1529665072	0.1546208695
0.1531499203	0.1548039243
0.1533333333	0.1549869792
0.1535167464	0.1551700340
0.1537001595	0.1553530889
0.1538835726	0.1555361437
0.1540669856	0.1557191986
0.1542503987	0.1559022534
0.1544338118	0.1560853083
0.1546172249	0.1562683631
0.1548006380	0.1564514180
0.1549840510	0.1566344728
0.1551674641	0.1568175277
0.1553508772	0.1570005825
0.1555342903	0.1571836374
0.1557177033	0.1573666922
0.1559011164	0.1575497471
0.1560845295	0.1577328019
0.1562679426	0.1579158568
0.1564513557	0.1580989116
0.1566347687	0.1582819665
0.1568181818	0.1584650213
0.1570015949	0.1586480762
0.1571850080	0.1588311310
0.1573684211	0.1590141859
0.1575518341	0.1591972407
0.1577352472	0.1593802956
0.1579186603	0.1595633504
0.1581020734	0.1597464053
0.1582854864	0.1599294601
0.1584688995	0.1601125150
0.1586523126	0.1602955698
0.1588357257	0.1604786247
0.1590191388	0.1606616795
0.1592025518	0.1608447344
0.1593859649	0.1610277892
0.1595693780	0.1612108440
0.1597527911	0.1613938989
0.1599362041	0.1615769537
0.1601196172	0.1617600086
0.1603030303	0.1619430634
0.1604864434	0.1621261183
0.1606698565	0.1623091731
0.1608532695	0.1624922280
0.1610366826	0.1626752828
0.1612200957	0.1628583377
0.1614035088	0.1630413925
0.1615869219	0.1632244474
0.1617703349	0.1634075022
0.1619537480	0.1635905571
0.1621371611	0.1637736119
0.1623205742	0.1639566668
0.1625039872	0.1641397216
0.1626874003	0.1643227765
0.1628708134	0.1645058313
0.1630542265	0.1646888862
0.1632376396	0.1648719410
0.1634210526	0.1650549959
0.1636044657	0.1652380507
0.1637878788	0.1654211056
0.1639712919	0.1656041604
0.1641547049	0.1657872153
0.1643381180	0.1659702701
0.1645215311	0.1661533250
0.1647049442	0.1663363798
0.1648883573	0.1665194347
0.1650717703	0.1667024895
0.1652551834	0.1668855444
0.1654385965	0.1670685992
0.1656220096	0.1672516541
0.1658054226	0.1674347089
0.1659888357	0.1676177638
0.1661722488	0.1678008186
0.1663556619	0.1679838735
0.1665390750	0.1681669283
0.1667224880	0.1683499832
0.1669059011	0.1685330380
0.1670893142	0.1687160929
0.1672727273	0.1688991477
0.1674561404	0.1690822026
0.1676395534	0.1692652574
0.1678229665	0.1694483123
0.1680063796	0.1696313671
0.1681897927	0.1698144220
0.1683732057	0.1699974768
0.1685566188	0.1701805317
0.1687400319	0.1703635865
0.1689234450	0.1705466414
0.1691068581	0.1707296962
0.1692902711	0.1709127511
0.1694736842	0.1710958059
0.1696570973	0.1712788608
0.1698405104	0.1714619156
0.1700239234	0.1716449705
0.1702073365	0.1718280253
0.1703907496	0.1720110802
0.1705741627	0.1721941350
0.1707575758	0.1723771899
0.1709409888	0.1725602447
0.1711244019	0.1727432996
0.1713078150	0.1729263544
0.1714912281	0.1731094093
0.1716746411	0.1732924641
0.1718580542	0.1734755190
0.1720414673	0.1736585738
0.1722248804	0.1738416287
0.1724082935	0.1740246835
0.1725917065	0.1742077384
0.1727751196	0.1743907932
0.1729585327	0.1745738481
0.1731419458	0.1747569029
0.1733253589	0.1749399578
0.1735087719	0.1751230126
0.1736921850	0.1753060675
0.1738755981	0.1754891223
0.1740590112	0.1756721772
0.1742424242	0.1758552320
0.1744258373	0.1760382869
0.1746092504	0.1762213417
0.1747926635	0.1764043966
0.1749760766	0.1765874514
0.1751594896	0.1767705063
0.1753429027	0.1769535611
0.1755263158	0.1771366160
0.1757097289	0.1773196708
0.1758931419	0.1775027257
0.1760765550	0.1776857805
0.1762599681	0.1778688354
0.1764433812	0.1780518902
0.1766267943	0.1782349451
0.1768102073	0.1784179999
0.1769936204	0.1786010547
0.1771770335	0.1787841096
0.1773604466	0.1789671644
0.1775438596	0.1791502193
0.1777272727	0.1793332741
0.1779106858	0.1795163290
0.1780940989	0.1796993838
0.1782775120	0.1798824387
0.1784609250	0.1800654935
0.1786443381	0.1802485484
0.1788277512	0.1804316032
0.1790111643	0.1806146581
0.1791945774	0.1807977129
0.1793779904	0.1809807678
0.1795614035	0.1811638226
0.1797448166	0.1813468775
0.1799282297	0.1815299323
0.1801116427	0.1817129872
0.1802950558	0.1818960420
0.1804784689	0.1820790969
0.1806618820	0.1822621517
0.1808452951	0.1824452066
0.1810287081	0.1826282614
0.1812121212	0.1828113163
0.1813955343	0.1829943711
0.1815789474	0.1831774260
0.1817623604	0.1833604808
0.1819457735	0.1835435357
0.1821291866	0.1837265905
0.1823125997	0.1839096454
0.1824960128	0.1840927002
0.1826794258	0.1842757551
0.1828628389	0.1844588099
0.1830462520	0.1846418648
0.1832296651	0.1848249196
0.1834130781	0.1850079745
0.1835964912	0.1851910293
0.1837799043	0.1853740842
0.1839633174	0.1855571390
0.1841467305	0.1857401939
0.1843301435	0.1859232487
0.1845135566	0.1861063036
0.1846969697	0.1862893584
0.1848803828	0.1864724133
0.1850637959	0.1866554681
0.1852472089	0.1868385230
0.1854306220	0.1870215778
0.1856140351	0.1872046327
0.1857974482	0.1873876875
0.1859808612	0.1875707424
0.1861642743	0.1877537972
0.1863476874	0.1879368521
0.1865311005	0.1881199069
0.1867145136	0.1883029618
0.1868979266	0.1884860166
0.1870813397	0.1886690715
0.1872647528	0.1888521263
0.1874481659	0.1890351812
0.1876315789	0.1892182360
0.1878149920	0.1894012909
0.1879984051	0.1895843457
0.1881818182	0.1897674006
0.1883652313	0.1899504554
0.1885486443	0.1901335103
0.1887320574	0.1903165651
0.1889154705	0.1904996200
0.1890988836	0.1906826748
0.1892822967	0.1908657297
0.1894657097	0.1910487845
0.1896491228	0.1912318394
0.1898325359	0.1914148942
0.1900159490	0.1915979491
0.1901993620	0.1917810039
0.1903827751	0.1919640588
0.1905661882	0.1921471136
0.1907496013	0.1923301685
0.1909330144	0.1925132233
0.1911164274	0.1926962782
0.1912998405	0.1928793330
0.1914832536	0.1930623879
0.1916666667	0.1932454427
0.1918500797	0.1934284976
0.1920334928	0.1936115524
0.1922169059	0.1937946073
0.1924003190	0.1939776621
0.1925837321	0.1941607170
0.1927671451	0.1943437718
0.1929505582	0.1945268267
0.1931339713	0.1947098815
0.1933173844	0.1948929364
0.1935007974	0.1950759912
0.1936842105	0.1952590461
0.1938676236	0.1954421009
0.1940510367	0.1956251558
0.1942344498	0.1958082106
0.1944178628	0.1959912655
0.1946012759	0.1961743203
0.1947846890	0.1963573751
0.1949681021	0.1965404300
0.1951515152	0.1967234848
0.1953349282	0.1969065397
0.1955183413	0.1970895945
0.1957017544	0.1972726494
0.1958851675	0.1974557042
0.1960685805	0.1976387591
0.1962519936	0.1978218139
0.1964354067	0.1980048688
0.1966188198	0.1981879236
0.1968022329	0.1983709785
0.1969856459	0.1985540333
0.1971690590	0.1987370882
0.1973524721	0.1989201430
0.1975358852	0.1991031979
0.1977192982	0.1992862527
0.1979027113	0.1994693076
0.1980861244	0.1996523624
0.1982695375	0.1998354173
0.1984529506	0.2000184721
0.1986363636	0.2002015270
0.1988197767	0.2003845818
0.1990031898	0.2005676367
0.1991866029	0.2007506915
0.1993700159	0.2009337464
0.1995534290	0.2011168012
0.1997368421	0.2012998561
0.1999202552	0.2014829109
0.2001036683	0.2016659658
0.2002870813	0.2018490206
0.2004704944	0.2020320755
0.2006539075	0.2022151303
0.2008373206	0.2023981852
0.2010207337	0.2025812400
0.2012041467	0.2027642949
0.2013875598	0.2029473497
0.2015709729	0.2031304046
0.2017543860	0.2033134594
0.2019377990	0.2034965143
0.2021212121	0.2036795691
0.2023046252	0.2038626240
0.2024880383	0.2040456788
0.2026714514	0.2042287337
0.2028548644	0.2044117885
0.2030382775	0.2045948434
0.2032216906	0.2047778982
0.2034051037	0.2049609531
0.2035885167	0.2051440079
0.2037719298	0.2053270628
0.2039553429	0.2055101176
0.2041387560	0.2056931725
0.2043221691	0.2058762273
0.2045055821	0.2060592822
0.2046889952	0.2062423370
0.2048724083	0.2064253919
0.2050558214	0.2066084467
0.2052392344	0.2067915016
0.2054226475	0.2069745564
0.2056060606	0.2071576113
0.2057894737	0.2073406661
0.2059728868	0.2075237210
0.2061562998	0.2077067758
0.2063397129	0.2078898307
0.2065231260	0.2080728855
0.2067065391	0.2082559404
0.2068899522	0.2084389952
0.2070733652	0.2086220501
0.2072567783	0.2088051049
0.2074401914	0.2089881598
0.2076236045	0.2091712146
0.2078070175	0.2093542695
0.2079904306	0.2095373243
0.2081738437	0.2097203792
0.2083572568	0.2099034340
0.2085406699	0.2100864889
0.2087240829	0.2102695437
0.2089074960	0.2104525986
0.2090909091	0.2106356534
0.2092743222	0.2108187083
0.2094577352	0.2110017631
0.2096411483	0.2111848180
0.2098245614	0.2113678728
0.2100079745	0.2115509277
0.2101913876	0.2117339825
0.2103748006	0.2119170374
0.2105582137	0.2121000922
0.2107416268	0.2122831471
0.2109250399	0.2124662019
0.2111084530	0.2126492568
0.2112918660	0.2128323116
0.2114752791	0.2130153665
0.2116586922	0.2131984213
0.2118421053	0.2133814762
0.2120255183	0.2135645310
0.2122089314	0.2137475859
0.2123923445	0.2139306407
0.2125757576	0.2141136955
0.2127591707	0.2142967504
0.2129425837	0.2144798052
0.2131259968	0.2146628601
0.2133094099	0.2148459149
0.2134928230	0.2150289698
0.2136762360	0.2152120246
0.2138596491	0.2153950795
0.2140430622	0.2155781343
0.2142264753	0.2157611892
0.2144098884	0.2159442440
0.2145933014	0.2161272989
0.2147767145	0.2163103537
0.2149601276	0.2164934086
0.2151435407	0.2166764634
0.2153269537	0.2168595183
0.2155103668	0.2170425731
0.2156937799	0.2172256280
0.2158771930	0.2174086828
0.2160606061	0.2175917377
0.2162440191	0.2177747925
0.2164274322	0.2179578474
0.2166108453	0.2181409022
0.2167942584	0.2183239571
0.2169776715	0.2185070119
0.2171610845	0.2186900668
0.2173444976	0.2188731216
0.2175279107	0.2190561765
0.2177113238	0.2192392313
0.2178947368	0.2194222862
0.2180781499	0.2196053410
0.2182615630	0.2197883959
0.2184449761	0.2199714507
0.2186283892	0.2201545056
0.2188118022	0.2203375604
0.2189952153	0.2205206153
0.2191786284	0.2207036701
0.2193620415	0.2208867250
0.2195454545	0.2210697798
0.2197288676	0.2212528347
0.2199122807	0.2214358895
0.2200956938	0.2216189444
0.2202791069	0.2218019992
0.2204625199	0.2219850541
0.2206459330	0.2221681089
0.2208293461	0.2223511638
0.2210127592	0.2225342186
0.2211961722	0.2227172735
0.2213795853	0.2229003283
0.2215629984	0.2230833832
0.2217464115	0.2232664380
0.2219298246	0.2234494929
0.2221132376	0.2236325477
0.2222966507	0.2238156026
0.2224800638	0.2239986574
0.2226634769	0.2241817123
0.2228468900	0.2243647671
0.2230303030	0.2245478220
0.2232137161	0.2247308768
0.2233971292	0.2249139317
0.2235805423	0.2250969865
0.2237639553	0.2252800414
0.2239473684	0.2254630962
0.2241307815	0.2256461511
0.2243141946	0.2258292059
0.2244976077	0.2260122608
0.2246810207	0.2261953156
0.2248644338	0.2263783705
0.2250478469	0.2265614253
0.2252312600	0.2267444802
0.2254146730	0.2269275350
0.2255980861	0.2271105899
0.2257814992	0.2272936447
0.2259649123	0.2274766996
0.2261483254	0.2276597544
0.2263317384	0.2278428093
0.2265151515	0.2280258641
0.2266985646	0.2282089190
0.2268819777	0.2283919738
0.2270653907	0.2285750287
0.2272488038	0.2287580835
0.2274322169	0.2289411384
0.2276156300	0.2291241932
0.2277990431	0.2293072481
0.2279824561	0.2294903029
0.2281658692	0.2296733578
0.2283492823	0.2298564126
0.2285326954	0.2300394675
0.2287161085	0.2302225223
0.2288995215	0.2304055772
0.2290829346	0.2305886320
0.2292663477	0.2307716869
0.2294497608	0.2309547417
0.2296331738	0.2311377966
0.2298165869	0.2313208514
0.2300000000	0.2315039062
0.2301834131	0.2316869611
0.2303668262	0.2318700159
0.2305502392	0.2320530708
0.2307336523	0.2322361256
0.2309170654	0.2324191805
0.2311004785	0.2326022353
0.2312838915	0.2327852902
0.2314673046	0.2329683450
0.2316507177	0.2331513999
0.2318341308	0.2333344547
0.2320175439	0.2335175096
0.2322009569	0.2337005644
0.2323843700	0.2338836193
0.2325677831	0.2340666741
0.2327511962	0.2342497290
0.2329346093	0.2344327838
0.2331180223	0.2346158387
0.2333014354	0.2347988935
0.2334848485	0.2349819484
0.2336682616	0.2351650032
0.2338516746	0.2353480581
0.2340350877	0.2355311129
0.2342185008	0.2357141678
0.2344019139	0.2358972226
0.2345853270	0.2360802775
0.2347687400	0.2362633323
0.2349521531	0.2364463872
0.2351355662	0.2366294420
0.2353189793	0.2368124969
0.2355023923	0.2369955517
0.2356858054	0.2371786066
0.2358692185	0.2373616614
0.2360526316	0.2375447163
0.2362360447	0.2377277711
0.2364194577	0.2379108260
0.2366028708	0.2380938808
0.2367862839	0.2382769357
0.2369696970	0.2384599905
0.2371531100	0.2386430454
0.2373365231	0.2388261002
0.2375199362	0.2390091551
0.2377033493	0.2391922099
0.2378867624	0.2393752648
0.2380701754	0.2395583196
0.2382535885	0.2397413745
0.2384370016	0.2399244293
0.2386204147	0.2401074842
0.2388038278	0.2402905390
0.2389872408	0.2404735939
0.2391706539	0.2406566487
0.2393540670	0.2408397036
0.2395374801	0.2410227584
0.2397208931	0.2412058133
0.2399043062	0.2413888681
0.2400877193	0.2415719230
0.2402711324	0.2417549778
0.2404545455	0.2419380327
0.2406379585	0.2421210875
0.2408213716	0.2423041424
0.2410047847	0.2424871972
0.2411881978	0.2426702521
0.2413716108	0.2428533069
0.2415550239	0.2430363618
0.2417384370	0.2432194166
0.2419218501	0.2434024715
0.2421052632	0.2435855263
0.2422886762	0.2437685812
0.2424720893	0.2439516360
0.2426555024	0.2441346909
0.2428389155	0.2443177457
0.2430223285	0.2445008006
0.2432057416	0.2446838554
0.2433891547	0.2448669103
0.2435725678	0.2450499651
0.2437559809	0.2452330200
0.2439393939	0.2454160748
0.2441228070	0.2455991297
0.2443062201	0.2457821845
0.2444896332	0.2459652394
0.2446730463	0.2461482942
0.2448564593	0.2463313491
0.2450398724	0.2465144039
0.2452232855	0.2466974588
0.2454066986	0.2468805136
0.2455901116	0.2470635685
0.2457735247	0.2472466233
0.2459569378	0.2474296782
0.2461403509	0.2476127330
0.2463237640	0.2477957879
0.2465071770	0.2479788427
0.2466905901	0.2481618976
0.2468740032	0.2483449524
0.2470574163	0.2485280073
0.2472408293	0.2487110621
0.2474242424	0.2488941170
0.2476076555	0.2490771718
0.2477910686	0.2492602266
0.2479744817	0.2494432815
0.2481578947	0.2496263363
0.2483413078	0.2498093912
0.2485247209	0.2499924460
0.2487081340	0.2501755009
0.2488915470	0.2503585557
0.2490749601	0.2505416106
0.2492583732	0.2507246654
0.2494417863	0.2509077203
0.2496251994	0.2510907751
0.2498086124	0.2512738300
0.2499920255	0.2514568848
0.2501754386	0.2516399397
0.2503588517	0.2518229945
0.2505422648	0.2520060494
0.2507256778	0.2521891042
0.2509090909	0.2523721591
0.2510925040	0.2525552139
0.2512759171	0.2527382688
0.2514593301	0.2529213236
0.2516427432	0.2531043785
0.2518261563	0.2532874333
0.2520095694	0.2534704882
0.2521929825	0.2536535430
0.2523763955	0.2538365979
0.2525598086	0.2540196527
0.2527432217	0.2542027076
0.2529266348	0.2543857624
0.2531100478	0.2545688173
0.2532934609	0.2547518721
0.2534768740	0.2549349270
0.2536602871	0.2551179818
0.2538437002	0.2553010367
0.2540271132	0.2554840915
0.2542105263	0.2556671464
0.2543939394	0.2558502012
0.2545773525	0.2560332561
0.2547607656	0.2562163109
0.2549441786	0.2563993658
0.2551275917	0.2565824206
0.2553110048	0.2567654755
0.2554944179	0.2569485303
0.2556778309	0.2571315852
0.2558612440	0.2573146400
0.2560446571	0.2574976949
0.2562280702	0.2576807497
0.2564114833	0.2578638046
0.2565948963	0.2580468594
0.2567783094	0.2582299143
0.2569617225	0.2584129691
0.2571451356	0.2585960240
0.2573285486	0.2587790788
0.2575119617	0.2589621337
0.2576953748	0.2591451885
0.2578787879	0.2593282434
0.2580622010	0.2595112982
0.2582456140	0.2596943531
0.2584290271	0.2598774079
0.2586124402	0.2600604628
0.2587958533	0.2602435176
0.2589792663	0.2604265725
0.2591626794	0.2606096273
0.2593460925	0.2607926822
0.2595295056	0.2609757370
0.2597129187	0.2611587919
0.2598963317	0.2613418467
0.2600797448	0.2615249016
0.2602631579	0.2617079564
0.2604465710	0.2618910113
0.2606299841	0.2620740661
0.2608133971	0.2622571210
0.2609968102	0.2624401758
0.2611802233	0.2626232307
0.2613636364	0.2628062855
0.2615470494	0.2629893404
0.2617304625	0.2631723952
0.2619138756	0.2633554501
0.2620972887	0.2635385049
0.2622807018	0.2637215598
0.2624641148	0.2639046146
0.2626475279	0.2640876695
0.2628309410	0.2642707243
0.2630143541	0.2644537792
0.2631977671	0.2646368340
0.2633811802	0.2648198889
0.2635645933	0.2650029437
0.2637480064	0.2651859986
0.2639314195	0.2653690534
0.2641148325	0.2655521083
0.2642982456	0.2657351631
0.2644816587	0.2659182180
0.2646650718	0.2661012728
0.2648484848	0.2662843277
0.2650318979	0.2664673825
0.2652153110	0.2666504374
0.2653987241	0.2668334922
0.2655821372	0.2670165470
0.2657655502	0.2671996019
0.2659489633	0.2673826567
0.2661323764	0.2675657116
0.2663157895	0.2677487664
0.2664992026	0.2679318213
0.2666826156	0.2681148761
0.2668660287	0.2682979310
0.2670494418	0.2684809858
0.2672328549	0.2686640407
0.2674162679	0.2688470955
0.2675996810	0.2690301504
0.2677830941	0.2692132052
0.2679665072	0.2693962601
0.2681499203	0.2695793149
0.2683333333	0.2697623698
0.2685167464	0.2699454246
0.2687001595	0.2701284795
0.2688835726	0.2703115343
0.2690669856	0.2704945892
0.2692503987	0.2706776440
0.2694338118	0.2708606989
0.2696172249	0.2710437537
0.2698006380	0.2712268086
0.2699840510	0.2714098634
0.2701674641	0.2715929183
0.2703508772	0.2717759731
0.2705342903	0.2719590280
0.2707177033	0.2721420828
0.2709011164	0.2723251377
0.2710845295	0.2725081925
0.2712679426	0.2726912474
0.2714513557	0.2728743022
0.2716347687	0.2730573571
0.2718181818	0.2732404119
0.2720015949	0.2734234668
0.2721850080	0.2736065216
0.2723684211	0.2737895765
0.2725518341	0.2739726313
0.2727352472	0.2741556862
0.2729186603	0.2743387410
0.2731020734	0.2745217959
0.2732854864	0.2747048507
0.2734688995	0.2748879056
0.2736523126	0.2750709604
0.2738357257	0.2752540153
0.2740191388	0.2754370701
0.2742025518	0.2756201250
0.2743859649	0.2758031798
0.2745693780	0.2759862347
0.2747527911	0.2761692895
0.2749362041	0.2763523444
0.2751196172	0.2765353992
0.2753030303	0.2767184541
0.2754864434	0.2769015089
0.2756698565	0.2770845638
0.2758532695	0.2772676186
0.2760366826	0.2774506735
0.2762200957	0.2776337283
0.2764035088	0.2778167832
0.2765869219	0.2779998380
0.2767703349	0.2781828929
0.2769537480	0.2783659477
0.2771371611	0.2785490026
0.2773205742	0.2787320574
0.2775039872	0.2789151123
0.2776874003	0.2790981671
0.2778708134	0.2792812220
0.2780542265	0.2794642768
0.2782376396	0.2796473317
0.2784210526	0.2798303865
0.2786044657	0.2800134414
0.2787878788	0.2801964962
0.2789712919	0.2803795511
0.2791547049	0.2805626059
0.2793381180	0.2807456608
0.2795215311	0.2809287156
0.2797049442	0.2811117705
0.2798883573	0.2812948253
0.2800717703	0.2814778802
0.2802551834	0.2816609350
0.2804385965	0.2818439899
0.2806220096	0.2820270447
0.2808054226	0.2822100996
0.2809888357	0.2823931544
0.2811722488	0.2825762093
0.2813556619	0.2827592641
0.2815390750	0.2829423190
0.2817224880	0.2831253738
0.2819059011	0.2833084287
0.2820893142	0.2834914835
0.2822727273	0.2836745384
0.2824561404	0.2838575932
0.2826395534	0.2840406481
0.2828229665	0.2842237029
0.2830063796	0.2844067578
0.2831897927	0.2845898126
0.2833732057	0.2847728674
0.2835566188	0.2849559223
0.2837400319	0.2851389771
0.2839234450	0.2853220320
0.2841068581	0.2855050868
0.2842902711	0.2856881417
0.2844736842	0.2858711965
0.2846570973	0.2860542514
0.2848405104	0.2862373062
0.2850239234	0.2864203611
0.2852073365	0.2866034159
0.2853907496	0.2867864708
0.2855741627	0.2869695256
0.2857575758	0.2871525805
0.2859409888	0.2873356353
0.2861244019	0.2875186902
0.2863078150	0.2877017450
0.2864912281	0.2878847999
0.2866746411	0.2880678547
0.2868580542	0.2882509096
0.2870414673	0.2884339644
0.2872248804	0.2886170193
0.2874082935	0.2888000741
0.2875917065	0.2889831290
0.2877751196	0.2891661838
0.2879585327	0.2893492387
0.2881419458	0.2895322935
0.2883253589	0.2897153484
0.2885087719	0.2898984032
0.2886921850	0.2900814581
0.2888755981	0.2902645129
0.2890590112	0.2904475678
0.2892424242	0.2906306226
0.2894258373	0.2908136775
0.2896092504	0.2909967323
0.2897926635	0.2911797872
0.2899760766	0.2913628420
0.2901594896	0.2915458969
0.2903429027	0.2917289517
0.2905263158	0.2919120066
0.2907097289	0.2920950614
0.2908931419	0.2922781163
0.2910765550	0.2924611711
0.2912599681	0.2926442260
0.2914433812	0.2928272808
0.2916267943	0.2930103357
0.2918102073	0.2931933905
0.2919936204	0.2933764454
0.2921770335	0.2935595002
0.2923604466	0.2937425551
0.2925438596	0.2939256099
0.2927272727	0.2941086648
0.2929106858	0.2942917196
0.2930940989	0.2944747745
0.2932775120	0.2946578293
0.2934609250	0.2948408842
0.2936443381	0.2950239390
0.2938277512	0.2952069939
0.2940111643	0.2953900487
0.2941945774	0.2955731036
0.2943779904	0.2957561584
0.2945614035	0.2959392133
0.2947448166	0.2961222681
0.2949282297	0.2963053230
0.2951116427	0.2964883778
0.2952950558	0.2966714327
0.2954784689	0.2968544875
0.2956618820	0.2970375424
0.2958452951	0.2972205972
0.2960287081	0.2974036521
0.2962121212	0.2975867069
0.2963955343	0.2977697618
0.2965789474	0.2979528166
0.2967623604	0.2981358715
0.2969457735	0.2983189263
0.2971291866	0.2985019812
0.2973125997	0.2986850360
0.2974960128	0.2988680909
0.2976794258	0.2990511457
0.2978628389	0.2992342006
0.2980462520	0.2994172554
0.2982296651	0.2996003103
0.2984130781	0.2997833651
0.2985964912	0.2999664200
0.2987799043	0.3001494748
0.2989633174	0.3003325297
0.2991467305	0.3005155845
0.2993301435	0.3006986394
0.2995135566	0.3008816942
0.2996969697	0.3010647491
0.2998803828	0.3012478039
0.3000637959	0.3014308588
0.3002472089	0.3016139136
0.3004306220	0.3017969685
0.3006140351	0.3019800233
0.3007974482	0.3021630781
0.3009808612	0.3023461330
0.3011642743	0.3025291878
0.3013476874	0.3027122427
0.3015311005	0.3028952975
0.3017145136	0.3030783524
0.3018979266	0.3032614072
0.3020813397	0.3034444621
0.3022647528	0.3036275169
0.3024481659	0.3038105718
0.3026315789	0.3039936266
0.3028149920	0.3041766815
0.3029984051	0.3043597363
0.3031818182	0.3045427912
0.3033652313	0.3047258460
0.3035486443	0.3049089009
0.3037320574	0.3050919557
0.3039154705	0.3052750106
0.3040988836	0.3054580654
0.3042822967	0.3056411203
0.3044657097	0.3058241751
0.3046491228	0.3060072300
0.3048325359	0.3061902848
0.3050159490	0.3063733397
0.3051993620	0.3065563945
0.3053827751	0.3067394494
0.3055661882	0.3069225042
0.3057496013	0.3071055591
0.3059330144	0.3072886139
0.3061164274	0.3074716688
0.3062998405	0.3076547236
0.3064832536	0.3078377785
0.3066666667	0.3080208333
0.3068500797	0.3082038882
0.3070334928	0.3083869430
0.3072169059	0.3085699979
0.3074003190	0.3087530527
0.3075837321	0.3089361076
0.3077671451	0.3091191624
0.3079505582	0.3093022173
0.3081339713	0.3094852721
0.3083173844	0.3096683270
0.3085007974	0.3098513818
0.3086842105	0.3100344367
0.3088676236	0.3102174915
0.3090510367	0.3104005464
0.3092344498	0.3105836012
0.3094178628	0.3107666561
0.3096012759	0.3109497109
0.3097846890	0.3111327658
0.3099681021	0.3113158206
0.3101515152	0.3114988755
0.3103349282	0.3116819303
0.3105183413	0.3118649852
0.3107017544	0.3120480400
0.3108851675	0.3122310949
0.3110685805	0.3124141497
0.3112519936	0.3125972046
0.3114354067	0.3127802594
0.3116188198	0.3129633143
0.3118022329	0.3131463691
0.3119856459	0.3133294240
0.3121690590	0.3135124788
0.3123524721	0.3136955337
0.3125358852	0.3138785885
0.3127192982	0.3140616434
0.3129027113	0.3142446982
0.3130861244	0.3144277531
0.3132695375	0.3146108079
0.3134529506	0.3147938628
0.3136363636	0.3149769176
0.3138197767	0.3151599725
0.3140031898	0.3153430273
0.3141866029	0.3155260822
0.3143700159	0.3157091370
0.3145534290	0.3158921919
0.3147368421	0.3160752467
0.3149202552	0.3162583016
0.3151036683	0.3164413564
0.3152870813	0.3166244113
0.3154704944	0.3168074661
0.3156539075	0.3169905210
0.3158373206	0.3171735758
0.3160207337	0.3173566307
0.3162041467	0.3175396855
0.3163875598	0.3177227404
0.3165709729	0.3179057952
0.3167543860	0.3180888501
0.3169377990	0.3182719049
0.3171212121	0.3184549598
0.3173046252	0.3186380146
0.3174880383	0.3188210695
0.3176714514	0.3190041243
0.3178548644	0.3191871792
0.3180382775	0.3193702340
0.3182216906	0.3195532889
0.3184051037	0.3197363437
0.3185885167	0.3199193985
0.3187719298	0.3201024534
0.3189553429	0.3202855082
0.3191387560	0.3204685631
0.3193221691	0.3206516179
0.3195055821	0.3208346728
0.3196889952	0.3210177276
0.3198724083	0.3212007825
0.3200558214	0.3213838373
0.3202392344	0.3215668922
0.3204226475	0.3217499470
0.3206060606	0.3219330019
0.3207894737	0.3221160567
0.3209728868	0.3222991116
0.3211562998	0.3224821664
0.3213397129	0.3226652213
0.3215231260	0.3228482761
0.3217065391	0.3230313310
0.3218899522	0.3232143858
0.3220733652	0.3233974407
0.3222567783	0.3235804955
0.3224401914	0.3237635504
0.3226236045	0.3239466052
0.3228070175	0.3241296601
0.3229904306	0.3243127149
0.3231738437	0.3244957698
0.3233572568	0.3246788246
0.3235406699	0.3248618795
0.3237240829	0.3250449343
0.3239074960	0.3252279892
0.3240909091	0.3254110440
0.3242743222	0.3255940989
0.3244577352	0.3257771537
0.3246411483	0.3259602086
0.3248245614	0.3261432634
0.3250079745	0.3263263183
0.3251913876	0.3265093731
0.3253748006	0.3266924280
0.3255582137	0.3268754828
0.3257416268	0.3270585377
0.3259250399	0.3272415925
0.3261084530	0.3274246474
0.3262918660	0.3276077022
0.3264752791	0.3277907571
0.3266586922	0.3279738119
0.3268421053	0.3281568668
0.3270255183	0.3283399216
0.3272089314	0.3285229765
0.3273923445	0.3287060313
0.3275757576	0.3288890862
0.3277591707	0.3290721410
0.3279425837	0.3292551959
0.3281259968	0.3294382507
0.3283094099	0.3296213056
0.3284928230	0.3298043604
0.3286762360	0.3299874153
0.3288596491	0.3301704701
0.3290430622	0.3303535250
0.3292264753	0.3305365798
0.3294098884	0.3307196347
0.3295933014	0.3309026895
0.3297767145	0.3310857444
0.3299601276	0.3312687992
0.3301435407	0.3314518541
0.3303269537	0.3316349089
0.3305103668	0.3318179638
0.3306937799	0.3320010186
0.3308771930	0.3321840735
0.3310606061	0.3323671283
0.3312440191	0.3325501832
0.3314274322	0.3327332380
0.3316108453	0.3329162929
0.3317942584	0.3330993477
0.3319776715	0.3332824026
0.3321610845	0.3334654574
0.3323444976	0.3336485123
0.3325279107	0.3338315671
0.3327113238	0.3340146220
0.3328947368	0.3341976768
0.3330781499	0.3343807317
0.3332615630	0.3345637865
0.3334449761	0.3347468414
0.3336283892	0.3349298962
0.3338118022	0.3351129511
0.3339952153	0.3352960059
0.3341786284	0.3354790608
0.3343620415	0.3356621156
0.3345454545	0.3358451705
0.3347288676	0.3360282253
0.3349122807	0.3362112802
0.3350956938	0.3363943350
0.3352791069	0.3365773899
0.3354625199	0.3367604447
0.3356459330	0.3369434996
0.3358293461	0.3371265544
0.3360127592	0.3373096093
0.3361961722	0.3374926641
0.3363795853	0.3376757189
0.3365629984	0.3378587738
0.3367464115	0.3380418286
0.3369298246	0.3382248835
0.3371132376	0.3384079383
0.3372966507	0.3385909932
0.3374800638	0.3387740480
0.3376634769	0.3389571029
0.3378468900	0.3391401577
0.3380303030	0.3393232126
0.3382137161	0.3395062674
0.3383971292	0.3396893223
0.3385805423	0.3398723771
0.3387639553	0.3400554320
0.3389473684	0.3402384868
0.3391307815	0.3404215417
0.3393141946	0.3406045965
0.3394976077	0.3407876514
0.3396810207	0.3409707062
0.3398644338	0.3411537611
0.3400478469	0.3413368159
0.3402312600	0.3415198708
0.3404146730	0.3417029256
0.3405980861	0.3418859805
0.3407814992	0.3420690353
0.3409649123	0.3422520902
0.3411483254	0.3424351450
0.3413317384	0.3426181999
0.3415151515	0.3428012547
0.3416985646	0.3429843096
0.3418819777	0.3431673644
0.3420653907	0.3433504193
0.3422488038	0.3435334741
0.3424322169	0.3437165290
0.3426156300	0.3438995838
0.3427990431	0.3440826387
0.3429824561	0.3442656935
0.3431658692	0.3444487484
0.3433492823	0.3446318032
0.3435326954	0.3448148581
0.3437161085	0.3449979129
0.3438995215	0.3451809678
0.3440829346	0.3453640226
0.3442663477	0.3455470775
0.3444497608	0.3457301323
0.3446331738	0.3459131872
0.3448165869	0.3460962420
0.3450000000	0.3462792969
0.3451834131	0.3464623517
0.3453668262	0.3466454066
0.3455502392	0.3468284614
0.3457336523	0.3470115163
0.3459170654	0.3471945711
0.3461004785	0.3473776260
0.3462838915	0.3475606808
0.3464673046	0.3477437357
0.3466507177	0.3479267905
0.3468341308	0.3481098454
0.3470175439	0.3482929002
0.3472009569	0.3484759551
0.3473843700	0.3486590099
0.3475677831	0.3488420648
0.3477511962	0.3490251196
0.3479346093	0.3492081745
0.3481180223	0.3493912293
0.3483014354	0.3495742842
0.3484848485	0.3497573390
0.3486682616	0.3499403939
0.3488516746	0.3501234487
0.3490350877	0.3503065036
0.3492185008	0.3504895584
0.3494019139	0.3506726133
0.3495853270	0.3508556681
0.3497687400	0.3510387230
0.3499521531	0.3512217778
0.3501355662	0.3514048327
0.3503189793	0.3515878875
0.3505023923	0.3517709424
0.3506858054	0.3519539972
0.3508692185	0.3521370521
0.3510526316	0.3523201069
0.3512360447	0.3525031618
0.3514194577	0.3526862166
0.3516028708	0.3528692715
0.3517862839	0.3530523263
0.3519696970	0.3532353812
0.3521531100	0.3534184360
0.3523365231	0.3536014909
0.3525199362	0.3537845457
0.3527033493	0.3539676006
0.3528867624	0.3541506554
0.3530701754	0.3543337103
0.3532535885	0.3545167651
0.3534370016	0.3546998200
0.3536204147	0.3548828748
0.3538038278	0.3550659297
0.3539872408	0.3552489845
0.3541706539	0.3554320393
0.3543540670	0.3556150942
0.3545374801	0.3557981490
0.3547208931	0.3559812039
0.3549043062	0.3561642587
0.3550877193	0.3563473136
0.3552711324	0.3565303684
0.3554545455	0.3567134233
0.3556379585	0.3568964781
0.3558213716	0.3570795330
0.3560047847	0.3572625878
0.3561881978	0.3574456427
0.3563716108	0.3576286975
0.3565550239	0.3578117524
0.3567384370	0.3579948072
0.3569218501	0.3581778621
0.3571052632	0.3583609169
0.3572886762	0.3585439718
0.3574720893	0.3587270266
0.3576555024	0.3589100815
0.3578389155	0.3590931363
0.3580223285	0.3592761912
0.3582057416	0.3594592460
0.3583891547	0.3596423009
0.3585725678	0.3598253557
0.3587559809	0.3600084106
0.3589393939	0.3601914654
0.3591228070	0.3603745203
0.3593062201	0.3605575751
0.3594896332	0.3607406300
0.3596730463	0.3609236848
0.3598564593	0.3611067397
0.3600398724	0.3612897945
0.3602232855	0.3614728494
0.3604066986	0.3616559042
0.3605901116	0.3618389591
0.3607735247	0.3620220139
0.3609569378	0.3622050688
0.3611403509	0.3623881236
0.3613237640	0.3625711785
0.3615071770	0.3627542333
0.3616905901	0.3629372882
0.3618740032	0.3631203430
0.3620574163	0.3633033979
0.3622408293	0.3634864527
0.3624242424	0.3636695076
0.3626076555	0.3638525624
0.3627910686	0.3640356173
0.3629744817	0.3642186721
0.3631578947	0.3644017270
0.3633413078	0.3645847818
0.3635247209	0.3647678367
0.3637081340	0.3649508915
0.3638915470	0.3651339464
0.3640749601	0.3653170012
0.3642583732	0.3655000561
0.3644417863	0.3656831109
0.3646251994	0.3658661658
0.3648086124	0.3660492206
0.3649920255	0.3662322755
0.3651754386	0.3664153303
0.3653588517	0.3665983852
0.3655422648	0.3667814400
0.3657256778	0.3669644949
0.3659090909	0.3671475497
0.3660925040	0.3673306046
0.3662759171	0.3675136594
0.3664593301	0.3676967143
0.3666427432	0.3678797691
0.3668261563	0.3680628240
