0.7981325085	0.7985267809
0.7981325085	0.0003942724
0.7919373723	0.7923437447
0.7919373723	0.0004063723
0.3083588912	0.3097097527
0.3083588912	0.0013508615
0.1858051937	0.1873954179
0.1858051937	0.0015902242
0.3577955981	0.3590499036
0.3577955981	0.0012543055
0.9956379576	0.9956464772
0.9956379576	0.0000085196
0.6317062074	0.6324255313
0.6317062074	0.0007193238
0.8723812857	0.8726305410
0.8723812857	0.0002492553
0.3341162597	0.3354168139
0.3341162597	0.0013005542
0.6674831486	0.6681325956
0.6674831486	0.0006494470
0.9077913909	0.9079714859
0.9077913909	0.0001800949
0.5105942431	0.5115501137
0.5105942431	0.0009558706
0.5534425356	0.5543147182
0.5534425356	0.0008721825
0.4151887224	0.4163309319
0.4151887224	0.0011422095
0.1926070185	0.1941839579
0.1926070185	0.0015769394
0.8834703836	0.8836979805
0.8834703836	0.0002275969
0.4135375483	0.4146829828
0.4135375483	0.0011454345
0.2920717342	0.2934544066
0.2920717342	0.0013826724
0.4621737704	0.4632242122
0.4621737704	0.0010504419
0.1592068300	0.1608490042
0.1592068300	0.0016421742
0.1283080404	0.1300105637
0.1283080404	0.0017025234
0.3432383345	0.3445210722
0.3432383345	0.0012827376
0.0405410764	0.0424150196
0.0405410764	0.0018739432
0.6980305507	0.6986203348
0.6980305507	0.0005897841
0.0938969810	0.0956667135
0.0938969810	0.0017697325
0.1977099092	0.1992768820
0.1977099092	0.0015669728
0.0519114864	0.0537632218
0.0519114864	0.0018517354
0.1612789057	0.1629170328
0.1612789057	0.0016381271
0.4630354437	0.4640842026
0.4630354437	0.0010487589
0.8838662852	0.8840931088
0.8838662852	0.0002268237
0.7064535649	0.7070268978
0.7064535649	0.0005733329
0.1410135076	0.1426912156
0.1410135076	0.0016777080
0.6945973828	0.6951938723
0.6945973828	0.0005964895
0.0935045421	0.0952750410
0.0935045421	0.0017704989
0.1167979317	0.1185229357
0.1167979317	0.0017250040
0.4559204466	0.4569831020
0.4559204466	0.0010626554
0.2604958283	0.2619401724
0.2604958283	0.0014443441
0.6466366419	0.6473268047
0.6466366419	0.0006901628
0.7781223261	0.7785556810
0.7781223261	0.0004333548
0.1445307089	0.1462015474
0.1445307089	0.0016708385
0.0677296593	0.0695504998
0.0677296593	0.0018208405
0.1789548144	0.1805584183
0.1789548144	0.0016036039
0.7186966794	0.7192460999
0.7186966794	0.0005494205
0.0592160755	0.0610535441
0.0592160755	0.0018374686
0.0789817605	0.0807806242
0.0789817605	0.0017988637
0.4705185100	0.4715526536
0.4705185100	0.0010341435
0.7885146853	0.7889277425
0.7885146853	0.0004130573
0.8883405789	0.8885586637
0.8883405789	0.0002180848
0.5439499615	0.5448406842
0.5439499615	0.0008907227
0.1731449358	0.1747598871
0.1731449358	0.0016149513
0.0893568895	0.0911354894
0.0893568895	0.0017785998
0.4175308030	0.4186684382
0.4175308030	0.0011376352
0.1684976914	0.1701217193
0.1684976914	0.0016240279
0.9514088268	0.9515037314
0.9514088268	0.0000949046
0.0888071879	0.0905868614
0.0888071879	0.0017796735
0.4362680229	0.4373690619
0.4362680229	0.0011010390
0.8285790455	0.8289138520
0.8285790455	0.0003348066
0.9870118370	0.9870372045
0.9870118370	0.0000253675
0.8539673451	0.8542525652
0.8539673451	0.0002852200
0.2739244830	0.2753425993
0.2739244830	0.0014181162
0.5166061501	0.5175502787
0.5166061501	0.0009441286
0.7274691947	0.7280014814
0.7274691947	0.0005322867
0.8012022917	0.8015905685
0.8012022917	0.0003882768
0.0971710761	0.0989344138
0.0971710761	0.0017633377
0.4399447015	0.4410385595
0.4399447015	0.0010938580
0.3203692389	0.3216966427
0.3203692389	0.0013274038
0.6843017336	0.6849183318
0.6843017336	0.0006165982
0.7968660556	0.7972628016
0.7968660556	0.0003967460
0.9818807429	0.9819161321
0.9818807429	0.0000353892
0.4821908828	0.4832022287
0.4821908828	0.0010113459
0.1676533662	0.1692790432
0.1676533662	0.0016256770
0.1019647734	0.1037187484
0.1019647734	0.0017539751
0.1387432238	0.1404253659
0.1387432238	0.0016821421
0.9256690148	0.9258141925
0.9256690148	0.0001451777
0.5286113363	0.5295320172
0.5286113363	0.0009206810
0.4387525099	0.4398486964
0.4387525099	0.0010961865
0.2610075861	0.2624509307
0.2610075861	0.0014433446
0.8301465150	0.8304782601
0.8301465150	0.0003317451
0.6100786360	0.6108402011
0.6100786360	0.0007615652
0.7997107858	0.8001019757
0.7997107858	0.0003911899
0.7771134125	0.7775487378
0.7771134125	0.0004353254
0.2742037189	0.2756212898
0.2742037189	0.0014175709
0.5689407705	0.5697826831
0.5689407705	0.0008419126
0.4392540716	0.4403492785
0.4392540716	0.0010952069
0.8719303580	0.8721804940
0.8719303580	0.0002501360
0.0099149735	0.0118487333
0.0099149735	0.0019337598
0.4753567178	0.4763814117
0.4753567178	0.0010246939
0.4745774692	0.4756036851
0.4745774692	0.0010262159
0.9147644593	0.9149309350
0.9147644593	0.0001664757
0.4998567637	0.5008336059
0.4998567637	0.0009768423
0.6150740671	0.6158258756
0.6150740671	0.0007518085
0.0987580160	0.1005182542
0.0987580160	0.0017602383
0.9650342780	0.9651025705
0.9650342780	0.0000682924
0.6346996105	0.6354130878
0.6346996105	0.0007134773
0.5526614723	0.5535351803
0.5526614723	0.0008737081
0.5313312904	0.5322466590
0.5313312904	0.0009153686
0.3386729153	0.3399645698
0.3386729153	0.0012916545
0.5414473548	0.5423429655
0.5414473548	0.0008956106
0.6145623909	0.6153151987
0.6145623909	0.0007528078
0.7682155567	0.7686682607
0.7682155567	0.0004527040
0.4450081278	0.4460920963
0.4450081278	0.0010839685
0.0290251245	0.0309215598
0.0290251245	0.0018964353
0.7348462475	0.7353641259
0.7348462475	0.0005178784
0.5629170454	0.5637707230
0.5629170454	0.0008536776
0.8681443788	0.8684019093
0.8681443788	0.0002575305
0.2265532549	0.2280638930
0.2265532549	0.0015106382
0.5768596098	0.5776860559
0.5768596098	0.0008264461
0.0189475545	0.0208636725
0.0189475545	0.0019161181
0.6970076636	0.6975994455
0.6970076636	0.0005917819
0.0306967286	0.0325898991
0.0306967286	0.0018931705
0.3570031062	0.3582589595
0.3570031062	0.0012558533
0.9715143714	0.9715700074
0.9715143714	0.0000556360
0.5180605095	0.5190017976
0.5180605095	0.0009412881
0.8782793771	0.8785171127
0.8782793771	0.0002377356
0.3120082010	0.3133519350
0.3120082010	0.0013437340
0.6024324379	0.6032089370
0.6024324379	0.0007764991
0.1734139063	0.1750283322
0.1734139063	0.0016144260
0.2311545143	0.2326561657
0.2311545143	0.0015016513
0.8768472688	0.8770878015
0.8768472688	0.0002405327
0.0096190166	0.0115533544
0.0096190166	0.0019343379
0.8657675445	0.8660297173
0.8657675445	0.0002621728
0.7144888696	0.7150465086
0.7144888696	0.0005576389
0.3652812879	0.3665209729
0.3652812879	0.0012396850
0.4213945577	0.4225246465
0.4213945577	0.0011300888
0.6867457321	0.6873575568
0.6867457321	0.0006118247
0.5136306876	0.5145806276
0.5136306876	0.0009499401
0.5731810825	0.5740147132
0.5731810825	0.0008336307
0.2231065212	0.2246238913
0.2231065212	0.0015173701
0.0122328526	0.0141620853
0.0122328526	0.0019292327
0.3813669828	0.3825752505
0.3813669828	0.0012082676
0.6703710080	0.6710148147
0.6703710080	0.0006438066
0.7049113529	0.7054876979
0.7049113529	0.0005763450
0.0623499594	0.0641813072
0.0623499594	0.0018313477
0.5095668280	0.5105247052
0.5095668280	0.0009578773
0.4490544894	0.4501305548
0.4490544894	0.0010760655
0.9179081183	0.9180684540
0.9179081183	0.0001603357
0.0516709541	0.0535231593
0.0516709541	0.0018522052
0.7484971842	0.7489884006
0.7484971842	0.0004912164
0.2568323135	0.2582838129
0.2568323135	0.0014514994
0.0344043261	0.0362902552
0.0344043261	0.0018859291
0.0210348073	0.0229468486
0.0210348073	0.0019120414
0.4395580191	0.4406526323
0.4395580191	0.0010946132
0.7651062089	0.7655649858
0.7651062089	0.0004587769
0.2568845038	0.2583359012
0.2568845038	0.0014513975
0.2974342940	0.2988064927
0.2974342940	0.0013721986
0.7603842102	0.7608522098
0.7603842102	0.0004679996
0.0749317407	0.0767385146
0.0749317407	0.0018067739
0.8327248612	0.8330515705
0.8327248612	0.0003267093
0.2199266444	0.2214502252
0.2199266444	0.0015235808
0.3555415598	0.3568002677
0.3555415598	0.0012587079
