0.0014860184	0.0024611297	0.0009047441	-0.0014258242
0.0014860184	0.0009751113	0.0009274094	-0.0008514670
0.0008584336	0.0018341578	0.0005226468	-0.0008236610
0.0008584336	0.0009757242	0.0005357399	-0.0004918700
0.0003510225	0.0013272422	0.0002137158	-0.0003368037
0.0003510225	0.0009762197	0.0002190697	-0.0002011308
0.0015276153	0.0025026860	0.0009300699	-0.0014657361
0.0015276153	0.0009750707	0.0009533696	-0.0008753014
0.0016458144	0.0026207697	0.0010020340	-0.0015791474
0.0016458144	0.0009749553	0.0010271365	-0.0009430278
0.0003640063	0.0013402133	0.0002216208	-0.0003492615
0.0003640063	0.0009762070	0.0002271727	-0.0002085703
0.0007035451	0.0016794206	0.0004283448	-0.0006750466
0.0007035451	0.0009758754	0.0004390755	-0.0004031212
0.0008428877	0.0018186270	0.0005131818	-0.0008087448
0.0008428877	0.0009757394	0.0005260379	-0.0004829624
0.0017199801	0.0026948629	0.0010471888	-0.0016503088
0.0017199801	0.0009748828	0.0010734225	-0.0009855236
0.0002079596	0.0011843190	0.0001266136	-0.0001995358
0.0002079596	0.0009763594	0.0001297855	-0.0001191578
0.0019196889	0.0028943767	0.0011687791	-0.0018419280
0.0019196889	0.0009746878	0.0011980588	-0.0010999539
0.0004869381	0.0014630250	0.0002964663	-0.0004672137
0.0004869381	0.0009760870	0.0003038932	-0.0002790085
0.0017046185	0.0026795163	0.0010378361	-0.0016355695
0.0017046185	0.0009748978	0.0010638356	-0.0009767217
0.0004880623	0.0014641481	0.0002971507	-0.0004682923
0.0004880623	0.0009760859	0.0003045948	-0.0002796526
0.0019355140	0.0029101864	0.0011784140	-0.0018571121
0.0019355140	0.0009746723	0.0012079352	-0.0011090215
0.0010357605	0.0020113115	0.0006306101	-0.0009938049
0.0010357605	0.0009755510	0.0006464079	-0.0005934758
0.0001513139	0.0011277287	0.0000921256	-0.0001451847
0.0001513139	0.0009764147	0.0000944335	-0.0000867007
0.0005770685	0.0015530675	0.0003513411	-0.0005536932
0.0005770685	0.0009759990	0.0003601428	-0.0003306519
0.0006823418	0.0016582379	0.0004154354	-0.0006547021
0.0006823418	0.0009758962	0.0004258428	-0.0003909719
0.0005618789	0.0015378926	0.0003420931	-0.0005391188
0.0005618789	0.0009760138	0.0003506630	-0.0003219484
0.0005512584	0.0015272826	0.0003356269	-0.0005289286
0.0005512584	0.0009760242	0.0003440349	-0.0003158631
0.0016357485	0.0026107136	0.0009959055	-0.0015694892
0.0016357485	0.0009749651	0.0010208545	-0.0009372602
0.0006533825	0.0016293069	0.0003978039	-0.0006269159
0.0006533825	0.0009759244	0.0004077695	-0.0003743787
0.0018332312	0.0028080034	0.0011161404	-0.0017589724
0.0018332312	0.0009747722	0.0011441015	-0.0010504149
0.0012430085	0.0022183571	0.0007567905	-0.0011926579
0.0012430085	0.0009753486	0.0007757493	-0.0007122259
0.0005039232	0.0014799936	0.0003068075	-0.0004835108
0.0005039232	0.0009760704	0.0003144935	-0.0002887407
0.0012742733	0.0022495914	0.0007758257	-0.0012226563
0.0012742733	0.0009753181	0.0007952614	-0.0007301401
0.0011564326	0.0021318658	0.0007040799	-0.0011095890
0.0011564326	0.0009754332	0.0007217182	-0.0006626191
0.0003982323	0.0013744059	0.0002424589	-0.0003821011
0.0003982323	0.0009761736	0.0002485329	-0.0002281813
0.0011011371	0.0020766243	0.0006704139	-0.0010565333
0.0011011371	0.0009754872	0.0006872088	-0.0006309356
0.0018868070	0.0028615270	0.0011487594	-0.0018103781
0.0018868070	0.0009747199	0.0011775376	-0.0010811131
0.0017827754	0.0027575969	0.0010854210	-0.0017105605
0.0017827754	0.0009748215	0.0011126125	-0.0010215045
0.0010673543	0.0020428745	0.0006498456	-0.0010241190
0.0010673543	0.0009755202	0.0006661253	-0.0006115786
0.0011826430	0.0021580506	0.0007200377	-0.0011347377
0.0011826430	0.0009754076	0.0007380758	-0.0006776373
0.0005626765	0.0015386895	0.0003425787	-0.0005398842
0.0005626765	0.0009760130	0.0003511608	-0.0003224055
0.0005101854	0.0014862497	0.0003106201	-0.0004895193
0.0005101854	0.0009760643	0.0003184017	-0.0002923288
0.0013551218	0.0023303610	0.0008250493	-0.0013002299
0.0013551218	0.0009752391	0.0008457181	-0.0007764652
0.0011976811	0.0021730740	0.0007291935	-0.0011491666
0.0011976811	0.0009753929	0.0007474609	-0.0006862539
0.0016121023	0.0025870904	0.0009815087	-0.0015468008
0.0016121023	0.0009749882	0.0010060971	-0.0009237112
0.0015826737	0.0025576906	0.0009635915	-0.0015185643
0.0015826737	0.0009750169	0.0009877310	-0.0009068491
0.0012157453	0.0021911206	0.0007401917	-0.0011664991
0.0012157453	0.0009753752	0.0007587346	-0.0006966045
0.0005500562	0.0015260815	0.0003348950	-0.0005277750
0.0005500562	0.0009760253	0.0003432846	-0.0003151742
0.0003783752	0.0013545682	0.0002303691	-0.0003630484
0.0003783752	0.0009761930	0.0002361402	-0.0002168035
0.0012627824	0.0022381117	0.0007688296	-0.0012116308
0.0012627824	0.0009753293	0.0007880900	-0.0007235560
0.0015397518	0.0025148106	0.0009374590	-0.0014773810
0.0015397518	0.0009750588	0.0009609439	-0.0008822554
0.0005911701	0.0015671552	0.0003599267	-0.0005672235
0.0005911701	0.0009759852	0.0003689434	-0.0003387319
0.0013263517	0.0023016190	0.0008075330	-0.0012726252
0.0013263517	0.0009752672	0.0008277630	-0.0007599803
0.0017600136	0.0027348574	0.0010715628	-0.0016887207
0.0017600136	0.0009748437	0.0010984071	-0.0010084623
0.0016180684	0.0025930508	0.0009851412	-0.0015525253
0.0016180684	0.0009749824	0.0010098205	-0.0009271297
0.0018093466	0.0027841422	0.0011015986	-0.0017360554
0.0018093466	0.0009747956	0.0011291953	-0.0010367294
0.0000055251	0.0009820822	0.0000033639	-0.0000053013
0.0000055251	0.0009765571	0.0000034482	-0.0000031658
0.0011481736	0.0021236149	0.0006990515	-0.0011016645
0.0011481736	0.0009754412	0.0007165638	-0.0006578869
0.0013147049	0.0022899835	0.0008004420	-0.0012614501
0.0013147049	0.0009752786	0.0008204943	-0.0007533069
0.0012011099	0.0021764995	0.0007312811	-0.0011524565
0.0012011099	0.0009753895	0.0007496008	-0.0006882186
0.0017362474	0.0027111143	0.0010570930	-0.0016659171
0.0017362474	0.0009748669	0.0010835748	-0.0009948446
0.0003348673	0.0013111028	0.0002038798	-0.0003213028
0.0003348673	0.0009762355	0.0002089874	-0.0001918741
0.0016947253	0.0026696328	0.0010318128	-0.0016260770
0.0016947253	0.0009749075	0.0010576613	-0.0009710530
0.0019424080	0.0029170736	0.0011826113	-0.0018637268
0.0019424080	0.0009746656	0.0012122376	-0.0011129716
0.0001466967	0.0011231159	0.0000893145	-0.0001407544
0.0001466967	0.0009764192	0.0000915519	-0.0000840551
0.0013422061	0.0023174578	0.0008171857	-0.0012878373
0.0013422061	0.0009752518	0.0008376575	-0.0007690646
0.0018641598	0.0028389018	0.0011349709	-0.0017886482
0.0018641598	0.0009747420	0.0011634037	-0.0010681365
0.0015552352	0.0025302790	0.0009468860	-0.0014922373
0.0015552352	0.0009750437	0.0009706069	-0.0008911273
0.0011669552	0.0021423781	0.0007104864	-0.0011196853
0.0011669552	0.0009754229	0.0007282852	-0.0006686484
0.0011154105	0.0020908837	0.0006791040	-0.0010702285
0.0011154105	0.0009754732	0.0006961167	-0.0006391140
0.0002322125	0.0012085483	0.0001413798	-0.0002228063
0.0002322125	0.0009763357	0.0001449216	-0.0001330544
0.0014800443	0.0024551614	0.0009011068	-0.0014200921
0.0014800443	0.0009751171	0.0009236810	-0.0008480439
0.0017356267	0.0027104943	0.0010567151	-0.0016653217
0.0017356267	0.0009748676	0.0010831875	-0.0009944890
0.0009996823	0.0019752685	0.0006086443	-0.0009591881
0.0009996823	0.0009755862	0.0006238918	-0.0005728034
0.0007201114	0.0016959706	0.0004384310	-0.0006909418
0.0007201114	0.0009758593	0.0004494144	-0.0004126134
0.0007881513	0.0017639441	0.0004798563	-0.0007562256
0.0007881513	0.0009757928	0.0004918774	-0.0004515993
0.0001766619	0.0011530519	0.0001075585	-0.0001695059
0.0001766619	0.0009763900	0.0001102530	-0.0001012247
0.0013385612	0.0023138165	0.0008149666	-0.0012843401
0.0013385612	0.0009752553	0.0008353828	-0.0007669762
0.0016756553	0.0026505814	0.0010202022	-0.0016077795
0.0016756553	0.0009749261	0.0010457599	-0.0009601262
0.0012179152	0.0021932883	0.0007415128	-0.0011685810
0.0012179152	0.0009753731	0.0007600888	-0.0006978477
0.0010288839	0.0020044416	0.0006264234	-0.0009872069
0.0010288839	0.0009755577	0.0006421163	-0.0005895356
0.0014211443	0.0023963189	0.0008652463	-0.0013635779
0.0014211443	0.0009751747	0.0008869221	-0.0008142951
0.0016097861	0.0025847766	0.0009800986	-0.0015445785
0.0016097861	0.0009749904	0.0010046516	-0.0009223841
0.0009720037	0.0019476170	0.0005917926	-0.0009326308
0.0009720037	0.0009756133	0.0006066179	-0.0005569441
0.0014787623	0.0024538807	0.0009003264	-0.0014188621
0.0014787623	0.0009751184	0.0009228810	-0.0008473094
0.0017195608	0.0026944440	0.0010469335	-0.0016499065
0.0017195608	0.0009748832	0.0010731609	-0.0009852834
0.0011160284	0.0020915010	0.0006794802	-0.0010708214
0.0011160284	0.0009754726	0.0006965023	-0.0006394681
0.0003861157	0.0013623011	0.0002350818	-0.0003704753
0.0003861157	0.0009761854	0.0002409710	-0.0002212387
0.0001492022	0.0011256190	0.0000908400	-0.0001431585
0.0001492022	0.0009764168	0.0000931156	-0.0000854907
0.0007240666	0.0016999220	0.0004408391	-0.0006947369
0.0007240666	0.0009758554	0.0004518828	-0.0004148797
0.0013564263	0.0023316641	0.0008258435	-0.0013014815
0.0013564263	0.0009752379	0.0008465322	-0.0007772126
0.0009352324	0.0019108816	0.0005694048	-0.0008973489
0.0009352324	0.0009756492	0.0005836693	-0.0005358746
0.0000549588	0.0010314677	0.0000334610	-0.0000527326
0.0000549588	0.0009765088	0.0000342993	-0.0000314906
0.0002807344	0.0012570228	0.0001709217	-0.0002693627
0.0002807344	0.0009762883	0.0001752036	-0.0001608568
0.0018117892	0.0027865823	0.0011030857	-0.0017383990
0.0018117892	0.0009747932	0.0011307197	-0.0010381289
0.0008888767	0.0018645711	0.0005411817	-0.0008528709
0.0008888767	0.0009756945	0.0005547391	-0.0005093135
0.0008835522	0.0018592518	0.0005379399	-0.0008477621
0.0008835522	0.0009756997	0.0005514162	-0.0005062626
0.0001562177	0.0011326277	0.0000951113	-0.0001498898
0.0001562177	0.0009764099	0.0000974940	-0.0000895105
0.0005634254	0.0015394377	0.0003430346	-0.0005406027
0.0005634254	0.0009760123	0.0003516282	-0.0003228346
0.0018893225	0.0028640399	0.0011502909	-0.0018127916
0.0018893225	0.0009747175	0.0011791075	-0.0010825544
0.0005780756	0.0015540735	0.0003519542	-0.0005546594
0.0005780756	0.0009759980	0.0003607712	-0.0003312289
0.0001040985	0.0010805593	0.0000633791	-0.0000998817
0.0001040985	0.0009764608	0.0000649668	-0.0000596469
0.0017435373	0.0027183971	0.0010615314	-0.0016729118
0.0017435373	0.0009748598	0.0010881244	-0.0009990216
0.0004714232	0.0014475253	0.0002870203	-0.0004523273
0.0004714232	0.0009761021	0.0002942106	-0.0002701187
0.0015140705	0.0024891544	0.0009218233	-0.0014527400
0.0015140705	0.0009750839	0.0009449164	-0.0008675405
0.0014831280	0.0024582421	0.0009029843	-0.0014230509
0.0014831280	0.0009751141	0.0009256055	-0.0008498108
0.0009034765	0.0018791567	0.0005500706	-0.0008668794
0.0009034765	0.0009756802	0.0005638508	-0.0005176790
0.0001342844	0.0011107158	0.0000817574	-0.0001288450
0.0001342844	0.0009764314	0.0000838056	-0.0000769430
0.0010370202	0.0020125700	0.0006313771	-0.0009950136
0.0010370202	0.0009755498	0.0006471941	-0.0005941976
0.0007863385	0.0017621331	0.0004787526	-0.0007544862
0.0007863385	0.0009757946	0.0004907461	-0.0004505606
0.0017375520	0.0027124177	0.0010578873	-0.0016671690
0.0017375520	0.0009748657	0.0010843890	-0.0009955921
0.0002401163	0.0012164443	0.0001461919	-0.0002303899
0.0002401163	0.0009763280	0.0001498542	-0.0001375832
0.0005589730	0.0015349897	0.0003403239	-0.0005363307
0.0005589730	0.0009760166	0.0003488495	-0.0003202835
0.0002912160	0.0012674941	0.0001773033	-0.0002794197
0.0002912160	0.0009762781	0.0001817450	-0.0001668625
0.0008741688	0.0018498776	0.0005322270	-0.0008387588
0.0008741688	0.0009757088	0.0005455601	-0.0005008861
0.0008591049	0.0018348284	0.0005230555	-0.0008243051
0.0008591049	0.0009757235	0.0005361589	-0.0004922547
0.0013275622	0.0023028283	0.0008082700	-0.0012737866
0.0013275622	0.0009752661	0.0008285185	-0.0007606739
0.0003177842	0.0012940364	0.0001934790	-0.0003049117
0.0003177842	0.0009762522	0.0001983260	-0.0001820858
0.0002363435	0.0012126752	0.0001438949	-0.0002267700
0.0002363435	0.0009763317	0.0001474997	-0.0001354214
0.0016145348	0.0025895206	0.0009829898	-0.0015491348
0.0016145348	0.0009749858	0.0010076152	-0.0009251051
0.0015392879	0.0025143471	0.0009371766	-0.0014769359
0.0015392879	0.0009750593	0.0009606543	-0.0008819896
0.0006962938	0.0016721763	0.0004239300	-0.0006680890
0.0006962938	0.0009758825	0.0004345501	-0.0003989663
0.0015189761	0.0024940552	0.0009248100	-0.0014574469
0.0015189761	0.0009750791	0.0009479780	-0.0008703513
0.0005108521	0.0014869157	0.0003110261	-0.0004901590
0.0005108521	0.0009760636	0.0003188177	-0.0002927109
0.0005785704	0.0015545679	0.0003522555	-0.0005551342
0.0005785704	0.0009759975	0.0003610801	-0.0003315124
0.0018076366	0.0027824339	0.0011005575	-0.0017344147
0.0018076366	0.0009747972	0.0011281282	-0.0010357496
0.0016557371	0.0026306827	0.0010080753	-0.0015886682
0.0016557371	0.0009749456	0.0010333292	-0.0009487134
0.0018181254	0.0027929124	0.0011069434	-0.0017444785
0.0018181254	0.0009747870	0.0011346741	-0.0010417595
0.0017760777	0.0027509058	0.0010813432	-0.0017041341
0.0017760777	0.0009748280	0.0011084325	-0.0010176668
0.0005912626	0.0015672477	0.0003599830	-0.0005673124
0.0005912626	0.0009759851	0.0003690012	-0.0003387849
0.0013157660	0.0022910436	0.0008010881	-0.0012624683
0.0013157660	0.0009752776	0.0008211566	-0.0007539149
0.0002283677	0.0012047072	0.0001390389	-0.0002191172
0.0002283677	0.0009763395	0.0001425220	-0.0001308514
0.0018711618	0.0028458970	0.0011392340	-0.0017953666
0.0018711618	0.0009747352	0.0011677736	-0.0010721486
0.0005719424	0.0015479464	0.0003482201	-0.0005487747
0.0005719424	0.0009760040	0.0003569436	-0.0003277147
0.0010162720	0.0019918421	0.0006187448	-0.0009751059
0.0010162720	0.0009755700	0.0006342453	-0.0005823091
0.0009032944	0.0018789748	0.0005499598	-0.0008667047
0.0009032944	0.0009756804	0.0005637371	-0.0005175746
0.0003556431	0.0013318583	0.0002165290	-0.0003412371
0.0003556431	0.0009762152	0.0002219533	-0.0002037783
0.0017929536	0.0027677652	0.0010916179	-0.0017203264
0.0017929536	0.0009748116	0.0011189646	-0.0010273364
0.0005977263	0.0015737051	0.0003639183	-0.0005735142
0.0005977263	0.0009759788	0.0003730351	-0.0003424885
0.0017448074	0.0027196660	0.0010623046	-0.0016741304
0.0017448074	0.0009748586	0.0010889170	-0.0009997493
0.0016496751	0.0026246266	0.0010043845	-0.0015828516
0.0016496751	0.0009749515	0.0010295459	-0.0009452399
0.0012619963	0.0022373264	0.0007683510	-0.0012108766
0.0012619963	0.0009753301	0.0007875994	-0.0007231056
0.0014987693	0.0024738682	0.0009125074	-0.0014380586
0.0014987693	0.0009750989	0.0009353671	-0.0008587731
0.0011080072	0.0020834877	0.0006745966	-0.0010631251
0.0011080072	0.0009754805	0.0006914963	-0.0006348721
0.0013746977	0.0023499177	0.0008369679	-0.0013190127
0.0013746977	0.0009752200	0.0008579352	-0.0007876818
0.0013612296	0.0023364628	0.0008287680	-0.0013060902
0.0013612296	0.0009752332	0.0008495299	-0.0007799648
0.0002303316	0.0012066691	0.0001402346	-0.0002210015
0.0002303316	0.0009763376	0.0001437476	-0.0001319766
0.0018566408	0.0028313902	0.0011303931	-0.0017814338
0.0018566408	0.0009747494	0.0011587112	-0.0010638283
0.0001227564	0.0010991991	0.0000747388	-0.0001177839
0.0001227564	0.0009764426	0.0000766111	-0.0000703377
0.0005487581	0.0015247847	0.0003341047	-0.0005265296
0.0005487581	0.0009760266	0.0003424745	-0.0003144304
0.0008894479	0.0018651418	0.0005415295	-0.0008534190
0.0008894479	0.0009756939	0.0005550957	-0.0005096408
0.0018721220	0.0028468563	0.0011398186	-0.0017962879
0.0018721220	0.0009747343	0.0011683729	-0.0010726988
0.0017746627	0.0027494922	0.0010804817	-0.0017027764
0.0017746627	0.0009748294	0.0011075495	-0.0010168560
0.0003106376	0.0012868968	0.0001891279	-0.0002980546
0.0003106376	0.0009762591	0.0001938659	-0.0001779909
0.0009831294	0.0019587318	0.0005985663	-0.0009433058
0.0009831294	0.0009756024	0.0006135613	-0.0005633189
0.0007454970	0.0017213315	0.0004538867	-0.0007152991
0.0007454970	0.0009758345	0.0004652573	-0.0004271590
0.0002892338	0.0012655138	0.0001760965	-0.0002775178
0.0002892338	0.0009762800	0.0001805080	-0.0001657268
0.0017505157	0.0027253687	0.0010657801	-0.0016796075
0.0017505157	0.0009748530	0.0010924795	-0.0010030201
0.0009108734	0.0018865464	0.0005545741	-0.0008739767
0.0009108734	0.0009756730	0.0005684671	-0.0005219173
0.0012523478	0.0022276873	0.0007624766	-0.0012016189
0.0012523478	0.0009753395	0.0007815779	-0.0007175771
0.0016222160	0.0025971944	0.0009876664	-0.0015565049
0.0016222160	0.0009749783	0.0010124090	-0.0009295063
0.0002653660	0.0012416693	0.0001615648	-0.0002546168
0.0002653660	0.0009763034	0.0001656123	-0.0001520508
0.0002978302	0.0012741018	0.0001813303	-0.0002857660
0.0002978302	0.0009762717	0.0001858729	-0.0001706524
0.0007309930	0.0017068417	0.0004450562	-0.0007013827
0.0007309930	0.0009758486	0.0004562055	-0.0004188484
0.0003173844	0.0012936370	0.0001932356	-0.0003045281
0.0003173844	0.0009762526	0.0001980765	-0.0001818567
0.0002126284	0.0011889833	0.0001294562	-0.0002040155
0.0002126284	0.0009763549	0.0001326993	-0.0001218330
0.0012229500	0.0021983182	0.0007445781	-0.0011734119
0.0012229500	0.0009753682	0.0007632310	-0.0007007326
0.0016004338	0.0025754333	0.0009744045	-0.0015356050
0.0016004338	0.0009749996	0.0009988149	-0.0009170254
0.0005973480	0.0015733272	0.0003636880	-0.0005731512
0.0005973480	0.0009759792	0.0003727990	-0.0003422718
0.0002550026	0.0012313161	0.0001552552	-0.0002446732
0.0002550026	0.0009763135	0.0001591446	-0.0001461128
0.0013309934	0.0023062561	0.0008103590	-0.0012770788
0.0013309934	0.0009752627	0.0008306598	-0.0007626399
0.0011679426	0.0021433645	0.0007110876	-0.0011206327
0.0011679426	0.0009754219	0.0007289014	-0.0006692142
0.0015166934	0.0024917748	0.0009234203	-0.0014552567
0.0015166934	0.0009750814	0.0009465534	-0.0008690434
0.0010671970	0.0020427173	0.0006497499	-0.0010239680
0.0010671970	0.0009755203	0.0006660271	-0.0006114884
0.0013008870	0.0022761791	0.0007920292	-0.0012481920
0.0013008870	0.0009752921	0.0008118707	-0.0007453894
0.0005708306	0.0015468356	0.0003475432	-0.0005477079
0.0005708306	0.0009760050	0.0003562497	-0.0003270776
0.0001413933	0.0011178177	0.0000860856	-0.0001356659
0.0001413933	0.0009764244	0.0000882422	-0.0000810163
0.0003706858	0.0013468863	0.0002256875	-0.0003556705
0.0003706858	0.0009762005	0.0002313414	-0.0002123976
0.0003788900	0.0013550825	0.0002306825	-0.0003635423
0.0003788900	0.0009761925	0.0002364615	-0.0002170985
0.0005727241	0.0015487273	0.0003486961	-0.0005495248
0.0005727241	0.0009760032	0.0003574315	-0.0003281626
0.0001261229	0.0011025622	0.0000767884	-0.0001210141
0.0001261229	0.0009764393	0.0000787121	-0.0000722666
0.0007334808	0.0017093270	0.0004465708	-0.0007037696
0.0007334808	0.0009758462	0.0004577581	-0.0004202738
0.0003680947	0.0013442977	0.0002241100	-0.0003531843
0.0003680947	0.0009762030	0.0002297243	-0.0002109129
0.0005694186	0.0015454250	0.0003466836	-0.0005463532
0.0005694186	0.0009760064	0.0003553685	-0.0003262686
0.0002731162	0.0012494120	0.0001662835	-0.0002620531
0.0002731162	0.0009762958	0.0001704491	-0.0001564916
0.0004292277	0.0014053711	0.0002613300	-0.0004118410
0.0004292277	0.0009761433	0.0002678768	-0.0002459413
0.0016330602	0.0026080280	0.0009942687	-0.0015669098
0.0016330602	0.0009749677	0.0010191767	-0.0009357198
0.0002041670	0.0011805302	0.0001243046	-0.0001958968
0.0002041670	0.0009763631	0.0001274186	-0.0001169848
0.0005470762	0.0015231045	0.0003330807	-0.0005249158
0.0005470762	0.0009760282	0.0003414249	-0.0003134667
0.0008727113	0.0018484215	0.0005313396	-0.0008373603
0.0008727113	0.0009757102	0.0005446505	-0.0005000509
0.0012011161	0.0021765057	0.0007312849	-0.0011524625
0.0012011161	0.0009753895	0.0007496047	-0.0006882221
0.0013715524	0.0023467755	0.0008350529	-0.0013159949
0.0013715524	0.0009752231	0.0008559723	-0.0007858797
0.0013380379	0.0023132938	0.0008146480	-0.0012838380
0.0013380379	0.0009752558	0.0008350563	-0.0007666763
0.0018378502	0.0028126179	0.0011189526	-0.0017634043
0.0018378502	0.0009747677	0.0011469841	-0.0010530615
0.0013201273	0.0022954006	0.0008037433	-0.0012666528
0.0013201273	0.0009752733	0.0008238784	-0.0007564138
0.0001129753	0.0010894275	0.0000687836	-0.0001083990
0.0001129753	0.0009764522	0.0000705068	-0.0000647332
0.0017666554	0.0027414926	0.0010756065	-0.0016950934
0.0017666554	0.0009748373	0.0011025522	-0.0010122679
0.0013708250	0.0023460488	0.0008346100	-0.0013152969
0.0013708250	0.0009752238	0.0008555183	-0.0007854628
0.0005028465	0.0014789179	0.0003061519	-0.0004824777
0.0005028465	0.0009760714	0.0003138215	-0.0002881237
0.0012964911	0.0022717875	0.0007893528	-0.0012439741
0.0012964911	0.0009752964	0.0008091273	-0.0007428706
0.0015508735	0.0025259215	0.0009442304	-0.0014880523
0.0015508735	0.0009750480	0.0009678848	-0.0008886281
0.0008157870	0.0017915529	0.0004966820	-0.0007827419
0.0008157870	0.0009757658	0.0005091246	-0.0004674341
0.0002714562	0.0012477536	0.0001652728	-0.0002604603
0.0002714562	0.0009762974	0.0001694131	-0.0001555404
0.0002995747	0.0012758446	0.0001823924	-0.0002874398
0.0002995747	0.0009762699	0.0001869616	-0.0001716520
0.0004146845	0.0013908420	0.0002524756	-0.0003978869
0.0004146845	0.0009761575	0.0002588005	-0.0002376082
0.0014090569	0.0023842433	0.0008578870	-0.0013519802
0.0014090569	0.0009751865	0.0008793785	-0.0008073692
0.0009870039	0.0019626025	0.0006009252	-0.0009470233
0.0009870039	0.0009755986	0.0006159794	-0.0005655389
0.0019277071	0.0029023871	0.0011736609	-0.0018496214
0.0019277071	0.0009746800	0.0012030629	-0.0011045482
0.0004887258	0.0014648111	0.0002975547	-0.0004689290
0.0004887258	0.0009760852	0.0003050090	-0.0002800328
0.0009930591	0.0019686518	0.0006046119	-0.0009528332
0.0009930591	0.0009755927	0.0006197584	-0.0005690085
0.0010396118	0.0020151590	0.0006329549	-0.0009975002
0.0010396118	0.0009755473	0.0006488114	-0.0005956825
0.0017938129	0.0027686237	0.0010921411	-0.0017211509
0.0017938129	0.0009748107	0.0011195009	-0.0010278288
0.0013681259	0.0023433524	0.0008329667	-0.0013127072
0.0013681259	0.0009752264	0.0008538339	-0.0007839163
0.0002661737	0.0012424763	0.0001620566	-0.0002553918
0.0002661737	0.0009763026	0.0001661164	-0.0001525137
0.0010629334	0.0020384579	0.0006471540	-0.0010198771
0.0010629334	0.0009755245	0.0006633662	-0.0006090454
0.0014325074	0.0024076710	0.0008721646	-0.0013744808
0.0014325074	0.0009751636	0.0008940137	-0.0008208060
0.0010530399	0.0020285740	0.0006411305	-0.0010103844
0.0010530399	0.0009755341	0.0006571918	-0.0006033766
0.0016849923	0.0026599093	0.0010258869	-0.0016167383
0.0016849923	0.0009749170	0.0010515870	-0.0009654762
0.0009978035	0.0019733916	0.0006075005	-0.0009573855
0.0009978035	0.0009755881	0.0006227193	-0.0005717270
0.0017566389	0.0027314860	0.0010695081	-0.0016854827
0.0017566389	0.0009748470	0.0010963010	-0.0010065287
0.0014317690	0.0024069332	0.0008717150	-0.0013737723
0.0014317690	0.0009751643	0.0008935529	-0.0008203829
0.0008955467	0.0018712347	0.0005452427	-0.0008592708
0.0008955467	0.0009756879	0.0005589019	-0.0005131353
0.0012662294	0.0022415554	0.0007709283	-0.0012149383
0.0012662294	0.0009753259	0.0007902413	-0.0007255311
0.0016813794	0.0026562999	0.0010236873	-0.0016132717
0.0016813794	0.0009749205	0.0010493322	-0.0009634060
0.0010205653	0.0019961312	0.0006213587	-0.0009792253
0.0010205653	0.0009755659	0.0006369247	-0.0005847691
0.0012802785	0.0022555907	0.0007794819	-0.0012284182
0.0012802785	0.0009753122	0.0007990091	-0.0007335810
0.0005178970	0.0014939537	0.0003153153	-0.0004969185
0.0005178970	0.0009760567	0.0003232144	-0.0002967475
0.0010800262	0.0020555339	0.0006575607	-0.0010362775
0.0010800262	0.0009755078	0.0006740336	-0.0006188393
0.0011441666	0.0021196118	0.0006966118	-0.0010978198
0.0011441666	0.0009754451	0.0007140631	-0.0006555909
0.0003596980	0.0013359093	0.0002189977	-0.0003451277
0.0003596980	0.0009762112	0.0002244840	-0.0002061018
0.0015563207	0.0025313634	0.0009475468	-0.0014932788
0.0015563207	0.0009750427	0.0009712844	-0.0008917492
0.0000983591	0.0010748256	0.0000598848	-0.0000943749
0.0000983591	0.0009764664	0.0000613850	-0.0000563584
0.0017133904	0.0026882797	0.0010431768	-0.0016439860
0.0017133904	0.0009748893	0.0010693100	-0.0009817479
0.0013229811	0.0022982516	0.0008054808	-0.0012693910
0.0013229811	0.0009752705	0.0008256594	-0.0007580490
0.0003444209	0.0013206470	0.0002096964	-0.0003304694
0.0003444209	0.0009762262	0.0002149497	-0.0001973482
0.0003260131	0.0013022573	0.0001984891	-0.0003128073
0.0003260131	0.0009762441	0.0002034616	-0.0001868008
0.0007044659	0.0016803404	0.0004289054	-0.0006759300
0.0007044659	0.0009758745	0.0004396502	-0.0004036487
0.0003478196	0.0013240424	0.0002117657	-0.0003337305
0.0003478196	0.0009762228	0.0002170708	-0.0001992956
0.0000637621	0.0010402623	0.0000388208	-0.0000611793
0.0000637621	0.0009765002	0.0000397933	-0.0000365348
0.0019284654	0.0029031446	0.0011741225	-0.0018503490
0.0019284654	0.0009746792	0.0012035362	-0.0011049827
0.0016414667	0.0026164262	0.0009993869	-0.0015749758
0.0016414667	0.0009749595	0.0010244231	-0.0009405366
0.0013389592	0.0023142141	0.0008152089	-0.0012847219
0.0013389592	0.0009752549	0.0008356312	-0.0007672042
0.0009506486	0.0019262828	0.0005787908	-0.0009121407
0.0009506486	0.0009756341	0.0005932904	-0.0005447079
0.0004932367	0.0014693175	0.0003003011	-0.0004732571
0.0004932367	0.0009760808	0.0003078241	-0.0002826175
0.0018285646	0.0028033414	0.0011132992	-0.0017544949
0.0018285646	0.0009747768	0.0011411891	-0.0010477410
0.0018433740	0.0028181363	0.0011223157	-0.0017687044
0.0018433740	0.0009747623	0.0011504315	-0.0010562266
0.0005495768	0.0015256026	0.0003346031	-0.0005273151
0.0005495768	0.0009760258	0.0003429855	-0.0003148996
0.0018352277	0.0028099980	0.0011173559	-0.0017608881
0.0018352277	0.0009747703	0.0011453475	-0.0010515589
0.0014065179	0.0023817069	0.0008563412	-0.0013495441
0.0014065179	0.0009751889	0.0008777939	-0.0008059144
0.0008353597	0.0018111064	0.0005085985	-0.0008015217
0.0008353597	0.0009757467	0.0005213397	-0.0004786490
0.0007081214	0.0016839923	0.0004311310	-0.0006794375
0.0007081214	0.0009758710	0.0004419315	-0.0004057433
0.0005168512	0.0014929090	0.0003146785	-0.0004959151
0.0005168512	0.0009760578	0.0003225617	-0.0002961483
0.0011360154	0.0021114685	0.0006916491	-0.0010899988
0.0011360154	0.0009754531	0.0007089760	-0.0006509203
0.0017903391	0.0027651533	0.0010900261	-0.0017178178
0.0017903391	0.0009748141	0.0011173329	-0.0010258384
0.0001869295	0.0011633095	0.0001138098	-0.0001793576
0.0001869295	0.0009763800	0.0001166609	-0.0001071079
0.0006189892	0.0015949472	0.0003768640	-0.0005939158
0.0006189892	0.0009759580	0.0003863050	-0.0003546718
0.0005400992	0.0015161342	0.0003288328	-0.0005182214
0.0005400992	0.0009760351	0.0003370706	-0.0003094690
0.0017176473	0.0026925324	0.0010457685	-0.0016480705
0.0017176473	0.0009748851	0.0010719667	-0.0009841870
0.0003128158	0.0012890728	0.0001904541	-0.0003001445
0.0003128158	0.0009762570	0.0001952252	-0.0001792389
0.0005983728	0.0015743510	0.0003643120	-0.0005741345
0.0005983728	0.0009759782	0.0003734386	-0.0003428590
0.0017125207	0.0026874109	0.0010426473	-0.0016431516
0.0017125207	0.0009748901	0.0010687673	-0.0009812496
0.0015065760	0.0024816672	0.0009172604	-0.0014455491
0.0015065760	0.0009750912	0.0009402392	-0.0008632462
0.0012379384	0.0022132919	0.0007537036	-0.0011877932
0.0012379384	0.0009753536	0.0007725851	-0.0007093207
0.0016096226	0.0025846132	0.0009799990	-0.0015444216
0.0016096226	0.0009749906	0.0010045495	-0.0009222904
0.0018310877	0.0028058620	0.0011148353	-0.0017569158
0.0018310877	0.0009747743	0.0011427637	-0.0010491867
0.0003341266	0.0013103628	0.0002034289	-0.0003205921
0.0003341266	0.0009762362	0.0002085251	-0.0001914497
0.0004013550	0.0013775255	0.0002443601	-0.0003850973
0.0004013550	0.0009761706	0.0002504817	-0.0002299706
0.0011533625	0.0021287987	0.0007022107	-0.0011066432
0.0011533625	0.0009754362	0.0007198021	-0.0006608600
0.0011523296	0.0021277667	0.0007015818	-0.0011056521
0.0011523296	0.0009754372	0.0007191575	-0.0006602681
0.0017668523	0.0027416894	0.0010757264	-0.0016952824
0.0017668523	0.0009748371	0.0011026751	-0.0010123808
0.0005184714	0.0014945276	0.0003156650	-0.0004974697
0.0005184714	0.0009760562	0.0003235729	-0.0002970766
0.0005632546	0.0015392671	0.0003429307	-0.0005404389
0.0005632546	0.0009760124	0.0003515217	-0.0003227367
0.0000503285	0.0010268419	0.0000306419	-0.0000482899
0.0000503285	0.0009765134	0.0000314095	-0.0000288375
0.0000814226	0.0010579056	0.0000495732	-0.0000781244
0.0000814226	0.0009764830	0.0000508150	-0.0000466540
0.0005709440	0.0015469490	0.0003476123	-0.0005478168
0.0005709440	0.0009760049	0.0003563205	-0.0003271427
0.0004369442	0.0014130800	0.0002660281	-0.0004192449
0.0004369442	0.0009761358	0.0002726926	-0.0002503627
0.0006294431	0.0016053909	0.0003832287	-0.0006039462
0.0006294431	0.0009759478	0.0003928292	-0.0003606618
0.0008593587	0.0018350820	0.0005232100	-0.0008245487
0.0008593587	0.0009757233	0.0005363173	-0.0004924001
0.0000151392	0.0009916869	0.0000092173	-0.0000145259
0.0000151392	0.0009765477	0.0000094482	-0.0000086745
0.0003597079	0.0013359192	0.0002190038	-0.0003451372
0.0003597079	0.0009762112	0.0002244902	-0.0002061074
0.0009507221	0.0019263562	0.0005788355	-0.0009122112
0.0009507221	0.0009756341	0.0005933363	-0.0005447500
0.0006871067	0.0016629982	0.0004183365	-0.0006592740
0.0006871067	0.0009758915	0.0004288165	-0.0003937022
0.0008999564	0.0018756400	0.0005479274	-0.0008635018
0.0008999564	0.0009756836	0.0005616539	-0.0005156619
0.0010161998	0.0019917699	0.0006187008	-0.0009750366
0.0010161998	0.0009755701	0.0006342003	-0.0005822678
0.0018838616	0.0028585844	0.0011469661	-0.0018075520
0.0018838616	0.0009747228	0.0011756994	-0.0010794254
0.0011026435	0.0020781292	0.0006713310	-0.0010579787
0.0011026435	0.0009754857	0.0006881489	-0.0006317988
0.0016533151	0.0026282630	0.0010066007	-0.0015863442
0.0016533151	0.0009749479	0.0010318176	-0.0009473256
0.0002511635	0.0012274807	0.0001529178	-0.0002409896
0.0002511635	0.0009763172	0.0001567487	-0.0001439131
0.0003215628	0.0012978112	0.0001957796	-0.0003085372
0.0003215628	0.0009762485	0.0002006841	-0.0001842508
0.0013406041	0.0023158574	0.0008162104	-0.0012863002
0.0013406041	0.0009752533	0.0008366577	-0.0007681467
0.0016337816	0.0026087486	0.0009947079	-0.0015676020
0.0016337816	0.0009749670	0.0010196269	-0.0009361332
0.0014234084	0.0023985809	0.0008666248	-0.0013657504
0.0014234084	0.0009751725	0.0008883351	-0.0008155924
0.0017865797	0.0027613975	0.0010877372	-0.0017142107
0.0017865797	0.0009748178	0.0011149867	-0.0010236843
0.0005417023	0.0015177358	0.0003298088	-0.0005197596
0.0005417023	0.0009760335	0.0003380711	-0.0003103876
0.0017559896	0.0027308373	0.0010691128	-0.0016848597
0.0017559896	0.0009748477	0.0010958957	-0.0010061566
0.0004838333	0.0014599233	0.0002945760	-0.0004642346
0.0004838333	0.0009760900	0.0003019556	-0.0002772294
0.0010247269	0.0020002887	0.0006238924	-0.0009832183
0.0010247269	0.0009755618	0.0006395219	-0.0005871537
0.0006860077	0.0016619003	0.0004176674	-0.0006582196
0.0006860077	0.0009758926	0.0004281306	-0.0003930725
0.0000840047	0.0010604851	0.0000511452	-0.0000806019
0.0000840047	0.0009764805	0.0000524265	-0.0000481335
0.0010961020	0.0020715941	0.0006673483	-0.0010517022
0.0010961020	0.0009754921	0.0006840664	-0.0006280506
0.0004532426	0.0014293625	0.0002759512	-0.0004348831
0.0004532426	0.0009761199	0.0002828642	-0.0002597014
0.0018340578	0.0028088292	0.0011166437	-0.0017597656
0.0018340578	0.0009747714	0.0011446173	-0.0010508885
0.0008474776	0.0018232125	0.0005159764	-0.0008131488
0.0008474776	0.0009757349	0.0005289024	-0.0004855924
0.0004818256	0.0014579176	0.0002933536	-0.0004623083
0.0004818256	0.0009760920	0.0003007026	-0.0002760791
0.0015226410	0.0024977165	0.0009270413	-0.0014609633
0.0015226410	0.0009750755	0.0009502652	-0.0008724512
0.0013288865	0.0023041512	0.0008090763	-0.0012750572
0.0013288865	0.0009752648	0.0008293449	-0.0007614327
0.0008519320	0.0018276625	0.0005186884	-0.0008174228
0.0008519320	0.0009757305	0.0005316823	-0.0004881447
0.0007841542	0.0017599509	0.0004774227	-0.0007523905
0.0007841542	0.0009757967	0.0004893829	-0.0004493090
0.0014528758	0.0024280195	0.0008845657	-0.0013940241
0.0014528758	0.0009751437	0.0009067254	-0.0008324768
0.0000677809	0.0010442772	0.0000412676	-0.0000650353
0.0000677809	0.0009764963	0.0000423014	-0.0000388375
0.0016622054	0.0026371447	0.0010120134	-0.0015948744
0.0016622054	0.0009749393	0.0010373660	-0.0009524196
0.0012332354	0.0022085936	0.0007508403	-0.0011832807
0.0012332354	0.0009753582	0.0007696500	-0.0007066260
0.0013887167	0.0023639230	0.0008455032	-0.0013324639
0.0013887167	0.0009752063	0.0008666843	-0.0007957145
0.0010444987	0.0020200412	0.0006359303	-0.0010021892
0.0010444987	0.0009755425	0.0006518613	-0.0005984826
0.0014192358	0.0023944123	0.0008640844	-0.0013617468
0.0014192358	0.0009751765	0.0008857310	-0.0008132015
0.0008764749	0.0018521815	0.0005336310	-0.0008409715
0.0008764749	0.0009757066	0.0005469993	-0.0005022074
0.0019277846	0.0029024645	0.0011737081	-0.0018496958
0.0019277846	0.0009746799	0.0012031113	-0.0011045927
0.0014938036	0.0024689074	0.0009094841	-0.0014332941
0.0014938036	0.0009751037	0.0009322681	-0.0008559278
0.0011823799	0.0021577877	0.0007198775	-0.0011344852
0.0011823799	0.0009754078	0.0007379116	-0.0006774865
0.0003069602	0.0012832230	0.0001868890	-0.0002945262
0.0003069602	0.0009762627	0.0001915708	-0.0001758838
0.0015565512	0.0025315936	0.0009476872	-0.0014934999
0.0015565512	0.0009750424	0.0009714282	-0.0008918813
0.0004513335	0.0014274552	0.0002747889	-0.0004330513
0.0004513335	0.0009761217	0.0002816728	-0.0002586075
0.0013721843	0.0023474068	0.0008354376	-0.0013166012
0.0013721843	0.0009752225	0.0008563667	-0.0007862417
0.0013212846	0.0022965567	0.0008044479	-0.0012677633
0.0013212846	0.0009752722	0.0008246006	-0.0007570769
0.0006999200	0.0016757989	0.0004261377	-0.0006715683
0.0006999200	0.0009758790	0.0004368131	-0.0004010440
0.0013203174	0.0022955906	0.0008038591	-0.0012668353
0.0013203174	0.0009752731	0.0008239971	-0.0007565228
0.0013487602	0.0023240056	0.0008211762	-0.0012941260
0.0013487602	0.0009752454	0.0008417479	-0.0007728201
0.0018785050	0.0028532331	0.0011437048	-0.0018024124
0.0018785050	0.0009747280	0.0011723564	-0.0010763562
0.0001654180	0.0011418189	0.0001007127	-0.0001587174
0.0001654180	0.0009764010	0.0001032357	-0.0000947821
0.0008074723	0.0017832463	0.0004916196	-0.0007747640
0.0008074723	0.0009757740	0.0005039355	-0.0004626699
0.0013331943	0.0023084549	0.0008116991	-0.0012791906
0.0013331943	0.0009752606	0.0008320334	-0.0007639010
0.0010666273	0.0020421482	0.0006494030	-0.0010234214
0.0010666273	0.0009755209	0.0006656716	-0.0006111620
0.0008784887	0.0018541933	0.0005348571	-0.0008429037
0.0008784887	0.0009757046	0.0005482561	-0.0005033613
0.0013952092	0.0023704092	0.0008494560	-0.0013386934
0.0013952092	0.0009752000	0.0008707363	-0.0007994346
0.0014904165	0.0024655235	0.0009074219	-0.0014300442
0.0014904165	0.0009751070	0.0009301542	-0.0008539871
0.0017287443	0.0027036186	0.0010525248	-0.0016587180
0.0017287443	0.0009748743	0.0010788922	-0.0009905454
0.0013655959	0.0023408248	0.0008314263	-0.0013102796
0.0013655959	0.0009752289	0.0008522549	-0.0007824666
0.0004782209	0.0014543164	0.0002911590	-0.0004588496
0.0004782209	0.0009760955	0.0002984529	-0.0002740136
0.0008356720	0.0018114184	0.0005087887	-0.0008018214
0.0008356720	0.0009757464	0.0005215346	-0.0004788279
0.0001274699	0.0011039079	0.0000776085	-0.0001223064
0.0001274699	0.0009764380	0.0000795527	-0.0000730384
0.0013519196	0.0023271618	0.0008230997	-0.0012971573
0.0013519196	0.0009752423	0.0008437196	-0.0007746303
0.0004202881	0.0013964402	0.0002558873	-0.0004032635
0.0004202881	0.0009761521	0.0002622977	-0.0002408190
0.0000177546	0.0009942998	0.0000108097	-0.0000170355
0.0000177546	0.0009765452	0.0000110805	-0.0000101732
0.0000893784	0.0010658536	0.0000544170	-0.0000857580
0.0000893784	0.0009764752	0.0000557802	-0.0000512125
0.0013827540	0.0023579662	0.0008418729	-0.0013267428
0.0013827540	0.0009752122	0.0008629631	-0.0007922980
0.0018898311	0.0028645480	0.0011506005	-0.0018132796
0.0018898311	0.0009747170	0.0011794249	-0.0010828458
0.0005121589	0.0014882213	0.0003118217	-0.0004914129
0.0005121589	0.0009760623	0.0003196333	-0.0002934597
0.0000897380	0.0010662128	0.0000546359	-0.0000861029
0.0000897380	0.0009764749	0.0000560046	-0.0000514186
0.0007028233	0.0016786994	0.0004279054	-0.0006743540
0.0007028233	0.0009758761	0.0004386251	-0.0004027075
0.0004283629	0.0014045071	0.0002608035	-0.0004110112
0.0004283629	0.0009761442	0.0002673371	-0.0002454457
0.0003198150	0.0012960652	0.0001947155	-0.0003068603
0.0003198150	0.0009762502	0.0001995934	-0.0001832494
0.0005831609	0.0015591540	0.0003550504	-0.0005595388
0.0005831609	0.0009759930	0.0003639450	-0.0003341428
0.0013376627	0.0023129189	0.0008144196	-0.0012834780
0.0013376627	0.0009752562	0.0008348221	-0.0007664613
0.0017001708	0.0026750730	0.0010351282	-0.0016313020
0.0017001708	0.0009749022	0.0010610598	-0.0009741732
0.0008187073	0.0017944703	0.0004984599	-0.0007855439
0.0008187073	0.0009757630	0.0005109471	-0.0004691074
0.0017073272	0.0026822223	0.0010394853	-0.0016381684
0.0017073272	0.0009748952	0.0010655260	-0.0009782737
0.0004585625	0.0014346772	0.0002791902	-0.0004399875
0.0004585625	0.0009761147	0.0002861843	-0.0002627497
0.0015917898	0.0025667978	0.0009691417	-0.0015273111
0.0015917898	0.0009750080	0.0009934203	-0.0009120725
0.0004531340	0.0014292540	0.0002758851	-0.0004347789
0.0004531340	0.0009761200	0.0002827964	-0.0002596392
0.0015891657	0.0025641763	0.0009675441	-0.0015247933
0.0015891657	0.0009750106	0.0009917826	-0.0009105689
0.0012123050	0.0021876836	0.0007380970	-0.0011631981
0.0012123050	0.0009753786	0.0007565875	-0.0006946332
0.0011845570	0.0021599627	0.0007212030	-0.0011365741
0.0011845570	0.0009754057	0.0007392703	-0.0006787340
0.0012808011	0.0022561128	0.0007798001	-0.0012289197
0.0012808011	0.0009753117	0.0007993353	-0.0007338805
0.0015730338	0.0025480602	0.0009577224	-0.0015093149
0.0015730338	0.0009750263	0.0009817149	-0.0009013256
0.0006684354	0.0016443452	0.0004069687	-0.0006413591
0.0006684354	0.0009759097	0.0004171640	-0.0003830038
0.0011763264	0.0021517402	0.0007161920	-0.0011286770
0.0011763264	0.0009754137	0.0007341337	-0.0006740180
0.0013672020	0.0023424294	0.0008324042	-0.0013118207
0.0013672020	0.0009752273	0.0008532573	-0.0007833870
0.0005392740	0.0015153099	0.0003283304	-0.0005174296
0.0005392740	0.0009760359	0.0003365556	-0.0003089962
0.0003300527	0.0013062928	0.0002009485	-0.0003166832
0.0003300527	0.0009762402	0.0002059826	-0.0001891154
0.0005721913	0.0015481950	0.0003483717	-0.0005490135
0.0005721913	0.0009760037	0.0003570989	-0.0003278573
0.0005724234	0.0015484269	0.0003485130	-0.0005492363
0.0005724234	0.0009760035	0.0003572438	-0.0003279903
0.0017242806	0.0026991592	0.0010498071	-0.0016544351
0.0017242806	0.0009748786	0.0010761064	-0.0009879878
0.0006073168	0.0015832862	0.0003697574	-0.0005827162
0.0006073168	0.0009759694	0.0003790204	-0.0003479837
0.0011337016	0.0021091569	0.0006902403	-0.0010877787
0.0011337016	0.0009754554	0.0007075319	-0.0006495946
0.0001390624	0.0011154891	0.0000846665	-0.0001334294
0.0001390624	0.0009764267	0.0000867875	-0.0000796808
0.0005739473	0.0015499493	0.0003494408	-0.0005506984
0.0005739473	0.0009760020	0.0003581949	-0.0003288635
0.0009909086	0.0019665034	0.0006033026	-0.0009507699
0.0009909086	0.0009755948	0.0006184163	-0.0005677763
0.0013299421	0.0023052058	0.0008097190	-0.0012760701
0.0013299421	0.0009752637	0.0008300037	-0.0007620375
0.0017549306	0.0027297793	0.0010684680	-0.0016838435
0.0017549306	0.0009748487	0.0010952348	-0.0010055498
0.0008962380	0.0018719252	0.0005456635	-0.0008599340
0.0008962380	0.0009756873	0.0005593333	-0.0005135314
0.0014467520	0.0024219016	0.0008808372	-0.0013881484
0.0014467520	0.0009751497	0.0009029036	-0.0008289679
0.0003538439	0.0013300609	0.0002154336	-0.0003395108
0.0003538439	0.0009762169	0.0002208305	-0.0002027474
0.0007850641	0.0017608600	0.0004779767	-0.0007532635
0.0007850641	0.0009757958	0.0004899508	-0.0004498304
0.0002650095	0.0012413132	0.0001613478	-0.0002542748
0.0002650095	0.0009763037	0.0001653898	-0.0001518466
0.0019040880	0.0028787911	0.0011592807	-0.0018269591
0.0019040880	0.0009747030	0.0011883225	-0.0010910148
0.0006134694	0.0015894328	0.0003735033	-0.0005886196
0.0006134694	0.0009759634	0.0003828602	-0.0003515091
0.0014008357	0.0023760302	0.0008528817	-0.0013440920
0.0014008357	0.0009751945	0.0008742477	-0.0008026585
0.0007856621	0.0017614573	0.0004783407	-0.0007538372
0.0007856621	0.0009757953	0.0004903239	-0.0004501730
0.0008000849	0.0017758660	0.0004871219	-0.0007676758
0.0008000849	0.0009757812	0.0004993250	-0.0004584370
0.0017389871	0.0027138514	0.0010587611	-0.0016685459
0.0017389871	0.0009748643	0.0010852847	-0.0009964144
0.0016934744	0.0026683831	0.0010310512	-0.0016248768
0.0016934744	0.0009749087	0.0010568806	-0.0009703363
0.0008776722	0.0018533776	0.0005343600	-0.0008421203
0.0008776722	0.0009757054	0.0005477466	-0.0005028935
0.0011988446	0.0021742364	0.0007299019	-0.0011502830
0.0011988446	0.0009753918	0.0007481871	-0.0006869206
0.0019142303	0.0028889234	0.0011654557	-0.0018366905
0.0019142303	0.0009746931	0.0011946522	-0.0010968262
0.0012485739	0.0022239171	0.0007601789	-0.0011979979
0.0012485739	0.0009753432	0.0007792226	-0.0007154147
0.0008942788	0.0018699680	0.0005444707	-0.0008580543
0.0008942788	0.0009756892	0.0005581106	-0.0005124088
0.0004548039	0.0014309223	0.0002769018	-0.0004363812
0.0004548039	0.0009761184	0.0002838386	-0.0002605961
0.0014950595	0.0024701620	0.0009102487	-0.0014344991
0.0014950595	0.0009751025	0.0009330519	-0.0008566474
0.0009657411	0.0019413605	0.0005879797	-0.0009266218
0.0009657411	0.0009756194	0.0006027095	-0.0005533557
0.0009900020	0.0019655977	0.0006027506	-0.0009499000
0.0009900020	0.0009755957	0.0006178505	-0.0005672568
0.0013061020	0.0022813890	0.0007952042	-0.0012531957
0.0013061020	0.0009752870	0.0008151253	-0.0007483775
0.0017742126	0.0027490424	0.0010802076	-0.0017023445
0.0017742126	0.0009748299	0.0011072685	-0.0010165981
0.0000717933	0.0010482857	0.0000437105	-0.0000688852
0.0000717933	0.0009764924	0.0000448055	-0.0000411365
0.0011897915	0.0021651921	0.0007243900	-0.0011415966
0.0011897915	0.0009754006	0.0007425371	-0.0006817333
0.0005872277	0.0015632167	0.0003575264	-0.0005634408
0.0005872277	0.0009759890	0.0003664830	-0.0003364729
0.0013594024	0.0023346374	0.0008276555	-0.0013043371
0.0013594024	0.0009752350	0.0008483896	-0.0007789179
