0.0000000000	0.1250000000
0.0002000000	0.1251750000
0.0004000000	0.1253500000
0.0006000000	0.1255250000
0.0008000000	0.1257000000
0.0010000000	0.1258750000
0.0012000000	0.1260500000
0.0014000000	0.1262250000
0.0016000000	0.1264000000
0.0018000000	0.1265750000
0.0020000000	0.1267500000
0.0022000000	0.1269250000
0.0024000000	0.1271000000
0.0026000000	0.1272750000
0.0028000000	0.1274500000
0.0030000000	0.1276250000
0.0032000000	0.1278000000
0.0034000000	0.1279750000
0.0036000000	0.1281500000
0.0038000000	0.1283250000
0.0040000000	0.1285000000
0.0042000000	0.1286750000
0.0044000000	0.1288500000
0.0046000000	0.1290250000
0.0048000000	0.1292000000
0.0050000000	0.1293750000
0.0052000000	0.1295500000
0.0054000000	0.1297250000
0.0056000000	0.1299000000
0.0058000000	0.1300750000
0.0060000000	0.1302500000
0.0062000000	0.1304250000
0.0064000000	0.1306000000
0.0066000000	0.1307750000
0.0068000000	0.1309500000
0.0070000000	0.1311250000
0.0072000000	0.1313000000
0.0074000000	0.1314750000
0.0076000000	0.1316500000
0.0078000000	0.1318250000
0.0080000000	0.1320000000
0.0082000000	0.1321750000
0.0084000000	0.1323500000
0.0086000000	0.1325250000
0.0088000000	0.1327000000
0.0090000000	0.1328750000
0.0092000000	0.1330500000
0.0094000000	0.1332250000
0.0096000000	0.1334000000
0.0098000000	0.1335750000
0.0100000000	0.1337500000
0.0102000000	0.1339250000
0.0104000000	0.1341000000
0.0106000000	0.1342750000
0.0108000000	0.1344500000
0.0110000000	0.1346250000
0.0112000000	0.1348000000
0.0114000000	0.1349750000
0.0116000000	0.1351500000
0.0118000000	0.1353250000
0.0120000000	0.1355000000
0.0122000000	0.1356750000
0.0124000000	0.1358500000
0.0126000000	0.1360250000
0.0128000000	0.1362000000
0.0130000000	0.1363750000
0.0132000000	0.1365500000
0.0134000000	0.1367250000
0.0136000000	0.1369000000
0.0138000000	0.1370750000
0.0140000000	0.1372500000
0.0142000000	0.1374250000
0.0144000000	0.1376000000
0.0146000000	0.1377750000
0.0148000000	0.1379500000
0.0150000000	0.1381250000
0.0152000000	0.1383000000
0.0154000000	0.1384750000
0.0156000000	0.1386500000
0.0158000000	0.1388250000
0.0160000000	0.1390000000
0.0162000000	0.1391750000
0.0164000000	0.1393500000
0.0166000000	0.1395250000
0.0168000000	0.1397000000
0.0170000000	0.1398750000
0.0172000000	0.1400500000
0.0174000000	0.1402250000
0.0176000000	0.1404000000
0.0178000000	0.1405750000
0.0180000000	0.1407500000
0.0182000000	0.1409250000
0.0184000000	0.1411000000
0.0186000000	0.1412750000
0.0188000000	0.1414500000
0.0190000000	0.1416250000
0.0192000000	0.1418000000
0.0194000000	0.1419750000
0.0196000000	0.1421500000
0.0198000000	0.1423250000
0.0200000000	0.1425000000
0.0202000000	0.1426750000
0.0204000000	0.1428500000
0.0206000000	0.1430250000
0.0208000000	0.1432000000
0.0210000000	0.1433750000
0.0212000000	0.1435500000
0.0214000000	0.1437250000
0.0216000000	0.1439000000
0.0218000000	0.1440750000
0.0220000000	0.1442500000
0.0222000000	0.1444250000
0.0224000000	0.1446000000
0.0226000000	0.1447750000
0.0228000000	0.1449500000
0.0230000000	0.1451250000
0.0232000000	0.1453000000
0.0234000000	0.1454750000
0.0236000000	0.1456500000
0.0238000000	0.1458250000
0.0240000000	0.1460000000
0.0242000000	0.1461750000
0.0244000000	0.1463500000
0.0246000000	0.1465250000
0.0248000000	0.1467000000
0.0250000000	0.1468750000
0.0252000000	0.1470500000
0.0254000000	0.1472250000
0.0256000000	0.1474000000
0.0258000000	0.1475750000
0.0260000000	0.1477500000
0.0262000000	0.1479250000
0.0264000000	0.1481000000
0.0266000000	0.1482750000
0.0268000000	0.1484500000
0.0270000000	0.1486250000
0.0272000000	0.1488000000
0.0274000000	0.1489750000
0.0276000000	0.1491500000
0.0278000000	0.1493250000
0.0280000000	0.1495000000
0.0282000000	0.1496750000
0.0284000000	0.1498500000
0.0286000000	0.1500250000
0.0288000000	0.1502000000
0.0290000000	0.1503750000
0.0292000000	0.1505500000
0.0294000000	0.1507250000
0.0296000000	0.1509000000
0.0298000000	0.1510750000
0.0300000000	0.1512500000
0.0302000000	0.1514250000
0.0304000000	0.1516000000
0.0306000000	0.1517750000
0.0308000000	0.1519500000
0.0310000000	0.1521250000
0.0312000000	0.1523000000
0.0314000000	0.1524750000
0.0316000000	0.1526500000
0.0318000000	0.1528250000
0.0320000000	0.1530000000
0.0322000000	0.1531750000
0.0324000000	0.1533500000
0.0326000000	0.1535250000
0.0328000000	0.1537000000
0.0330000000	0.1538750000
0.0332000000	0.1540500000
0.0334000000	0.1542250000
0.0336000000	0.1544000000
0.0338000000	0.1545750000
0.0340000000	0.1547500000
0.0342000000	0.1549250000
0.0344000000	0.1551000000
0.0346000000	0.1552750000
0.0348000000	0.1554500000
0.0350000000	0.1556250000
0.0352000000	0.1558000000
0.0354000000	0.1559750000
0.0356000000	0.1561500000
0.0358000000	0.1563250000
0.0360000000	0.1565000000
0.0362000000	0.1566750000
0.0364000000	0.1568500000
0.0366000000	0.1570250000
0.0368000000	0.1572000000
0.0370000000	0.1573750000
0.0372000000	0.1575500000
0.0374000000	0.1577250000
0.0376000000	0.1579000000
0.0378000000	0.1580750000
0.0380000000	0.1582500000
0.0382000000	0.1584250000
0.0384000000	0.1586000000
0.0386000000	0.1587750000
0.0388000000	0.1589500000
0.0390000000	0.1591250000
0.0392000000	0.1593000000
0.0394000000	0.1594750000
0.0396000000	0.1596500000
0.0398000000	0.1598250000
0.0400000000	0.1600000000
0.0402000000	0.1601750000
0.0404000000	0.1603500000
0.0406000000	0.1605250000
0.0408000000	0.1607000000
0.0410000000	0.1608750000
0.0412000000	0.1610500000
0.0414000000	0.1612250000
0.0416000000	0.1614000000
0.0418000000	0.1615750000
0.0420000000	0.1617500000
0.0422000000	0.1619250000
0.0424000000	0.1621000000
0.0426000000	0.1622750000
0.0428000000	0.1624500000
0.0430000000	0.1626250000
0.0432000000	0.1628000000
0.0434000000	0.1629750000
0.0436000000	0.1631500000
0.0438000000	0.1633250000
0.0440000000	0.1635000000
0.0442000000	0.1636750000
0.0444000000	0.1638500000
0.0446000000	0.1640250000
0.0448000000	0.1642000000
0.0450000000	0.1643750000
0.0452000000	0.1645500000
0.0454000000	0.1647250000
0.0456000000	0.1649000000
0.0458000000	0.1650750000
0.0460000000	0.1652500000
0.0462000000	0.1654250000
0.0464000000	0.1656000000
0.0466000000	0.1657750000
0.0468000000	0.1659500000
0.0470000000	0.1661250000
0.0472000000	0.1663000000
0.0474000000	0.1664750000
0.0476000000	0.1666500000
0.0478000000	0.1668250000
0.0480000000	0.1670000000
0.0482000000	0.1671750000
0.0484000000	0.1673500000
0.0486000000	0.1675250000
0.0488000000	0.1677000000
0.0490000000	0.1678750000
0.0492000000	0.1680500000
0.0494000000	0.1682250000
0.0496000000	0.1684000000
0.0498000000	0.1685750000
0.0500000000	0.1687500000
0.0502000000	0.1689250000
0.0504000000	0.1691000000
0.0506000000	0.1692750000
0.0508000000	0.1694500000
0.0510000000	0.1696250000
0.0512000000	0.1698000000
0.0514000000	0.1699750000
0.0516000000	0.1701500000
0.0518000000	0.1703250000
0.0520000000	0.1705000000
0.0522000000	0.1706750000
0.0524000000	0.1708500000
0.0526000000	0.1710250000
0.0528000000	0.1712000000
0.0530000000	0.1713750000
0.0532000000	0.1715500000
0.0534000000	0.1717250000
0.0536000000	0.1719000000
0.0538000000	0.1720750000
0.0540000000	0.1722500000
0.0542000000	0.1724250000
0.0544000000	0.1726000000
0.0546000000	0.1727750000
0.0548000000	0.1729500000
0.0550000000	0.1731250000
0.0552000000	0.1733000000
0.0554000000	0.1734750000
0.0556000000	0.1736500000
0.0558000000	0.1738250000
0.0560000000	0.1740000000
0.0562000000	0.1741750000
0.0564000000	0.1743500000
0.0566000000	0.1745250000
0.0568000000	0.1747000000
0.0570000000	0.1748750000
0.0572000000	0.1750500000
0.0574000000	0.1752250000
0.0576000000	0.1754000000
0.0578000000	0.1755750000
0.0580000000	0.1757500000
0.0582000000	0.1759250000
0.0584000000	0.1761000000
0.0586000000	0.1762750000
0.0588000000	0.1764500000
0.0590000000	0.1766250000
0.0592000000	0.1768000000
0.0594000000	0.1769750000
0.0596000000	0.1771500000
0.0598000000	0.1773250000
0.0600000000	0.1775000000
0.0602000000	0.1776750000
0.0604000000	0.1778500000
0.0606000000	0.1780250000
0.0608000000	0.1782000000
0.0610000000	0.1783750000
0.0612000000	0.1785500000
0.0614000000	0.1787250000
0.0616000000	0.1789000000
0.0618000000	0.1790750000
0.0620000000	0.1792500000
0.0622000000	0.1794250000
0.0624000000	0.1796000000
0.0626000000	0.1797750000
0.0628000000	0.1799500000
0.0630000000	0.1801250000
0.0632000000	0.1803000000
0.0634000000	0.1804750000
0.0636000000	0.1806500000
0.0638000000	0.1808250000
0.0640000000	0.1810000000
0.0642000000	0.1811750000
0.0644000000	0.1813500000
0.0646000000	0.1815250000
0.0648000000	0.1817000000
0.0650000000	0.1818750000
0.0652000000	0.1820500000
0.0654000000	0.1822250000
0.0656000000	0.1824000000
0.0658000000	0.1825750000
0.0660000000	0.1827500000
0.0662000000	0.1829250000
0.0664000000	0.1831000000
0.0666000000	0.1832750000
0.0668000000	0.1834500000
0.0670000000	0.1836250000
0.0672000000	0.1838000000
0.0674000000	0.1839750000
0.0676000000	0.1841500000
0.0678000000	0.1843250000
0.0680000000	0.1845000000
0.0682000000	0.1846750000
0.0684000000	0.1848500000
0.0686000000	0.1850250000
0.0688000000	0.1852000000
0.0690000000	0.1853750000
0.0692000000	0.1855500000
0.0694000000	0.1857250000
0.0696000000	0.1859000000
0.0698000000	0.1860750000
0.0700000000	0.1862500000
0.0702000000	0.1864250000
0.0704000000	0.1866000000
0.0706000000	0.1867750000
0.0708000000	0.1869500000
0.0710000000	0.1871250000
0.0712000000	0.1873000000
0.0714000000	0.1874750000
0.0716000000	0.1876500000
0.0718000000	0.1878250000
0.0720000000	0.1880000000
0.0722000000	0.1881750000
0.0724000000	0.1883500000
0.0726000000	0.1885250000
0.0728000000	0.1887000000
0.0730000000	0.1888750000
0.0732000000	0.1890500000
0.0734000000	0.1892250000
0.0736000000	0.1894000000
0.0738000000	0.1895750000
0.0740000000	0.1897500000
0.0742000000	0.1899250000
0.0744000000	0.1901000000
0.0746000000	0.1902750000
0.0748000000	0.1904500000
0.0750000000	0.1906250000
0.0752000000	0.1908000000
0.0754000000	0.1909750000
0.0756000000	0.1911500000
0.0758000000	0.1913250000
0.0760000000	0.1915000000
0.0762000000	0.1916750000
0.0764000000	0.1918500000
0.0766000000	0.1920250000
0.0768000000	0.1922000000
0.0770000000	0.1923750000
0.0772000000	0.1925500000
0.0774000000	0.1927250000
0.0776000000	0.1929000000
0.0778000000	0.1930750000
0.0780000000	0.1932500000
0.0782000000	0.1934250000
0.0784000000	0.1936000000
0.0786000000	0.1937750000
0.0788000000	0.1939500000
0.0790000000	0.1941250000
0.0792000000	0.1943000000
0.0794000000	0.1944750000
0.0796000000	0.1946500000
0.0798000000	0.1948250000
0.0800000000	0.1950000000
0.0802000000	0.1951750000
0.0804000000	0.1953500000
0.0806000000	0.1955250000
0.0808000000	0.1957000000
0.0810000000	0.1958750000
0.0812000000	0.1960500000
0.0814000000	0.1962250000
0.0816000000	0.1964000000
0.0818000000	0.1965750000
0.0820000000	0.1967500000
0.0822000000	0.1969250000
0.0824000000	0.1971000000
0.0826000000	0.1972750000
0.0828000000	0.1974500000
0.0830000000	0.1976250000
0.0832000000	0.1978000000
0.0834000000	0.1979750000
0.0836000000	0.1981500000
0.0838000000	0.1983250000
0.0840000000	0.1985000000
0.0842000000	0.1986750000
0.0844000000	0.1988500000
0.0846000000	0.1990250000
0.0848000000	0.1992000000
0.0850000000	0.1993750000
0.0852000000	0.1995500000
0.0854000000	0.1997250000
0.0856000000	0.1999000000
0.0858000000	0.2000750000
0.0860000000	0.2002500000
0.0862000000	0.2004250000
0.0864000000	0.2006000000
0.0866000000	0.2007750000
0.0868000000	0.2009500000
0.0870000000	0.2011250000
0.0872000000	0.2013000000
0.0874000000	0.2014750000
0.0876000000	0.2016500000
0.0878000000	0.2018250000
0.0880000000	0.2020000000
0.0882000000	0.2021750000
0.0884000000	0.2023500000
0.0886000000	0.2025250000
0.0888000000	0.2027000000
0.0890000000	0.2028750000
0.0892000000	0.2030500000
0.0894000000	0.2032250000
0.0896000000	0.2034000000
0.0898000000	0.2035750000
0.0900000000	0.2037500000
0.0902000000	0.2039250000
0.0904000000	0.2041000000
0.0906000000	0.2042750000
0.0908000000	0.2044500000
0.0910000000	0.2046250000
0.0912000000	0.2048000000
0.0914000000	0.2049750000
0.0916000000	0.2051500000
0.0918000000	0.2053250000
0.0920000000	0.2055000000
0.0922000000	0.2056750000
0.0924000000	0.2058500000
0.0926000000	0.2060250000
0.0928000000	0.2062000000
0.0930000000	0.2063750000
0.0932000000	0.2065500000
0.0934000000	0.2067250000
0.0936000000	0.2069000000
0.0938000000	0.2070750000
0.0940000000	0.2072500000
0.0942000000	0.2074250000
0.0944000000	0.2076000000
0.0946000000	0.2077750000
0.0948000000	0.2079500000
0.0950000000	0.2081250000
0.0952000000	0.2083000000
0.0954000000	0.2084750000
0.0956000000	0.2086500000
0.0958000000	0.2088250000
0.0960000000	0.2090000000
0.0962000000	0.2091750000
0.0964000000	0.2093500000
0.0966000000	0.2095250000
0.0968000000	0.2097000000
0.0970000000	0.2098750000
0.0972000000	0.2100500000
0.0974000000	0.2102250000
0.0976000000	0.2104000000
0.0978000000	0.2105750000
0.0980000000	0.2107500000
0.0982000000	0.2109250000
0.0984000000	0.2111000000
0.0986000000	0.2112750000
0.0988000000	0.2114500000
0.0990000000	0.2116250000
0.0992000000	0.2118000000
0.0994000000	0.2119750000
0.0996000000	0.2121500000
0.0998000000	0.2123250000
0.1000000000	0.2125000000
0.1002000000	0.2126750000
0.1004000000	0.2128500000
0.1006000000	0.2130250000
0.1008000000	0.2132000000
0.1010000000	0.2133750000
0.1012000000	0.2135500000
0.1014000000	0.2137250000
0.1016000000	0.2139000000
0.1018000000	0.2140750000
0.1020000000	0.2142500000
0.1022000000	0.2144250000
0.1024000000	0.2146000000
0.1026000000	0.2147750000
0.1028000000	0.2149500000
0.1030000000	0.2151250000
0.1032000000	0.2153000000
0.1034000000	0.2154750000
0.1036000000	0.2156500000
0.1038000000	0.2158250000
0.1040000000	0.2160000000
0.1042000000	0.2161750000
0.1044000000	0.2163500000
0.1046000000	0.2165250000
0.1048000000	0.2167000000
0.1050000000	0.2168750000
0.1052000000	0.2170500000
0.1054000000	0.2172250000
0.1056000000	0.2174000000
0.1058000000	0.2175750000
0.1060000000	0.2177500000
0.1062000000	0.2179250000
0.1064000000	0.2181000000
0.1066000000	0.2182750000
0.1068000000	0.2184500000
0.1070000000	0.2186250000
0.1072000000	0.2188000000
0.1074000000	0.2189750000
0.1076000000	0.2191500000
0.1078000000	0.2193250000
0.1080000000	0.2195000000
0.1082000000	0.2196750000
0.1084000000	0.2198500000
0.1086000000	0.2200250000
0.1088000000	0.2202000000
0.1090000000	0.2203750000
0.1092000000	0.2205500000
0.1094000000	0.2207250000
0.1096000000	0.2209000000
0.1098000000	0.2210750000
0.1100000000	0.2212500000
0.1102000000	0.2214250000
0.1104000000	0.2216000000
0.1106000000	0.2217750000
0.1108000000	0.2219500000
0.1110000000	0.2221250000
0.1112000000	0.2223000000
0.1114000000	0.2224750000
0.1116000000	0.2226500000
0.1118000000	0.2228250000
0.1120000000	0.2230000000
0.1122000000	0.2231750000
0.1124000000	0.2233500000
0.1126000000	0.2235250000
0.1128000000	0.2237000000
0.1130000000	0.2238750000
0.1132000000	0.2240500000
0.1134000000	0.2242250000
0.1136000000	0.2244000000
0.1138000000	0.2245750000
0.1140000000	0.2247500000
0.1142000000	0.2249250000
0.1144000000	0.2251000000
0.1146000000	0.2252750000
0.1148000000	0.2254500000
0.1150000000	0.2256250000
0.1152000000	0.2258000000
0.1154000000	0.2259750000
0.1156000000	0.2261500000
0.1158000000	0.2263250000
0.1160000000	0.2265000000
0.1162000000	0.2266750000
0.1164000000	0.2268500000
0.1166000000	0.2270250000
0.1168000000	0.2272000000
0.1170000000	0.2273750000
0.1172000000	0.2275500000
0.1174000000	0.2277250000
0.1176000000	0.2279000000
0.1178000000	0.2280750000
0.1180000000	0.2282500000
0.1182000000	0.2284250000
0.1184000000	0.2286000000
0.1186000000	0.2287750000
0.1188000000	0.2289500000
0.1190000000	0.2291250000
0.1192000000	0.2293000000
0.1194000000	0.2294750000
0.1196000000	0.2296500000
0.1198000000	0.2298250000
0.1200000000	0.2300000000
0.1202000000	0.2301750000
0.1204000000	0.2303500000
0.1206000000	0.2305250000
0.1208000000	0.2307000000
0.1210000000	0.2308750000
0.1212000000	0.2310500000
0.1214000000	0.2312250000
0.1216000000	0.2314000000
0.1218000000	0.2315750000
0.1220000000	0.2317500000
0.1222000000	0.2319250000
0.1224000000	0.2321000000
0.1226000000	0.2322750000
0.1228000000	0.2324500000
0.1230000000	0.2326250000
0.1232000000	0.2328000000
0.1234000000	0.2329750000
0.1236000000	0.2331500000
0.1238000000	0.2333250000
0.1240000000	0.2335000000
0.1242000000	0.2336750000
0.1244000000	0.2338500000
0.1246000000	0.2340250000
0.1248000000	0.2342000000
0.1250000000	0.2343750000
0.1252000000	0.2345500000
0.1254000000	0.2347250000
0.1256000000	0.2349000000
0.1258000000	0.2350750000
0.1260000000	0.2352500000
0.1262000000	0.2354250000
0.1264000000	0.2356000000
0.1266000000	0.2357750000
0.1268000000	0.2359500000
0.1270000000	0.2361250000
0.1272000000	0.2363000000
0.1274000000	0.2364750000
0.1276000000	0.2366500000
0.1278000000	0.2368250000
0.1280000000	0.2370000000
0.1282000000	0.2371750000
0.1284000000	0.2373500000
0.1286000000	0.2375250000
0.1288000000	0.2377000000
0.1290000000	0.2378750000
0.1292000000	0.2380500000
0.1294000000	0.2382250000
0.1296000000	0.2384000000
0.1298000000	0.2385750000
0.1300000000	0.2387500000
0.1302000000	0.2389250000
0.1304000000	0.2391000000
0.1306000000	0.2392750000
0.1308000000	0.2394500000
0.1310000000	0.2396250000
0.1312000000	0.2398000000
0.1314000000	0.2399750000
0.1316000000	0.2401500000
0.1318000000	0.2403250000
0.1320000000	0.2405000000
0.1322000000	0.2406750000
0.1324000000	0.2408500000
0.1326000000	0.2410250000
0.1328000000	0.2412000000
0.1330000000	0.2413750000
0.1332000000	0.2415500000
0.1334000000	0.2417250000
0.1336000000	0.2419000000
0.1338000000	0.2420750000
0.1340000000	0.2422500000
0.1342000000	0.2424250000
0.1344000000	0.2426000000
0.1346000000	0.2427750000
0.1348000000	0.2429500000
0.1350000000	0.2431250000
0.1352000000	0.2433000000
0.1354000000	0.2434750000
0.1356000000	0.2436500000
0.1358000000	0.2438250000
0.1360000000	0.2440000000
0.1362000000	0.2441750000
0.1364000000	0.2443500000
0.1366000000	0.2445250000
0.1368000000	0.2447000000
0.1370000000	0.2448750000
0.1372000000	0.2450500000
0.1374000000	0.2452250000
0.1376000000	0.2454000000
0.1378000000	0.2455750000
0.1380000000	0.2457500000
0.1382000000	0.2459250000
0.1384000000	0.2461000000
0.1386000000	0.2462750000
0.1388000000	0.2464500000
0.1390000000	0.2466250000
0.1392000000	0.2468000000
0.1394000000	0.2469750000
0.1396000000	0.2471500000
0.1398000000	0.2473250000
0.1400000000	0.2475000000
0.1402000000	0.2476750000
0.1404000000	0.2478500000
0.1406000000	0.2480250000
0.1408000000	0.2482000000
0.1410000000	0.2483750000
0.1412000000	0.2485500000
0.1414000000	0.2487250000
0.1416000000	0.2489000000
0.1418000000	0.2490750000
0.1420000000	0.2492500000
0.1422000000	0.2494250000
0.1424000000	0.2496000000
0.1426000000	0.2497750000
0.1428000000	0.2499500000
0.1430000000	0.2501250000
0.1432000000	0.2503000000
0.1434000000	0.2504750000
0.1436000000	0.2506500000
0.1438000000	0.2508250000
0.1440000000	0.2510000000
0.1442000000	0.2511750000
0.1444000000	0.2513500000
0.1446000000	0.2515250000
0.1448000000	0.2517000000
0.1450000000	0.2518750000
0.1452000000	0.2520500000
0.1454000000	0.2522250000
0.1456000000	0.2524000000
0.1458000000	0.2525750000
0.1460000000	0.2527500000
0.1462000000	0.2529250000
0.1464000000	0.2531000000
0.1466000000	0.2532750000
0.1468000000	0.2534500000
0.1470000000	0.2536250000
0.1472000000	0.2538000000
0.1474000000	0.2539750000
0.1476000000	0.2541500000
0.1478000000	0.2543250000
0.1480000000	0.2545000000
0.1482000000	0.2546750000
0.1484000000	0.2548500000
0.1486000000	0.2550250000
0.1488000000	0.2552000000
0.1490000000	0.2553750000
0.1492000000	0.2555500000
0.1494000000	0.2557250000
0.1496000000	0.2559000000
0.1498000000	0.2560750000
0.1500000000	0.2562500000
0.1502000000	0.2564250000
0.1504000000	0.2566000000
0.1506000000	0.2567750000
0.1508000000	0.2569500000
0.1510000000	0.2571250000
0.1512000000	0.2573000000
0.1514000000	0.2574750000
0.1516000000	0.2576500000
0.1518000000	0.2578250000
0.1520000000	0.2580000000
0.1522000000	0.2581750000
0.1524000000	0.2583500000
0.1526000000	0.2585250000
0.1528000000	0.2587000000
0.1530000000	0.2588750000
0.1532000000	0.2590500000
0.1534000000	0.2592250000
0.1536000000	0.2594000000
0.1538000000	0.2595750000
0.1540000000	0.2597500000
0.1542000000	0.2599250000
0.1544000000	0.2601000000
0.1546000000	0.2602750000
0.1548000000	0.2604500000
0.1550000000	0.2606250000
0.1552000000	0.2608000000
0.1554000000	0.2609750000
0.1556000000	0.2611500000
0.1558000000	0.2613250000
0.1560000000	0.2615000000
0.1562000000	0.2616750000
0.1564000000	0.2618500000
0.1566000000	0.2620250000
0.1568000000	0.2622000000
0.1570000000	0.2623750000
0.1572000000	0.2625500000
0.1574000000	0.2627250000
0.1576000000	0.2629000000
0.1578000000	0.2630750000
0.1580000000	0.2632500000
0.1582000000	0.2634250000
0.1584000000	0.2636000000
0.1586000000	0.2637750000
0.1588000000	0.2639500000
0.1590000000	0.2641250000
0.1592000000	0.2643000000
0.1594000000	0.2644750000
0.1596000000	0.2646500000
0.1598000000	0.2648250000
0.1600000000	0.2650000000
0.1602000000	0.2651750000
0.1604000000	0.2653500000
0.1606000000	0.2655250000
0.1608000000	0.2657000000
0.1610000000	0.2658750000
0.1612000000	0.2660500000
0.1614000000	0.2662250000
0.1616000000	0.2664000000
0.1618000000	0.2665750000
0.1620000000	0.2667500000
0.1622000000	0.2669250000
0.1624000000	0.2671000000
0.1626000000	0.2672750000
0.1628000000	0.2674500000
0.1630000000	0.2676250000
0.1632000000	0.2678000000
0.1634000000	0.2679750000
0.1636000000	0.2681500000
0.1638000000	0.2683250000
0.1640000000	0.2685000000
0.1642000000	0.2686750000
0.1644000000	0.2688500000
0.1646000000	0.2690250000
0.1648000000	0.2692000000
0.1650000000	0.2693750000
0.1652000000	0.2695500000
0.1654000000	0.2697250000
0.1656000000	0.2699000000
0.1658000000	0.2700750000
0.1660000000	0.2702500000
0.1662000000	0.2704250000
0.1664000000	0.2706000000
0.1666000000	0.2707750000
0.1668000000	0.2709500000
0.1670000000	0.2711250000
0.1672000000	0.2713000000
0.1674000000	0.2714750000
0.1676000000	0.2716500000
0.1678000000	0.2718250000
0.1680000000	0.2720000000
0.1682000000	0.2721750000
0.1684000000	0.2723500000
0.1686000000	0.2725250000
0.1688000000	0.2727000000
0.1690000000	0.2728750000
0.1692000000	0.2730500000
0.1694000000	0.2732250000
0.1696000000	0.2734000000
0.1698000000	0.2735750000
0.1700000000	0.2737500000
0.1702000000	0.2739250000
0.1704000000	0.2741000000
0.1706000000	0.2742750000
0.1708000000	0.2744500000
0.1710000000	0.2746250000
0.1712000000	0.2748000000
0.1714000000	0.2749750000
0.1716000000	0.2751500000
0.1718000000	0.2753250000
0.1720000000	0.2755000000
0.1722000000	0.2756750000
0.1724000000	0.2758500000
0.1726000000	0.2760250000
0.1728000000	0.2762000000
0.1730000000	0.2763750000
0.1732000000	0.2765500000
0.1734000000	0.2767250000
0.1736000000	0.2769000000
0.1738000000	0.2770750000
0.1740000000	0.2772500000
0.1742000000	0.2774250000
0.1744000000	0.2776000000
0.1746000000	0.2777750000
0.1748000000	0.2779500000
0.1750000000	0.2781250000
0.1752000000	0.2783000000
0.1754000000	0.2784750000
0.1756000000	0.2786500000
0.1758000000	0.2788250000
0.1760000000	0.2790000000
0.1762000000	0.2791750000
0.1764000000	0.2793500000
0.1766000000	0.2795250000
0.1768000000	0.2797000000
0.1770000000	0.2798750000
0.1772000000	0.2800500000
0.1774000000	0.2802250000
0.1776000000	0.2804000000
0.1778000000	0.2805750000
0.1780000000	0.2807500000
0.1782000000	0.2809250000
0.1784000000	0.2811000000
0.1786000000	0.2812750000
0.1788000000	0.2814500000
0.1790000000	0.2816250000
0.1792000000	0.2818000000
0.1794000000	0.2819750000
0.1796000000	0.2821500000
0.1798000000	0.2823250000
0.1800000000	0.2825000000
0.1802000000	0.2826750000
0.1804000000	0.2828500000
0.1806000000	0.2830250000
0.1808000000	0.2832000000
0.1810000000	0.2833750000
0.1812000000	0.2835500000
0.1814000000	0.2837250000
0.1816000000	0.2839000000
0.1818000000	0.2840750000
0.1820000000	0.2842500000
0.1822000000	0.2844250000
0.1824000000	0.2846000000
0.1826000000	0.2847750000
0.1828000000	0.2849500000
0.1830000000	0.2851250000
0.1832000000	0.2853000000
0.1834000000	0.2854750000
0.1836000000	0.2856500000
0.1838000000	0.2858250000
0.1840000000	0.2860000000
0.1842000000	0.2861750000
0.1844000000	0.2863500000
0.1846000000	0.2865250000
0.1848000000	0.2867000000
0.1850000000	0.2868750000
0.1852000000	0.2870500000
0.1854000000	0.2872250000
0.1856000000	0.2874000000
0.1858000000	0.2875750000
0.1860000000	0.2877500000
0.1862000000	0.2879250000
0.1864000000	0.2881000000
0.1866000000	0.2882750000
0.1868000000	0.2884500000
0.1870000000	0.2886250000
0.1872000000	0.2888000000
0.1874000000	0.2889750000
0.1876000000	0.2891500000
0.1878000000	0.2893250000
0.1880000000	0.2895000000
0.1882000000	0.2896750000
0.1884000000	0.2898500000
0.1886000000	0.2900250000
0.1888000000	0.2902000000
0.1890000000	0.2903750000
0.1892000000	0.2905500000
0.1894000000	0.2907250000
0.1896000000	0.2909000000
0.1898000000	0.2910750000
0.1900000000	0.2912500000
0.1902000000	0.2914250000
0.1904000000	0.2916000000
0.1906000000	0.2917750000
0.1908000000	0.2919500000
0.1910000000	0.2921250000
0.1912000000	0.2923000000
0.1914000000	0.2924750000
0.1916000000	0.2926500000
0.1918000000	0.2928250000
0.1920000000	0.2930000000
0.1922000000	0.2931750000
0.1924000000	0.2933500000
0.1926000000	0.2935250000
0.1928000000	0.2937000000
0.1930000000	0.2938750000
0.1932000000	0.2940500000
0.1934000000	0.2942250000
0.1936000000	0.2944000000
0.1938000000	0.2945750000
0.1940000000	0.2947500000
0.1942000000	0.2949250000
0.1944000000	0.2951000000
0.1946000000	0.2952750000
0.1948000000	0.2954500000
0.1950000000	0.2956250000
0.1952000000	0.2958000000
0.1954000000	0.2959750000
0.1956000000	0.2961500000
0.1958000000	0.2963250000
0.1960000000	0.2965000000
0.1962000000	0.2966750000
0.1964000000	0.2968500000
0.1966000000	0.2970250000
0.1968000000	0.2972000000
0.1970000000	0.2973750000
0.1972000000	0.2975500000
0.1974000000	0.2977250000
0.1976000000	0.2979000000
0.1978000000	0.2980750000
0.1980000000	0.2982500000
0.1982000000	0.2984250000
0.1984000000	0.2986000000
0.1986000000	0.2987750000
0.1988000000	0.2989500000
0.1990000000	0.2991250000
0.1992000000	0.2993000000
0.1994000000	0.2994750000
0.1996000000	0.2996500000
0.1998000000	0.2998250000
0.2000000000	0.3000000000
0.2002000000	0.3001750000
0.2004000000	0.3003500000
0.2006000000	0.3005250000
0.2008000000	0.3007000000
0.2010000000	0.3008750000
0.2012000000	0.3010500000
0.2014000000	0.3012250000
0.2016000000	0.3014000000
0.2018000000	0.3015750000
0.2020000000	0.3017500000
0.2022000000	0.3019250000
0.2024000000	0.3021000000
0.2026000000	0.3022750000
0.2028000000	0.3024500000
0.2030000000	0.3026250000
0.2032000000	0.3028000000
0.2034000000	0.3029750000
0.2036000000	0.3031500000
0.2038000000	0.3033250000
0.2040000000	0.3035000000
0.2042000000	0.3036750000
0.2044000000	0.3038500000
0.2046000000	0.3040250000
0.2048000000	0.3042000000
0.2050000000	0.3043750000
0.2052000000	0.3045500000
0.2054000000	0.3047250000
0.2056000000	0.3049000000
0.2058000000	0.3050750000
0.2060000000	0.3052500000
0.2062000000	0.3054250000
0.2064000000	0.3056000000
0.2066000000	0.3057750000
0.2068000000	0.3059500000
0.2070000000	0.3061250000
0.2072000000	0.3063000000
0.2074000000	0.3064750000
0.2076000000	0.3066500000
0.2078000000	0.3068250000
0.2080000000	0.3070000000
0.2082000000	0.3071750000
0.2084000000	0.3073500000
0.2086000000	0.3075250000
0.2088000000	0.3077000000
0.2090000000	0.3078750000
0.2092000000	0.3080500000
0.2094000000	0.3082250000
0.2096000000	0.3084000000
0.2098000000	0.3085750000
0.2100000000	0.3087500000
0.2102000000	0.3089250000
0.2104000000	0.3091000000
0.2106000000	0.3092750000
0.2108000000	0.3094500000
0.2110000000	0.3096250000
0.2112000000	0.3098000000
0.2114000000	0.3099750000
0.2116000000	0.3101500000
0.2118000000	0.3103250000
0.2120000000	0.3105000000
0.2122000000	0.3106750000
0.2124000000	0.3108500000
0.2126000000	0.3110250000
0.2128000000	0.3112000000
0.2130000000	0.3113750000
0.2132000000	0.3115500000
0.2134000000	0.3117250000
0.2136000000	0.3119000000
0.2138000000	0.3120750000
0.2140000000	0.3122500000
0.2142000000	0.3124250000
0.2144000000	0.3126000000
0.2146000000	0.3127750000
0.2148000000	0.3129500000
0.2150000000	0.3131250000
0.2152000000	0.3133000000
0.2154000000	0.3134750000
0.2156000000	0.3136500000
0.2158000000	0.3138250000
0.2160000000	0.3140000000
0.2162000000	0.3141750000
0.2164000000	0.3143500000
0.2166000000	0.3145250000
0.2168000000	0.3147000000
0.2170000000	0.3148750000
0.2172000000	0.3150500000
0.2174000000	0.3152250000
0.2176000000	0.3154000000
0.2178000000	0.3155750000
0.2180000000	0.3157500000
0.2182000000	0.3159250000
0.2184000000	0.3161000000
0.2186000000	0.3162750000
0.2188000000	0.3164500000
0.2190000000	0.3166250000
0.2192000000	0.3168000000
0.2194000000	0.3169750000
0.2196000000	0.3171500000
0.2198000000	0.3173250000
0.2200000000	0.3175000000
0.2202000000	0.3176750000
0.2204000000	0.3178500000
0.2206000000	0.3180250000
0.2208000000	0.3182000000
0.2210000000	0.3183750000
0.2212000000	0.3185500000
0.2214000000	0.3187250000
0.2216000000	0.3189000000
0.2218000000	0.3190750000
0.2220000000	0.3192500000
0.2222000000	0.3194250000
0.2224000000	0.3196000000
0.2226000000	0.3197750000
0.2228000000	0.3199500000
0.2230000000	0.3201250000
0.2232000000	0.3203000000
0.2234000000	0.3204750000
0.2236000000	0.3206500000
0.2238000000	0.3208250000
0.2240000000	0.3210000000
0.2242000000	0.3211750000
0.2244000000	0.3213500000
0.2246000000	0.3215250000
0.2248000000	0.3217000000
0.2250000000	0.3218750000
0.2252000000	0.3220500000
0.2254000000	0.3222250000
0.2256000000	0.3224000000
0.2258000000	0.3225750000
0.2260000000	0.3227500000
0.2262000000	0.3229250000
0.2264000000	0.3231000000
0.2266000000	0.3232750000
0.2268000000	0.3234500000
0.2270000000	0.3236250000
0.2272000000	0.3238000000
0.2274000000	0.3239750000
0.2276000000	0.3241500000
0.2278000000	0.3243250000
0.2280000000	0.3245000000
0.2282000000	0.3246750000
0.2284000000	0.3248500000
0.2286000000	0.3250250000
0.2288000000	0.3252000000
0.2290000000	0.3253750000
0.2292000000	0.3255500000
0.2294000000	0.3257250000
0.2296000000	0.3259000000
0.2298000000	0.3260750000
0.2300000000	0.3262500000
0.2302000000	0.3264250000
0.2304000000	0.3266000000
0.2306000000	0.3267750000
0.2308000000	0.3269500000
0.2310000000	0.3271250000
0.2312000000	0.3273000000
0.2314000000	0.3274750000
0.2316000000	0.3276500000
0.2318000000	0.3278250000
0.2320000000	0.3280000000
0.2322000000	0.3281750000
0.2324000000	0.3283500000
0.2326000000	0.3285250000
0.2328000000	0.3287000000
0.2330000000	0.3288750000
0.2332000000	0.3290500000
0.2334000000	0.3292250000
0.2336000000	0.3294000000
0.2338000000	0.3295750000
0.2340000000	0.3297500000
0.2342000000	0.3299250000
0.2344000000	0.3301000000
0.2346000000	0.3302750000
0.2348000000	0.3304500000
0.2350000000	0.3306250000
0.2352000000	0.3308000000
0.2354000000	0.3309750000
0.2356000000	0.3311500000
0.2358000000	0.3313250000
0.2360000000	0.3315000000
0.2362000000	0.3316750000
0.2364000000	0.3318500000
0.2366000000	0.3320250000
0.2368000000	0.3322000000
0.2370000000	0.3323750000
0.2372000000	0.3325500000
0.2374000000	0.3327250000
0.2376000000	0.3329000000
0.2378000000	0.3330750000
0.2380000000	0.3332500000
0.2382000000	0.3334250000
0.2384000000	0.3336000000
0.2386000000	0.3337750000
0.2388000000	0.3339500000
0.2390000000	0.3341250000
0.2392000000	0.3343000000
0.2394000000	0.3344750000
0.2396000000	0.3346500000
0.2398000000	0.3348250000
0.2400000000	0.3350000000
0.2402000000	0.3351750000
0.2404000000	0.3353500000
0.2406000000	0.3355250000
0.2408000000	0.3357000000
0.2410000000	0.3358750000
0.2412000000	0.3360500000
0.2414000000	0.3362250000
0.2416000000	0.3364000000
0.2418000000	0.3365750000
0.2420000000	0.3367500000
0.2422000000	0.3369250000
0.2424000000	0.3371000000
0.2426000000	0.3372750000
0.2428000000	0.3374500000
0.2430000000	0.3376250000
0.2432000000	0.3378000000
0.2434000000	0.3379750000
0.2436000000	0.3381500000
0.2438000000	0.3383250000
0.2440000000	0.3385000000
0.2442000000	0.3386750000
0.2444000000	0.3388500000
0.2446000000	0.3390250000
0.2448000000	0.3392000000
0.2450000000	0.3393750000
0.2452000000	0.3395500000
0.2454000000	0.3397250000
0.2456000000	0.3399000000
0.2458000000	0.3400750000
0.2460000000	0.3402500000
0.2462000000	0.3404250000
0.2464000000	0.3406000000
0.2466000000	0.3407750000
0.2468000000	0.3409500000
0.2470000000	0.3411250000
0.2472000000	0.3413000000
0.2474000000	0.3414750000
0.2476000000	0.3416500000
0.2478000000	0.3418250000
0.2480000000	0.3420000000
0.2482000000	0.3421750000
0.2484000000	0.3423500000
0.2486000000	0.3425250000
0.2488000000	0.3427000000
0.2490000000	0.3428750000
0.2492000000	0.3430500000
0.2494000000	0.3432250000
0.2496000000	0.3434000000
0.2498000000	0.3435750000
0.2500000000	0.3437500000
0.2502000000	0.3439250000
0.2504000000	0.3441000000
0.2506000000	0.3442750000
0.2508000000	0.3444500000
0.2510000000	0.3446250000
0.2512000000	0.3448000000
0.2514000000	0.3449750000
0.2516000000	0.3451500000
0.2518000000	0.3453250000
0.2520000000	0.3455000000
0.2522000000	0.3456750000
0.2524000000	0.3458500000
0.2526000000	0.3460250000
0.2528000000	0.3462000000
0.2530000000	0.3463750000
0.2532000000	0.3465500000
0.2534000000	0.3467250000
0.2536000000	0.3469000000
0.2538000000	0.3470750000
0.2540000000	0.3472500000
0.2542000000	0.3474250000
0.2544000000	0.3476000000
0.2546000000	0.3477750000
0.2548000000	0.3479500000
0.2550000000	0.3481250000
0.2552000000	0.3483000000
0.2554000000	0.3484750000
0.2556000000	0.3486500000
0.2558000000	0.3488250000
0.2560000000	0.3490000000
0.2562000000	0.3491750000
0.2564000000	0.3493500000
0.2566000000	0.3495250000
0.2568000000	0.3497000000
0.2570000000	0.3498750000
0.2572000000	0.3500500000
0.2574000000	0.3502250000
0.2576000000	0.3504000000
0.2578000000	0.3505750000
0.2580000000	0.3507500000
0.2582000000	0.3509250000
0.2584000000	0.3511000000
0.2586000000	0.3512750000
0.2588000000	0.3514500000
0.2590000000	0.3516250000
0.2592000000	0.3518000000
0.2594000000	0.3519750000
0.2596000000	0.3521500000
0.2598000000	0.3523250000
0.2600000000	0.3525000000
0.2602000000	0.3526750000
0.2604000000	0.3528500000
0.2606000000	0.3530250000
0.2608000000	0.3532000000
0.2610000000	0.3533750000
0.2612000000	0.3535500000
0.2614000000	0.3537250000
0.2616000000	0.3539000000
0.2618000000	0.3540750000
0.2620000000	0.3542500000
0.2622000000	0.3544250000
0.2624000000	0.3546000000
0.2626000000	0.3547750000
0.2628000000	0.3549500000
0.2630000000	0.3551250000
0.2632000000	0.3553000000
0.2634000000	0.3554750000
0.2636000000	0.3556500000
0.2638000000	0.3558250000
0.2640000000	0.3560000000
0.2642000000	0.3561750000
0.2644000000	0.3563500000
0.2646000000	0.3565250000
0.2648000000	0.3567000000
0.2650000000	0.3568750000
0.2652000000	0.3570500000
0.2654000000	0.3572250000
0.2656000000	0.3574000000
0.2658000000	0.3575750000
0.2660000000	0.3577500000
0.2662000000	0.3579250000
0.2664000000	0.3581000000
0.2666000000	0.3582750000
0.2668000000	0.3584500000
0.2670000000	0.3586250000
0.2672000000	0.3588000000
0.2674000000	0.3589750000
0.2676000000	0.3591500000
0.2678000000	0.3593250000
0.2680000000	0.3595000000
0.2682000000	0.3596750000
0.2684000000	0.3598500000
0.2686000000	0.3600250000
0.2688000000	0.3602000000
0.2690000000	0.3603750000
0.2692000000	0.3605500000
0.2694000000	0.3607250000
0.2696000000	0.3609000000
0.2698000000	0.3610750000
0.2700000000	0.3612500000
0.2702000000	0.3614250000
0.2704000000	0.3616000000
0.2706000000	0.3617750000
0.2708000000	0.3619500000
0.2710000000	0.3621250000
0.2712000000	0.3623000000
0.2714000000	0.3624750000
0.2716000000	0.3626500000
0.2718000000	0.3628250000
0.2720000000	0.3630000000
0.2722000000	0.3631750000
0.2724000000	0.3633500000
0.2726000000	0.3635250000
0.2728000000	0.3637000000
0.2730000000	0.3638750000
0.2732000000	0.3640500000
0.2734000000	0.3642250000
0.2736000000	0.3644000000
0.2738000000	0.3645750000
0.2740000000	0.3647500000
0.2742000000	0.3649250000
0.2744000000	0.3651000000
0.2746000000	0.3652750000
0.2748000000	0.3654500000
0.2750000000	0.3656250000
0.2752000000	0.3658000000
0.2754000000	0.3659750000
0.2756000000	0.3661500000
0.2758000000	0.3663250000
0.2760000000	0.3665000000
0.2762000000	0.3666750000
0.2764000000	0.3668500000
0.2766000000	0.3670250000
0.2768000000	0.3672000000
0.2770000000	0.3673750000
0.2772000000	0.3675500000
0.2774000000	0.3677250000
0.2776000000	0.3679000000
0.2778000000	0.3680750000
0.2780000000	0.3682500000
0.2782000000	0.3684250000
0.2784000000	0.3686000000
0.2786000000	0.3687750000
0.2788000000	0.3689500000
0.2790000000	0.3691250000
0.2792000000	0.3693000000
0.2794000000	0.3694750000
0.2796000000	0.3696500000
0.2798000000	0.3698250000
0.2800000000	0.3700000000
0.2802000000	0.3701750000
0.2804000000	0.3703500000
0.2806000000	0.3705250000
0.2808000000	0.3707000000
0.2810000000	0.3708750000
0.2812000000	0.3710500000
0.2814000000	0.3712250000
0.2816000000	0.3714000000
0.2818000000	0.3715750000
0.2820000000	0.3717500000
0.2822000000	0.3719250000
0.2824000000	0.3721000000
0.2826000000	0.3722750000
0.2828000000	0.3724500000
0.2830000000	0.3726250000
0.2832000000	0.3728000000
0.2834000000	0.3729750000
0.2836000000	0.3731500000
0.2838000000	0.3733250000
0.2840000000	0.3735000000
0.2842000000	0.3736750000
0.2844000000	0.3738500000
0.2846000000	0.3740250000
0.2848000000	0.3742000000
0.2850000000	0.3743750000
0.2852000000	0.3745500000
0.2854000000	0.3747250000
0.2856000000	0.3749000000
0.2858000000	0.3750750000
0.2860000000	0.3752500000
0.2862000000	0.3754250000
0.2864000000	0.3756000000
0.2866000000	0.3757750000
0.2868000000	0.3759500000
0.2870000000	0.3761250000
0.2872000000	0.3763000000
0.2874000000	0.3764750000
0.2876000000	0.3766500000
0.2878000000	0.3768250000
0.2880000000	0.3770000000
0.2882000000	0.3771750000
0.2884000000	0.3773500000
0.2886000000	0.3775250000
0.2888000000	0.3777000000
0.2890000000	0.3778750000
0.2892000000	0.3780500000
0.2894000000	0.3782250000
0.2896000000	0.3784000000
0.2898000000	0.3785750000
0.2900000000	0.3787500000
0.2902000000	0.3789250000
0.2904000000	0.3791000000
0.2906000000	0.3792750000
0.2908000000	0.3794500000
0.2910000000	0.3796250000
0.2912000000	0.3798000000
0.2914000000	0.3799750000
0.2916000000	0.3801500000
0.2918000000	0.3803250000
0.2920000000	0.3805000000
0.2922000000	0.3806750000
0.2924000000	0.3808500000
0.2926000000	0.3810250000
0.2928000000	0.3812000000
0.2930000000	0.3813750000
0.2932000000	0.3815500000
0.2934000000	0.3817250000
0.2936000000	0.3819000000
0.2938000000	0.3820750000
0.2940000000	0.3822500000
0.2942000000	0.3824250000
0.2944000000	0.3826000000
0.2946000000	0.3827750000
0.2948000000	0.3829500000
0.2950000000	0.3831250000
0.2952000000	0.3833000000
0.2954000000	0.3834750000
0.2956000000	0.3836500000
0.2958000000	0.3838250000
0.2960000000	0.3840000000
0.2962000000	0.3841750000
0.2964000000	0.3843500000
0.2966000000	0.3845250000
0.2968000000	0.3847000000
0.2970000000	0.3848750000
0.2972000000	0.3850500000
0.2974000000	0.3852250000
0.2976000000	0.3854000000
0.2978000000	0.3855750000
0.2980000000	0.3857500000
0.2982000000	0.3859250000
0.2984000000	0.3861000000
0.2986000000	0.3862750000
0.2988000000	0.3864500000
0.2990000000	0.3866250000
0.2992000000	0.3868000000
0.2994000000	0.3869750000
0.2996000000	0.3871500000
0.2998000000	0.3873250000
0.3000000000	0.3875000000
0.3002000000	0.3876750000
0.3004000000	0.3878500000
0.3006000000	0.3880250000
0.3008000000	0.3882000000
0.3010000000	0.3883750000
0.3012000000	0.3885500000
0.3014000000	0.3887250000
0.3016000000	0.3889000000
0.3018000000	0.3890750000
0.3020000000	0.3892500000
0.3022000000	0.3894250000
0.3024000000	0.3896000000
0.3026000000	0.3897750000
0.3028000000	0.3899500000
0.3030000000	0.3901250000
0.3032000000	0.3903000000
0.3034000000	0.3904750000
0.3036000000	0.3906500000
0.3038000000	0.3908250000
0.3040000000	0.3910000000
0.3042000000	0.3911750000
0.3044000000	0.3913500000
0.3046000000	0.3915250000
0.3048000000	0.3917000000
0.3050000000	0.3918750000
0.3052000000	0.3920500000
0.3054000000	0.3922250000
0.3056000000	0.3924000000
0.3058000000	0.3925750000
0.3060000000	0.3927500000
0.3062000000	0.3929250000
0.3064000000	0.3931000000
0.3066000000	0.3932750000
0.3068000000	0.3934500000
0.3070000000	0.3936250000
0.3072000000	0.3938000000
0.3074000000	0.3939750000
0.3076000000	0.3941500000
0.3078000000	0.3943250000
0.3080000000	0.3945000000
0.3082000000	0.3946750000
0.3084000000	0.3948500000
0.3086000000	0.3950250000
0.3088000000	0.3952000000
0.3090000000	0.3953750000
0.3092000000	0.3955500000
0.3094000000	0.3957250000
0.3096000000	0.3959000000
0.3098000000	0.3960750000
0.3100000000	0.3962500000
0.3102000000	0.3964250000
0.3104000000	0.3966000000
0.3106000000	0.3967750000
0.3108000000	0.3969500000
0.3110000000	0.3971250000
0.3112000000	0.3973000000
0.3114000000	0.3974750000
0.3116000000	0.3976500000
0.3118000000	0.3978250000
0.3120000000	0.3980000000
0.3122000000	0.3981750000
0.3124000000	0.3983500000
0.3126000000	0.3985250000
0.3128000000	0.3987000000
0.3130000000	0.3988750000
0.3132000000	0.3990500000
0.3134000000	0.3992250000
0.3136000000	0.3994000000
0.3138000000	0.3995750000
0.3140000000	0.3997500000
0.3142000000	0.3999250000
0.3144000000	0.4001000000
0.3146000000	0.4002750000
0.3148000000	0.4004500000
0.3150000000	0.4006250000
0.3152000000	0.4008000000
0.3154000000	0.4009750000
0.3156000000	0.4011500000
0.3158000000	0.4013250000
0.3160000000	0.4015000000
0.3162000000	0.4016750000
0.3164000000	0.4018500000
0.3166000000	0.4020250000
0.3168000000	0.4022000000
0.3170000000	0.4023750000
0.3172000000	0.4025500000
0.3174000000	0.4027250000
0.3176000000	0.4029000000
0.3178000000	0.4030750000
0.3180000000	0.4032500000
0.3182000000	0.4034250000
0.3184000000	0.4036000000
0.3186000000	0.4037750000
0.3188000000	0.4039500000
0.3190000000	0.4041250000
0.3192000000	0.4043000000
0.3194000000	0.4044750000
0.3196000000	0.4046500000
0.3198000000	0.4048250000
0.3200000000	0.4050000000
0.3202000000	0.4051750000
0.3204000000	0.4053500000
0.3206000000	0.4055250000
0.3208000000	0.4057000000
0.3210000000	0.4058750000
0.3212000000	0.4060500000
0.3214000000	0.4062250000
0.3216000000	0.4064000000
0.3218000000	0.4065750000
0.3220000000	0.4067500000
0.3222000000	0.4069250000
0.3224000000	0.4071000000
0.3226000000	0.4072750000
0.3228000000	0.4074500000
0.3230000000	0.4076250000
0.3232000000	0.4078000000
0.3234000000	0.4079750000
0.3236000000	0.4081500000
0.3238000000	0.4083250000
0.3240000000	0.4085000000
0.3242000000	0.4086750000
0.3244000000	0.4088500000
0.3246000000	0.4090250000
0.3248000000	0.4092000000
0.3250000000	0.4093750000
0.3252000000	0.4095500000
0.3254000000	0.4097250000
0.3256000000	0.4099000000
0.3258000000	0.4100750000
0.3260000000	0.4102500000
0.3262000000	0.4104250000
0.3264000000	0.4106000000
0.3266000000	0.4107750000
0.3268000000	0.4109500000
0.3270000000	0.4111250000
0.3272000000	0.4113000000
0.3274000000	0.4114750000
0.3276000000	0.4116500000
0.3278000000	0.4118250000
0.3280000000	0.4120000000
0.3282000000	0.4121750000
0.3284000000	0.4123500000
0.3286000000	0.4125250000
0.3288000000	0.4127000000
0.3290000000	0.4128750000
0.3292000000	0.4130500000
0.3294000000	0.4132250000
0.3296000000	0.4134000000
0.3298000000	0.4135750000
0.3300000000	0.4137500000
0.3302000000	0.4139250000
0.3304000000	0.4141000000
0.3306000000	0.4142750000
0.3308000000	0.4144500000
0.3310000000	0.4146250000
0.3312000000	0.4148000000
0.3314000000	0.4149750000
0.3316000000	0.4151500000
0.3318000000	0.4153250000
0.3320000000	0.4155000000
0.3322000000	0.4156750000
0.3324000000	0.4158500000
0.3326000000	0.4160250000
0.3328000000	0.4162000000
0.3330000000	0.4163750000
0.3332000000	0.4165500000
0.3334000000	0.4167250000
0.3336000000	0.4169000000
0.3338000000	0.4170750000
0.3340000000	0.4172500000
0.3342000000	0.4174250000
0.3344000000	0.4176000000
0.3346000000	0.4177750000
0.3348000000	0.4179500000
0.3350000000	0.4181250000
0.3352000000	0.4183000000
0.3354000000	0.4184750000
0.3356000000	0.4186500000
0.3358000000	0.4188250000
0.3360000000	0.4190000000
0.3362000000	0.4191750000
0.3364000000	0.4193500000
0.3366000000	0.4195250000
0.3368000000	0.4197000000
0.3370000000	0.4198750000
0.3372000000	0.4200500000
0.3374000000	0.4202250000
0.3376000000	0.4204000000
0.3378000000	0.4205750000
0.3380000000	0.4207500000
0.3382000000	0.4209250000
0.3384000000	0.4211000000
0.3386000000	0.4212750000
0.3388000000	0.4214500000
0.3390000000	0.4216250000
0.3392000000	0.4218000000
0.3394000000	0.4219750000
0.3396000000	0.4221500000
0.3398000000	0.4223250000
0.3400000000	0.4225000000
0.3402000000	0.4226750000
0.3404000000	0.4228500000
0.3406000000	0.4230250000
0.3408000000	0.4232000000
0.3410000000	0.4233750000
0.3412000000	0.4235500000
0.3414000000	0.4237250000
0.3416000000	0.4239000000
0.3418000000	0.4240750000
0.3420000000	0.4242500000
0.3422000000	0.4244250000
0.3424000000	0.4246000000
0.3426000000	0.4247750000
0.3428000000	0.4249500000
0.3430000000	0.4251250000
0.3432000000	0.4253000000
0.3434000000	0.4254750000
0.3436000000	0.4256500000
0.3438000000	0.4258250000
0.3440000000	0.4260000000
0.3442000000	0.4261750000
0.3444000000	0.4263500000
0.3446000000	0.4265250000
0.3448000000	0.4267000000
0.3450000000	0.4268750000
0.3452000000	0.4270500000
0.3454000000	0.4272250000
0.3456000000	0.4274000000
0.3458000000	0.4275750000
0.3460000000	0.4277500000
0.3462000000	0.4279250000
0.3464000000	0.4281000000
0.3466000000	0.4282750000
0.3468000000	0.4284500000
0.3470000000	0.4286250000
0.3472000000	0.4288000000
0.3474000000	0.4289750000
0.3476000000	0.4291500000
0.3478000000	0.4293250000
0.3480000000	0.4295000000
0.3482000000	0.4296750000
0.3484000000	0.4298500000
0.3486000000	0.4300250000
0.3488000000	0.4302000000
0.3490000000	0.4303750000
0.3492000000	0.4305500000
0.3494000000	0.4307250000
0.3496000000	0.4309000000
0.3498000000	0.4310750000
0.3500000000	0.4312500000
0.3502000000	0.4314250000
0.3504000000	0.4316000000
0.3506000000	0.4317750000
0.3508000000	0.4319500000
0.3510000000	0.4321250000
0.3512000000	0.4323000000
0.3514000000	0.4324750000
0.3516000000	0.4326500000
0.3518000000	0.4328250000
0.3520000000	0.4330000000
0.3522000000	0.4331750000
0.3524000000	0.4333500000
0.3526000000	0.4335250000
0.3528000000	0.4337000000
0.3530000000	0.4338750000
0.3532000000	0.4340500000
0.3534000000	0.4342250000
0.3536000000	0.4344000000
0.3538000000	0.4345750000
0.3540000000	0.4347500000
0.3542000000	0.4349250000
0.3544000000	0.4351000000
0.3546000000	0.4352750000
0.3548000000	0.4354500000
0.3550000000	0.4356250000
0.3552000000	0.4358000000
0.3554000000	0.4359750000
0.3556000000	0.4361500000
0.3558000000	0.4363250000
0.3560000000	0.4365000000
0.3562000000	0.4366750000
0.3564000000	0.4368500000
0.3566000000	0.4370250000
0.3568000000	0.4372000000
0.3570000000	0.4373750000
0.3572000000	0.4375500000
0.3574000000	0.4377250000
0.3576000000	0.4379000000
0.3578000000	0.4380750000
0.3580000000	0.4382500000
0.3582000000	0.4384250000
0.3584000000	0.4386000000
0.3586000000	0.4387750000
0.3588000000	0.4389500000
0.3590000000	0.4391250000
0.3592000000	0.4393000000
0.3594000000	0.4394750000
0.3596000000	0.4396500000
0.3598000000	0.4398250000
0.3600000000	0.4400000000
0.3602000000	0.4401750000
0.3604000000	0.4403500000
0.3606000000	0.4405250000
0.3608000000	0.4407000000
0.3610000000	0.4408750000
0.3612000000	0.4410500000
0.3614000000	0.4412250000
0.3616000000	0.4414000000
0.3618000000	0.4415750000
0.3620000000	0.4417500000
0.3622000000	0.4419250000
0.3624000000	0.4421000000
0.3626000000	0.4422750000
0.3628000000	0.4424500000
0.3630000000	0.4426250000
0.3632000000	0.4428000000
0.3634000000	0.4429750000
0.3636000000	0.4431500000
0.3638000000	0.4433250000
0.3640000000	0.4435000000
0.3642000000	0.4436750000
0.3644000000	0.4438500000
0.3646000000	0.4440250000
0.3648000000	0.4442000000
0.3650000000	0.4443750000
0.3652000000	0.4445500000
0.3654000000	0.4447250000
0.3656000000	0.4449000000
0.3658000000	0.4450750000
0.3660000000	0.4452500000
0.3662000000	0.4454250000
0.3664000000	0.4456000000
0.3666000000	0.4457750000
0.3668000000	0.4459500000
0.3670000000	0.4461250000
0.3672000000	0.4463000000
0.3674000000	0.4464750000
0.3676000000	0.4466500000
0.3678000000	0.4468250000
0.3680000000	0.4470000000
0.3682000000	0.4471750000
0.3684000000	0.4473500000
0.3686000000	0.4475250000
0.3688000000	0.4477000000
0.3690000000	0.4478750000
0.3692000000	0.4480500000
0.3694000000	0.4482250000
0.3696000000	0.4484000000
0.3698000000	0.4485750000
0.3700000000	0.4487500000
0.3702000000	0.4489250000
0.3704000000	0.4491000000
0.3706000000	0.4492750000
0.3708000000	0.4494500000
0.3710000000	0.4496250000
0.3712000000	0.4498000000
0.3714000000	0.4499750000
0.3716000000	0.4501500000
0.3718000000	0.4503250000
0.3720000000	0.4505000000
0.3722000000	0.4506750000
0.3724000000	0.4508500000
0.3726000000	0.4510250000
0.3728000000	0.4512000000
0.3730000000	0.4513750000
0.3732000000	0.4515500000
0.3734000000	0.4517250000
0.3736000000	0.4519000000
0.3738000000	0.4520750000
0.3740000000	0.4522500000
0.3742000000	0.4524250000
0.3744000000	0.4526000000
0.3746000000	0.4527750000
0.3748000000	0.4529500000
0.3750000000	0.4531250000
0.3752000000	0.4533000000
0.3754000000	0.4534750000
0.3756000000	0.4536500000
0.3758000000	0.4538250000
0.3760000000	0.4540000000
0.3762000000	0.4541750000
0.3764000000	0.4543500000
0.3766000000	0.4545250000
0.3768000000	0.4547000000
0.3770000000	0.4548750000
0.3772000000	0.4550500000
0.3774000000	0.4552250000
0.3776000000	0.4554000000
0.3778000000	0.4555750000
0.3780000000	0.4557500000
0.3782000000	0.4559250000
0.3784000000	0.4561000000
0.3786000000	0.4562750000
0.3788000000	0.4564500000
0.3790000000	0.4566250000
0.3792000000	0.4568000000
0.3794000000	0.4569750000
0.3796000000	0.4571500000
0.3798000000	0.4573250000
0.3800000000	0.4575000000
0.3802000000	0.4576750000
0.3804000000	0.4578500000
0.3806000000	0.4580250000
0.3808000000	0.4582000000
0.3810000000	0.4583750000
0.3812000000	0.4585500000
0.3814000000	0.4587250000
0.3816000000	0.4589000000
0.3818000000	0.4590750000
0.3820000000	0.4592500000
0.3822000000	0.4594250000
0.3824000000	0.4596000000
0.3826000000	0.4597750000
0.3828000000	0.4599500000
0.3830000000	0.4601250000
0.3832000000	0.4603000000
0.3834000000	0.4604750000
0.3836000000	0.4606500000
0.3838000000	0.4608250000
0.3840000000	0.4610000000
0.3842000000	0.4611750000
0.3844000000	0.4613500000
0.3846000000	0.4615250000
0.3848000000	0.4617000000
0.3850000000	0.4618750000
0.3852000000	0.4620500000
0.3854000000	0.4622250000
0.3856000000	0.4624000000
0.3858000000	0.4625750000
0.3860000000	0.4627500000
0.3862000000	0.4629250000
0.3864000000	0.4631000000
0.3866000000	0.4632750000
0.3868000000	0.4634500000
0.3870000000	0.4636250000
0.3872000000	0.4638000000
0.3874000000	0.4639750000
0.3876000000	0.4641500000
0.3878000000	0.4643250000
0.3880000000	0.4645000000
0.3882000000	0.4646750000
0.3884000000	0.4648500000
0.3886000000	0.4650250000
0.3888000000	0.4652000000
0.3890000000	0.4653750000
0.3892000000	0.4655500000
0.3894000000	0.4657250000
0.3896000000	0.4659000000
0.3898000000	0.4660750000
0.3900000000	0.4662500000
0.3902000000	0.4664250000
0.3904000000	0.4666000000
0.3906000000	0.4667750000
0.3908000000	0.4669500000
0.3910000000	0.4671250000
0.3912000000	0.4673000000
0.3914000000	0.4674750000
0.3916000000	0.4676500000
0.3918000000	0.4678250000
0.3920000000	0.4680000000
0.3922000000	0.4681750000
0.3924000000	0.4683500000
0.3926000000	0.4685250000
0.3928000000	0.4687000000
0.3930000000	0.4688750000
0.3932000000	0.4690500000
0.3934000000	0.4692250000
0.3936000000	0.4694000000
0.3938000000	0.4695750000
0.3940000000	0.4697500000
0.3942000000	0.4699250000
0.3944000000	0.4701000000
0.3946000000	0.4702750000
0.3948000000	0.4704500000
0.3950000000	0.4706250000
0.3952000000	0.4708000000
0.3954000000	0.4709750000
0.3956000000	0.4711500000
0.3958000000	0.4713250000
0.3960000000	0.4715000000
0.3962000000	0.4716750000
0.3964000000	0.4718500000
0.3966000000	0.4720250000
0.3968000000	0.4722000000
0.3970000000	0.4723750000
0.3972000000	0.4725500000
0.3974000000	0.4727250000
0.3976000000	0.4729000000
0.3978000000	0.4730750000
0.3980000000	0.4732500000
0.3982000000	0.4734250000
0.3984000000	0.4736000000
0.3986000000	0.4737750000
0.3988000000	0.4739500000
0.3990000000	0.4741250000
0.3992000000	0.4743000000
0.3994000000	0.4744750000
0.3996000000	0.4746500000
0.3998000000	0.4748250000
