0.6283145662	0.6747752455
0.6283145662	0.0464606792
0.4661689437	0.5328978257
0.4661689437	0.0667288820
0.7918906375	0.8179043079
0.7918906375	0.0260136703
0.5954980939	0.6460608322
0.5954980939	0.0505627383
0.7662699290	0.7954861878
0.7662699290	0.0292162589
0.9008317674	0.9132277965
0.9008317674	0.0123960291
0.8806443379	0.8955637956
0.8806443379	0.0149194578
0.4377053327	0.5079921661
0.4377053327	0.0702868334
0.2204431621	0.3178877668
0.2204431621	0.0974446047
0.1654386824	0.2697588471
0.1654386824	0.1043201647
0.4927107417	0.5561218990
0.4927107417	0.0634111573
0.1715119213	0.2750729312
0.1715119213	0.1035610098
0.1942221460	0.2949443777
0.1942221460	0.1007222318
0.8292947523	0.8506329083
0.8292947523	0.0213381560
0.3859794581	0.4627320258
0.3859794581	0.0767525677
0.8864059293	0.9006051882
0.8864059293	0.0141992588
0.4464972787	0.5156851188
0.4464972787	0.0691878402
0.6600350944	0.7025307076
0.6600350944	0.0424956132
0.2371561491	0.3325116305
0.2371561491	0.0953554814
0.3988208117	0.4739682103
0.3988208117	0.0751473985
0.0141699829	0.1373987350
0.0141699829	0.1232287521
0.3246988232	0.4091114703
0.3246988232	0.0844126471
0.2348132990	0.3304616366
0.2348132990	0.0956483376
0.5951369027	0.6457447899
0.5951369027	0.0506078872
0.3249826284	0.4093597998
0.3249826284	0.0843771715
0.8635894492	0.8806407681
0.8635894492	0.0170513188
0.2996774124	0.3872177359
0.2996774124	0.0875403234
0.6913315636	0.7299151181
0.6913315636	0.0385835546
0.1606216022	0.2655439019
0.1606216022	0.1049222997
0.3921310017	0.4681146265
0.3921310017	0.0759836248
0.3679417462	0.4469490279
0.3679417462	0.0790072817
0.7944808232	0.8201707203
0.7944808232	0.0256898971
0.6041478173	0.6536293402
0.6041478173	0.0494815228
0.6148108657	0.6629595075
0.6148108657	0.0481486418
0.3786856155	0.4563499136
0.3786856155	0.0776642981
0.6259326403	0.6726910602
0.6259326403	0.0467584200
0.7414101912	0.7737339173
0.7414101912	0.0323237261
0.7617424480	0.7915246420
0.7617424480	0.0297821940
0.3310327278	0.4146536368
0.3310327278	0.0836209090
0.1527135066	0.2586243183
0.1527135066	0.1059108117
0.5906133792	0.6417867068
0.5906133792	0.0511733276
0.1773810471	0.2802084163
0.1773810471	0.1028273691
0.0505792255	0.1692568223
0.0505792255	0.1186775968
0.6926786426	0.7310938123
0.6926786426	0.0384151697
0.3246615366	0.4090788445
0.3246615366	0.0844173079
0.6166103501	0.6645340563
0.6166103501	0.0479237062
0.2964818163	0.3844215893
0.2964818163	0.0879397730
0.2335596356	0.3293646811
0.2335596356	0.0958050456
0.8319760924	0.8529790809
0.8319760924	0.0210029884
0.1989267736	0.2990609269
0.1989267736	0.1001341533
0.2555475406	0.3486040980
0.2555475406	0.0930565574
0.5340085054	0.5922574422
0.5340085054	0.0582489368
0.6824289837	0.7221253608
0.6824289837	0.0396963770
0.8751691063	0.8907729680
0.8751691063	0.0156038617
0.9057767115	0.9175546225
0.9057767115	0.0117779111
0.3401899072	0.4226661688
0.3401899072	0.0824762616
0.6935732839	0.7318766234
0.6935732839	0.0383033395
0.1862442287	0.2879637002
0.1862442287	0.1017194714
0.4610926044	0.5284560288
0.4610926044	0.0673634245
0.4309451370	0.5020769948
0.4309451370	0.0711318579
0.3069149370	0.3935505699
0.3069149370	0.0866356329
0.1496674907	0.2559590544
0.1496674907	0.1062915637
0.8462474434	0.8654665129
0.8462474434	0.0192190696
0.5402581818	0.5977259091
0.5402581818	0.0574677273
0.6661947247	0.7079203841
0.6661947247	0.0417256594
0.5368869814	0.5947761087
0.5368869814	0.0578891273
0.0063679577	0.1305719630
0.0063679577	0.1242040053
0.5961405691	0.6466229980
0.5961405691	0.0504824289
0.2942385978	0.3824587731
0.2942385978	0.0882201753
0.4640773428	0.5310676749
0.4640773428	0.0669903322
0.2781125499	0.3683484811
0.2781125499	0.0902359313
0.5673287044	0.6214126163
0.5673287044	0.0540839120
0.3553766702	0.4359545865
0.3553766702	0.0805779162
0.6283976428	0.6748479375
0.6283976428	0.0464502946
0.9315556867	0.9401112258
0.9315556867	0.0085555392
0.4537482616	0.5220297289
0.4537482616	0.0682814673
0.9053409865	0.9171733632
0.9053409865	0.0118323767
0.2556702302	0.3487114514
0.2556702302	0.0930412212
0.5031243318	0.5652337903
0.5031243318	0.0621094585
0.5979848314	0.6482367275
0.5979848314	0.0502518961
0.2033015673	0.3028888714
0.2033015673	0.0995873041
0.3287656087	0.4126699077
0.3287656087	0.0839042989
0.2213241363	0.3186586193
0.2213241363	0.0973344830
0.6039939581	0.6534947133
0.6039939581	0.0495007552
0.4803785505	0.5453312317
0.4803785505	0.0649526812
0.0527440823	0.1711510720
0.0527440823	0.1184069897
0.6610938826	0.7034571473
0.6610938826	0.0423632647
0.6898616358	0.7286289313
0.6898616358	0.0387672955
0.6869230296	0.7260576509
0.6869230296	0.0391346213
0.2417158142	0.3365013374
0.2417158142	0.0947855232
0.0221424311	0.1443746272
0.0221424311	0.1222321961
0.3524170741	0.4333649399
0.3524170741	0.0809478657
0.0822965538	0.1970094846
0.0822965538	0.1147129308
0.6711805873	0.7122830138
0.6711805873	0.0411024266
0.2190624773	0.3166796676
0.2190624773	0.0976171903
0.1457747530	0.2525529089
0.1457747530	0.1067781559
0.6178908505	0.6656544942
0.6178908505	0.0477636437
0.0637930409	0.1808189108
0.0637930409	0.1170258699
0.7022947740	0.7395079273
0.7022947740	0.0372131532
0.8546596212	0.8728271686
0.8546596212	0.0181675473
0.7232754050	0.7578659794
0.7232754050	0.0345905744
0.5621385276	0.6168712117
0.5621385276	0.0547326840
0.4999408858	0.5624482751
0.4999408858	0.0625073893
0.3074345891	0.3940052654
0.3074345891	0.0865706764
0.4683557137	0.5348112494
0.4683557137	0.0664555358
0.5901536004	0.6413844003
0.5901536004	0.0512308000
0.5593814673	0.6144587838
0.5593814673	0.0550773166
0.5152455853	0.5758398871
0.5152455853	0.0605943018
0.5139449472	0.5747018288
0.5139449472	0.0607568816
0.3951252695	0.4707346108
0.3951252695	0.0756093413
0.2368899951	0.3322787457
0.2368899951	0.0953887506
0.0363329188	0.1567913040
0.0363329188	0.1204583851
0.5722493609	0.6257181908
0.5722493609	0.0534688299
0.3220663094	0.4068080207
0.3220663094	0.0847417113
0.5412924965	0.5986309345
0.5412924965	0.0573384379
0.4762658880	0.5417326520
0.4762658880	0.0654667640
0.1400932994	0.2475816370
0.1400932994	0.1074883376
0.8951089338	0.9082203170
0.8951089338	0.0131113833
0.0306092369	0.1517830823
0.0306092369	0.1211738454
0.0746737824	0.1903395596
0.0746737824	0.1156657772
0.8481655192	0.8671448293
0.8481655192	0.0189793101
0.1160510466	0.2265446658
0.1160510466	0.1104936192
0.3401153572	0.4226009375
0.3401153572	0.0824855804
0.3437678816	0.4257968964
0.3437678816	0.0820290148
0.5435836180	0.6006356658
0.5435836180	0.0570520477
0.8958410909	0.9088609545
0.8958410909	0.0130198636
0.5302101047	0.5889338416
0.5302101047	0.0587237369
0.4339453178	0.5047021531
0.4339453178	0.0707568353
0.2756355269	0.3661810860
0.2756355269	0.0905455591
0.6525671941	0.6959962949
0.6525671941	0.0434291007
0.8228769661	0.8450173454
0.8228769661	0.0221403792
0.8705411904	0.8867235416
0.8705411904	0.0161823512
0.6852949715	0.7246331001
0.6852949715	0.0393381286
0.2200800984	0.3175700861
0.2200800984	0.0974899877
0.3524062095	0.4333554333
0.3524062095	0.0809492238
0.2672638499	0.3588558686
0.2672638499	0.0915920188
0.2372900065	0.3326287557
0.2372900065	0.0953387492
0.0373262969	0.1576605098
0.0373262969	0.1203342129
0.7840391352	0.8110342433
0.7840391352	0.0269951081
0.7592185458	0.7893162275
0.7592185458	0.0300976818
0.0157937027	0.1388194899
0.0157937027	0.1230257872
0.2909266022	0.3795607770
0.2909266022	0.0886341747
0.2606273831	0.3530489602
0.2606273831	0.0924215771
0.0047118596	0.1291228771
0.0047118596	0.1244110176
0.2837061965	0.3732429220
0.2837061965	0.0895367254
0.3134322971	0.3992532599
0.3134322971	0.0858209629
0.3703986908	0.4490988544
0.3703986908	0.0787001637
0.4672240011	0.5338210010
0.4672240011	0.0665969999
0.1137567548	0.2245371605
0.1137567548	0.1107804056
0.8878787223	0.9018938820
0.8878787223	0.0140151597
