0.0161366309	0.1391195520	0.0082677049
-0.0161366309	0.1229829211	-0.0091502790
0.0161366309	0.1391195520	0.0082677049
0.2013336819	0.3011669716	0.1031545853
-0.2013336819	0.0998332898	-0.1141662954
0.2013336819	0.3011669716	0.1031545853
0.1597455484	0.2647773548	0.0818466420
-0.1597455484	0.1050318065	-0.0905837379
0.1597455484	0.2647773548	0.0818466420
0.2832043539	0.3728038097	0.1451015419
-0.2832043539	0.0895994558	-0.1605910726
0.2832043539	0.3728038097	0.1451015419
0.2516208428	0.3451682374	0.1289195302
-0.2516208428	0.0935473947	-0.1426816378
0.2516208428	0.3451682374	0.1289195302
0.2498501498	0.3436188810	0.1280123045
-0.2498501498	0.0937687313	-0.1416775660
0.2498501498	0.3436188810	0.1280123045
0.2461532423	0.3403840870	0.1261181705
-0.2461532423	0.0942308447	-0.1395812341
0.2461532423	0.3403840870	0.1261181705
0.2175970252	0.3153973970	0.1114872121
-0.2175970252	0.0978003719	-0.1233884268
0.2175970252	0.3153973970	0.1114872121
0.2678669635	0.3593835931	0.1372433329
-0.2678669635	0.0915166296	-0.1518940030
0.2678669635	0.3593835931	0.1372433329
0.0942019345	0.2074266927	0.0482649569
-0.0942019345	0.1132247582	-0.0534172215
0.0942019345	0.2074266927	0.0482649569
0.1006685387	0.2130849714	0.0515781625
-0.1006685387	0.1124164327	-0.0570841104
0.1006685387	0.2130849714	0.0515781625
0.1303428523	0.2390499958	0.0667819848
-0.1303428523	0.1087071435	-0.0739109346
0.1303428523	0.2390499958	0.0667819848
0.2165340108	0.3144672594	0.1109425699
-0.2165340108	0.0979332487	-0.1227856443
0.2165340108	0.3144672594	0.1109425699
0.3080617796	0.3945540571	0.1578374012
-0.3080617796	0.0864922776	-0.1746864797
0.3080617796	0.3945540571	0.1578374012
0.0560719933	0.1740629941	0.0287288404
-0.0560719933	0.1179910008	-0.0317956324
0.0560719933	0.1740629941	0.0287288404
0.2891363183	0.3779942785	0.1481408214
-0.2891363183	0.0888579602	-0.1639547940
0.2891363183	0.3779942785	0.1481408214
0.0904518402	0.2041453601	0.0463435724
-0.0904518402	0.1136935200	-0.0512907299
0.0904518402	0.2041453601	0.0463435724
0.0503527603	0.1690586653	0.0257985552
-0.0503527603	0.1187059050	-0.0285525405
0.0503527603	0.1690586653	0.0257985552
0.1900666889	0.2913083528	0.0973818702
-0.1900666889	0.1012416639	-0.1077773453
0.1900666889	0.2913083528	0.0973818702
0.0542649115	0.1724817975	0.0278029706
-0.0542649115	0.1182168861	-0.0307709264
0.0542649115	0.1724817975	0.0278029706
0.0655301393	0.1823388719	0.0335747813
-0.0655301393	0.1168087326	-0.0371588756
0.0655301393	0.1823388719	0.0335747813
0.1206408622	0.2305607545	0.0618111088
-0.1206408622	0.1099198922	-0.0684094196
0.1206408622	0.2305607545	0.0618111088
0.1454341759	0.2522549039	0.0745141198
-0.1454341759	0.1068207280	-0.0824684719
0.1454341759	0.2522549039	0.0745141198
0.2665581827	0.3582384098	0.1365727708
-0.2665581827	0.0916802272	-0.1511518587
0.2665581827	0.3582384098	0.1365727708
0.0020006328	0.1267505537	0.0010250369
-0.0020006328	0.1247499209	-0.0011344591
0.0020006328	0.1267505537	0.0010250369
0.3300482756	0.4137922411	0.1691023214
-0.3300482756	0.0837439656	-0.1871539257
0.3300482756	0.4137922411	0.1691023214
0.2549460172	0.3480777650	0.1306232043
-0.2549460172	0.0931317479	-0.1445671784
0.2549460172	0.3480777650	0.1306232043
0.2323165039	0.3282769410	0.1190288301
-0.2323165039	0.0959604370	-0.1317351095
0.2323165039	0.3282769410	0.1190288301
0.0020864065	0.1268256057	0.0010689836
-0.0020864065	0.1247391992	-0.0011830971
0.0020864065	0.1268256057	0.0010689836
0.3045828145	0.3915099626	0.1560549314
-0.3045828145	0.0869271482	-0.1727137320
0.3045828145	0.3915099626	0.1560549314
0.0009120217	0.1257980190	0.0004672801
-0.0009120217	0.1248859973	-0.0005171620
0.0009120217	0.1257980190	0.0004672801
0.0175740329	0.1403772788	0.0090041669
-0.0175740329	0.1228032459	-0.0099653581
0.0175740329	0.1403772788	0.0090041669
0.1947013786	0.2953637063	0.0997564827
-0.1947013786	0.1006623277	-0.1104054468
0.1947013786	0.2953637063	0.0997564827
0.2765383062	0.3669710179	0.1416861502
-0.2765383062	0.0904327117	-0.1568110893
0.2765383062	0.3669710179	0.1416861502
0.1641816839	0.2686589734	0.0841195241
-0.1641816839	0.1044772895	-0.0930992492
0.1641816839	0.2686589734	0.0841195241
0.0852227449	0.1995699018	0.0436644124
-0.0852227449	0.1143471569	-0.0483255707
0.0852227449	0.1995699018	0.0436644124
0.1904548897	0.2916480285	0.0975807673
-0.1904548897	0.1011931388	-0.1079974746
0.1904548897	0.2916480285	0.0975807673
0.1924095738	0.2933583771	0.0985822621
-0.1924095738	0.1009488033	-0.1091058785
0.1924095738	0.2933583771	0.0985822621
0.0875480640	0.2016045560	0.0448558043
-0.0875480640	0.1140564920	-0.0496441432
0.0875480640	0.2016045560	0.0448558043
0.1014452794	0.2137646195	0.0519761305
-0.1014452794	0.1123193401	-0.0575245614
0.1014452794	0.2137646195	0.0519761305
0.0685828070	0.1850099561	0.0351388349
-0.0685828070	0.1164271491	-0.0388898913
0.0685828070	0.1850099561	0.0351388349
0.1101768417	0.2214047364	0.0564498017
-0.1101768417	0.1112278948	-0.0624757951
0.1101768417	0.2214047364	0.0564498017
0.2401869877	0.3351636142	0.1230613222
-0.2401869877	0.0949766265	-0.1361980685
0.2401869877	0.3351636142	0.1230613222
0.1319664303	0.2404706265	0.0676138352
-0.1319664303	0.1085041962	-0.0748315847
0.1319664303	0.2404706265	0.0676138352
0.1090724630	0.2204384052	0.0558839663
-0.1090724630	0.1113659421	-0.0618495570
0.1090724630	0.2204384052	0.0558839663
0.1175950325	0.2278956534	0.0602505587
-0.1175950325	0.1103006209	-0.0666822814
0.1175950325	0.2278956534	0.0602505587
0.1230705341	0.2326867173	0.0630559665
-0.1230705341	0.1096161832	-0.0697871654
0.1230705341	0.2326867173	0.0630559665
0.1365820091	0.2445092579	0.0699786562
-0.1365820091	0.1079272489	-0.0774488494
0.1365820091	0.2445092579	0.0699786562
0.3092639993	0.3956059994	0.1584533660
-0.3092639993	0.0863420001	-0.1753681986
0.3092639993	0.3956059994	0.1584533660
0.2955047275	0.3835666366	0.1514037161
-0.2955047275	0.0880619091	-0.1675660014
0.2955047275	0.3835666366	0.1514037161
0.1001012632	0.2125886053	0.0512875153
-0.1001012632	0.1124873421	-0.0567624368
0.1001012632	0.2125886053	0.0512875153
0.0847803597	0.1991828147	0.0434377535
-0.0847803597	0.1144024550	-0.0480747160
0.0847803597	0.1991828147	0.0434377535
0.0007187514	0.1256289075	0.0003682568
-0.0007187514	0.1249101561	-0.0004075681
0.0007187514	0.1256289075	0.0003682568
0.1892222728	0.2905694887	0.0969492283
-0.1892222728	0.1013472159	-0.1072985190
0.1892222728	0.2905694887	0.0969492283
0.3031614166	0.3902662395	0.1553266692
-0.3031614166	0.0871048229	-0.1719077281
0.3031614166	0.3902662395	0.1553266692
0.2572848374	0.3501242327	0.1318215137
-0.2572848374	0.0928393953	-0.1458934068
0.2572848374	0.3501242327	0.1318215137
0.0776868228	0.1929759700	0.0398033350
-0.0776868228	0.1152891471	-0.0440523249
0.0776868228	0.1929759700	0.0398033350
0.2473775767	0.3414553796	0.1267454660
-0.2473775767	0.0940778029	-0.1402754931
0.2473775767	0.3414553796	0.1267454660
0.2726624838	0.3635796733	0.1397003481
-0.2726624838	0.0909171895	-0.1546133036
0.2726624838	0.3635796733	0.1397003481
0.3107463738	0.3969030771	0.1592128700
-0.3107463738	0.0861567033	-0.1762087793
0.3107463738	0.3969030771	0.1592128700
