0.2987421403	0.3863993727
-0.2987421403	0.0876572325
0.2987421403	0.3863993727
0.1727223191	0.2761320292
-0.1727223191	0.1034097101
0.1727223191	0.2761320292
0.5196710190	0.5797121416
-0.5196710190	0.0600411226
0.5196710190	0.5797121416
0.0712802995	0.1873702621
-0.0712802995	0.1160899626
0.0712802995	0.1873702621
0.5561919377	0.6116679455
-0.5561919377	0.0554760078
0.5561919377	0.6116679455
0.0230934277	0.1452067492
-0.0230934277	0.1221133215
0.0230934277	0.1452067492
0.2481548751	0.3421355157
-0.2481548751	0.0939806406
0.2481548751	0.3421355157
0.1024499300	0.2146436887
-0.1024499300	0.1121937588
0.1024499300	0.2146436887
0.1069186798	0.2185538448
-0.1069186798	0.1116351650
0.1069186798	0.2185538448
0.5136422851	0.5744369995
-0.5136422851	0.0607947144
0.5136422851	0.5744369995
0.2295857305	0.3258875142
-0.2295857305	0.0963017837
0.2295857305	0.3258875142
0.5374745888	0.5952902652
-0.5374745888	0.0578156764
0.5374745888	0.5952902652
0.1680062449	0.2720054643
-0.1680062449	0.1039992194
0.1680062449	0.2720054643
0.4918030784	0.5553276936
-0.4918030784	0.0635246152
0.4918030784	0.5553276936
0.4677497918	0.5342810678
-0.4677497918	0.0665312760
0.4677497918	0.5342810678
0.1133290506	0.2241629193
-0.1133290506	0.1108338687
0.1133290506	0.2241629193
0.1867386776	0.2883963429
-0.1867386776	0.1016576653
0.1867386776	0.2883963429
0.4216823474	0.4939720540
-0.4216823474	0.0722897066
0.4216823474	0.4939720540
0.0956626923	0.2087048557
-0.0956626923	0.1130421635
0.0956626923	0.2087048557
0.3934250947	0.4692469579
-0.3934250947	0.0758218632
0.3934250947	0.4692469579
0.1895264306	0.2908356268
-0.1895264306	0.1013091962
0.1895264306	0.2908356268
0.3164895112	0.4019283223
-0.3164895112	0.0854388111
0.3164895112	0.4019283223
0.5541180520	0.6098532955
-0.5541180520	0.0557352435
0.5541180520	0.6098532955
0.2796055906	0.3696548918
-0.2796055906	0.0900493012
0.2796055906	0.3696548918
0.4258790006	0.4976441255
-0.4258790006	0.0717651249
0.4258790006	0.4976441255
0.3757776818	0.4538054716
-0.3757776818	0.0780277898
0.3757776818	0.4538054716
0.3698783953	0.4486435959
-0.3698783953	0.0787652006
0.3698783953	0.4486435959
0.1153949646	0.2259705940
-0.1153949646	0.1105756294
0.1153949646	0.2259705940
0.5672075606	0.6213066155
-0.5672075606	0.0540990549
0.5672075606	0.6213066155
0.2674794401	0.3590445100
-0.2674794401	0.0915650700
0.2674794401	0.3590445100
0.4436230478	0.5131701668
-0.4436230478	0.0695471190
0.4436230478	0.5131701668
0.3924692726	0.4684106135
-0.3924692726	0.0759413409
0.3924692726	0.4684106135
0.3679905493	0.4469917306
-0.3679905493	0.0790011813
0.3679905493	0.4469917306
0.4914279012	0.5549994135
-0.4914279012	0.0635715124
0.4914279012	0.5549994135
0.0779543683	0.1932100722
-0.0779543683	0.1152557040
0.0779543683	0.1932100722
0.3066066933	0.3932808567
-0.3066066933	0.0866741633
0.3066066933	0.3932808567
0.5645810552	0.6190084233
-0.5645810552	0.0544273681
0.5645810552	0.6190084233
0.5688094356	0.6227082561
-0.5688094356	0.0538988206
0.5688094356	0.6227082561
0.2411306105	0.3359892842
-0.2411306105	0.0948586737
0.2411306105	0.3359892842
0.1526394316	0.2585595027
-0.1526394316	0.1059200710
0.1526394316	0.2585595027
0.3829589661	0.4600890953
-0.3829589661	0.0771301292
0.3829589661	0.4600890953
0.1231854620	0.2327872792
-0.1231854620	0.1096018173
0.1231854620	0.2327872792
0.2811078190	0.3709693416
-0.2811078190	0.0898615226
0.2811078190	0.3709693416
0.1943124976	0.2950234354
-0.1943124976	0.1007109378
0.1943124976	0.2950234354
0.0396077826	0.1596568098
-0.0396077826	0.1200490272
0.0396077826	0.1596568098
0.0777653240	0.1930446585
-0.0777653240	0.1152793345
0.0777653240	0.1930446585
0.3050948629	0.3919580050
-0.3050948629	0.0868631421
0.3050948629	0.3919580050
0.5005592915	0.5629893801
-0.5005592915	0.0624300886
0.5005592915	0.5629893801
0.2624762527	0.3546667211
-0.2624762527	0.0921904684
0.2624762527	0.3546667211
0.0295395997	0.1508471498
-0.0295395997	0.1213075500
0.0295395997	0.1508471498
0.1085283225	0.2199622822
-0.1085283225	0.1114339597
0.1085283225	0.2199622822
0.1467922496	0.2534432184
-0.1467922496	0.1066509688
0.1467922496	0.2534432184
0.2528076165	0.3462066645
-0.2528076165	0.0933990479
0.2528076165	0.3462066645
0.5385316599	0.5962152024
-0.5385316599	0.0576835425
0.5385316599	0.5962152024
0.3050536026	0.3919219023
-0.3050536026	0.0868682997
0.3050536026	0.3919219023
0.2348651822	0.3305070344
-0.2348651822	0.0956418522
0.2348651822	0.3305070344
0.0427285289	0.1623874628
-0.0427285289	0.1196589339
0.0427285289	0.1623874628
0.3686848999	0.4475992874
-0.3686848999	0.0789143875
0.3686848999	0.4475992874
0.3476410638	0.4291859308
-0.3476410638	0.0815448670
0.3476410638	0.4291859308
0.3528464886	0.4337406776
-0.3528464886	0.0808941889
0.3528464886	0.4337406776
0.1165299292	0.2269636881
-0.1165299292	0.1104337588
0.1165299292	0.2269636881
0.0666028216	0.1832774689
-0.0666028216	0.1166746473
0.0666028216	0.1832774689
0.1591699176	0.2642736779
-0.1591699176	0.1051037603
0.1591699176	0.2642736779
0.5347189252	0.5928790596
-0.5347189252	0.0581601343
0.5347189252	0.5928790596
0.1538547614	0.2596229162
-0.1538547614	0.1057681548
0.1538547614	0.2596229162
0.4696019593	0.5359017144
-0.4696019593	0.0662997551
0.4696019593	0.5359017144
0.3098160219	0.3960890192
-0.3098160219	0.0862729973
0.3098160219	0.3960890192
0.2789373573	0.3690701877
-0.2789373573	0.0901328303
0.2789373573	0.3690701877
0.3362023157	0.4191770263
-0.3362023157	0.0829747105
0.3362023157	0.4191770263
0.0672255053	0.1838223171
-0.0672255053	0.1165968118
0.0672255053	0.1838223171
0.5975134157	0.6478242387
-0.5975134157	0.0503108230
0.5975134157	0.6478242387
0.5348960170	0.5930340148
-0.5348960170	0.0581379979
0.5348960170	0.5930340148
0.5840637227	0.6360557574
-0.5840637227	0.0519920347
0.5840637227	0.6360557574
0.0532933375	0.1716316703
-0.0532933375	0.1183383328
0.0532933375	0.1716316703
0.1611380331	0.2659957789
-0.1611380331	0.1048577459
0.1611380331	0.2659957789
0.0739953322	0.1897459157
-0.0739953322	0.1157505835
0.0739953322	0.1897459157
0.2913794993	0.3799570619
-0.2913794993	0.0885775626
0.2913794993	0.3799570619
0.1694336270	0.2732544236
-0.1694336270	0.1038207966
0.1694336270	0.2732544236
0.4135469568	0.4868535872
-0.4135469568	0.0733066304
0.4135469568	0.4868535872
0.5872285415	0.6388249738
-0.5872285415	0.0515964323
0.5872285415	0.6388249738
0.4160303432	0.4890265503
-0.4160303432	0.0729962071
0.4160303432	0.4890265503
0.4392159332	0.5093139416
-0.4392159332	0.0700980083
0.4392159332	0.5093139416
0.3881134013	0.4645992262
-0.3881134013	0.0764858248
0.3881134013	0.4645992262
0.4227470240	0.4949036460
-0.4227470240	0.0721566220
0.4227470240	0.4949036460
0.3348961818	0.4180341591
-0.3348961818	0.0831379773
0.3348961818	0.4180341591
0.3278796515	0.4118946951
-0.3278796515	0.0840150436
0.3278796515	0.4118946951
0.4123727315	0.4858261401
-0.4123727315	0.0734534086
0.4123727315	0.4858261401
0.3597597639	0.4397897934
-0.3597597639	0.0800300295
0.3597597639	0.4397897934
0.5957441691	0.6462761479
-0.5957441691	0.0505319789
0.5957441691	0.6462761479
0.3136089446	0.3994078266
-0.3136089446	0.0857988819
0.3136089446	0.3994078266
0.5202296178	0.5802009156
-0.5202296178	0.0599712978
0.5202296178	0.5802009156
0.4370474122	0.5074164857
-0.4370474122	0.0703690735
0.4370474122	0.5074164857
0.2854515787	0.3747701314
-0.2854515787	0.0893185527
0.2854515787	0.3747701314
0.0122839175	0.1357484278
-0.0122839175	0.1234645103
0.0122839175	0.1357484278
0.3442694036	0.4262357282
-0.3442694036	0.0819663245
0.3442694036	0.4262357282
0.0327814260	0.1536837477
-0.0327814260	0.1209023218
0.0327814260	0.1536837477
0.4355833692	0.5061354481
-0.4355833692	0.0705520788
0.4355833692	0.5061354481
0.0152383295	0.1383335384
-0.0152383295	0.1230952088
0.0152383295	0.1383335384
0.2923313552	0.3807899358
-0.2923313552	0.0884585806
0.2923313552	0.3807899358
0.1149018301	0.2255391013
-0.1149018301	0.1106372712
0.1149018301	0.2255391013
0.4993590685	0.5619391849
-0.4993590685	0.0625801164
0.4993590685	0.5619391849
0.1261226915	0.2353573551
-0.1261226915	0.1092346636
0.1261226915	0.2353573551
0.5727853574	0.6261871877
-0.5727853574	0.0534018303
0.5727853574	0.6261871877
0.3587433766	0.4389004545
-0.3587433766	0.0801570779
0.3587433766	0.4389004545
0.2039455322	0.3034523407
-0.2039455322	0.0995068085
0.2039455322	0.3034523407
0.1196206657	0.2296680825
-0.1196206657	0.1100474168
0.1196206657	0.2296680825
0.4872131626	0.5513115172
-0.4872131626	0.0640983547
0.4872131626	0.5513115172
0.0600836272	0.1775731738
-0.0600836272	0.1174895466
0.0600836272	0.1775731738
0.4835414273	0.5480987489
-0.4835414273	0.0645573216
0.4835414273	0.5480987489
0.2403496996	0.3353059872
-0.2403496996	0.0949562875
0.2403496996	0.3353059872
0.0662390439	0.1829591634
-0.0662390439	0.1167201195
0.0662390439	0.1829591634
0.4030156879	0.4776387269
-0.4030156879	0.0746230390
0.4030156879	0.4776387269
0.4451573187	0.5145126539
-0.4451573187	0.0693553352
0.4451573187	0.5145126539
0.4124024340	0.4858521298
-0.4124024340	0.0734496957
0.4124024340	0.4858521298
0.1278343257	0.2368550350
-0.1278343257	0.1090207093
0.1278343257	0.2368550350
0.3934115033	0.4692350654
-0.3934115033	0.0758235621
0.3934115033	0.4692350654
0.5774569194	0.6302748045
-0.5774569194	0.0528178851
0.5774569194	0.6302748045
0.5044149406	0.5663630730
-0.5044149406	0.0619481324
0.5044149406	0.5663630730
0.4301940681	0.5014198096
-0.4301940681	0.0712257415
0.4301940681	0.5014198096
0.0844670092	0.1989086331
-0.0844670092	0.1144416238
0.0844670092	0.1989086331
0.1976586811	0.2979513459
-0.1976586811	0.1002926649
0.1976586811	0.2979513459
0.1012096496	0.2135584434
-0.1012096496	0.1123487938
0.1012096496	0.2135584434
0.4882493425	0.5522181747
-0.4882493425	0.0639688322
0.4882493425	0.5522181747
0.0217133138	0.1439991496
-0.0217133138	0.1222858358
0.0217133138	0.1439991496
0.1537831615	0.2595602663
-0.1537831615	0.1057771048
0.1537831615	0.2595602663
0.2908870208	0.3795261432
-0.2908870208	0.0886391224
0.2908870208	0.3795261432
0.5114049568	0.5724793372
-0.5114049568	0.0610743804
0.5114049568	0.5724793372
0.1731686885	0.2765226024
-0.1731686885	0.1033539139
0.1731686885	0.2765226024
0.3426406768	0.4248105922
-0.3426406768	0.0821699154
0.3426406768	0.4248105922
0.3928280136	0.4687245119
-0.3928280136	0.0758964983
0.3928280136	0.4687245119
0.3083106992	0.3947718618
-0.3083106992	0.0864611626
0.3083106992	0.3947718618
0.2269516619	0.3235827041
-0.2269516619	0.0966310423
0.2269516619	0.3235827041
0.4047807961	0.4791831965
-0.4047807961	0.0744024005
0.4047807961	0.4791831965
0.4839996938	0.5484997321
-0.4839996938	0.0645000383
0.4839996938	0.5484997321
0.1343785729	0.2425812513
-0.1343785729	0.1082026784
0.1343785729	0.2425812513
0.3470801906	0.4286951668
-0.3470801906	0.0816149762
0.3470801906	0.4286951668
0.2368435670	0.3322381211
-0.2368435670	0.0953945541
0.2368435670	0.3322381211
0.2237977087	0.3208229951
-0.2237977087	0.0970252864
0.2237977087	0.3208229951
0.0637657998	0.1807950749
-0.0637657998	0.1170292750
0.0637657998	0.1807950749
0.1157389948	0.2262716204
-0.1157389948	0.1105326257
0.1157389948	0.2262716204
0.4458435455	0.5151131024
-0.4458435455	0.0692695568
0.4458435455	0.5151131024
0.0893037682	0.2031407972
-0.0893037682	0.1138370290
0.0893037682	0.2031407972
0.4376466048	0.5079407792
-0.4376466048	0.0702941744
0.4376466048	0.5079407792
0.5782642432	0.6309812128
-0.5782642432	0.0527169696
0.5782642432	0.6309812128
0.5977000657	0.6479875575
-0.5977000657	0.0502874918
0.5977000657	0.6479875575
0.5525448513	0.6084767449
-0.5525448513	0.0559318936
0.5525448513	0.6084767449
0.5505606690	0.6067405854
-0.5505606690	0.0561799164
0.5505606690	0.6067405854
0.4031752184	0.4777783161
-0.4031752184	0.0746030977
0.4031752184	0.4777783161
0.1868390169	0.2884841397
-0.1868390169	0.1016451229
0.1868390169	0.2884841397
0.3016401089	0.3889350953
-0.3016401089	0.0872949864
0.3016401089	0.3889350953
0.0980240589	0.2107710516
-0.0980240589	0.1127469926
0.0980240589	0.2107710516
0.0548535475	0.1729968540
-0.0548535475	0.1181433066
0.0548535475	0.1729968540
0.2887804299	0.3776828761
-0.2887804299	0.0889024463
0.2887804299	0.3776828761
0.1248033331	0.2342029164
-0.1248033331	0.1093995834
0.1248033331	0.2342029164
0.2570071958	0.3498812963
-0.2570071958	0.0928741005
0.2570071958	0.3498812963
0.2127804413	0.3111828862
-0.2127804413	0.0984024448
0.2127804413	0.3111828862
0.2710917326	0.3622052661
-0.2710917326	0.0911135334
0.2710917326	0.3622052661
0.1441394106	0.2511219843
-0.1441394106	0.1069825737
0.1441394106	0.2511219843
0.2202668051	0.3177334545
-0.2202668051	0.0974666494
0.2202668051	0.3177334545
0.4496160796	0.5184140697
-0.4496160796	0.0687979900
0.4496160796	0.5184140697
0.0533025566	0.1716397371
-0.0533025566	0.1183371804
0.0533025566	0.1716397371
0.1237126851	0.2332485995
-0.1237126851	0.1095359144
0.1237126851	0.2332485995
0.3368829846	0.4197726115
-0.3368829846	0.0828896269
0.3368829846	0.4197726115
0.0323542690	0.1533099854
-0.0323542690	0.1209557164
0.0323542690	0.1533099854
0.0962425386	0.2092122213
-0.0962425386	0.1129696827
0.0962425386	0.2092122213
0.0006429159	0.1255625514
-0.0006429159	0.1249196355
0.0006429159	0.1255625514
0.4654163319	0.5322392904
-0.4654163319	0.0668229585
0.4654163319	0.5322392904
0.4726436121	0.5385631605
-0.4726436121	0.0659195485
0.4726436121	0.5385631605
0.0731491016	0.1890054639
-0.0731491016	0.1158563623
0.0731491016	0.1890054639
0.0600470065	0.1775411307
-0.0600470065	0.1174941242
0.0600470065	0.1775411307
0.1992294877	0.2993258017
-0.1992294877	0.1000963140
0.1992294877	0.2993258017
0.4476651017	0.5167069640
-0.4476651017	0.0690418623
0.4476651017	0.5167069640
0.5160185279	0.5765162119
-0.5160185279	0.0604976840
0.5160185279	0.5765162119
0.3524953676	0.4334334467
-0.3524953676	0.0809380790
0.3524953676	0.4334334467
0.3536903054	0.4344790172
-0.3536903054	0.0807887118
0.3536903054	0.4344790172
0.4275826749	0.4991348406
-0.4275826749	0.0715521656
0.4275826749	0.4991348406
0.1518181977	0.2578409230
-0.1518181977	0.1060227253
0.1518181977	0.2578409230
0.0478512359	0.1668698314
-0.0478512359	0.1190185955
0.0478512359	0.1668698314
0.3715117619	0.4500727917
-0.3715117619	0.0785610298
0.3715117619	0.4500727917
0.4073508633	0.4814320054
-0.4073508633	0.0740811421
0.4073508633	0.4814320054
0.2208397322	0.3182347657
-0.2208397322	0.0973950335
0.2208397322	0.3182347657
0.1161527139	0.2266336247
-0.1161527139	0.1104809108
0.1161527139	0.2266336247
0.1293259336	0.2381601919
-0.1293259336	0.1088342583
0.1293259336	0.2381601919
0.3893122516	0.4656482201
-0.3893122516	0.0763359686
0.3893122516	0.4656482201
0.3079566268	0.3944620485
-0.3079566268	0.0865054216
0.3079566268	0.3944620485
0.1437098120	0.2507460855
-0.1437098120	0.1070362735
0.1437098120	0.2507460855
0.1366153184	0.2445384036
-0.1366153184	0.1079230852
0.1366153184	0.2445384036
0.5132220312	0.5740692773
-0.5132220312	0.0608472461
0.5132220312	0.5740692773
0.1468233117	0.2534703978
-0.1468233117	0.1066470860
0.1468233117	0.2534703978
0.2643717621	0.3563252919
-0.2643717621	0.0919535297
0.2643717621	0.3563252919
0.4108907786	0.4845294313
-0.4108907786	0.0736386527
0.4108907786	0.4845294313
0.5335541575	0.5918598878
-0.5335541575	0.0583057303
0.5335541575	0.5918598878
0.3762566770	0.4542245924
-0.3762566770	0.0779679154
0.3762566770	0.4542245924
0.2714625910	0.3625297671
-0.2714625910	0.0910671761
0.2714625910	0.3625297671
0.0825795041	0.1972570661
-0.0825795041	0.1146775620
0.0825795041	0.1972570661
0.4812397651	0.5460847944
-0.4812397651	0.0648450294
0.4812397651	0.5460847944
0.5401772314	0.5976550775
-0.5401772314	0.0574778461
0.5401772314	0.5976550775
0.1567043625	0.2621163172
-0.1567043625	0.1054119547
0.1567043625	0.2621163172
0.4242996268	0.4962621735
-0.4242996268	0.0719625466
0.4242996268	0.4962621735
0.1712208538	0.2748182471
-0.1712208538	0.1035973933
0.1712208538	0.2748182471
0.2483753245	0.3423284089
-0.2483753245	0.0939530844
0.2483753245	0.3423284089
0.2680715816	0.3595626339
-0.2680715816	0.0914910523
0.2680715816	0.3595626339
0.0301205451	0.1513554769
-0.0301205451	0.1212349319
0.0301205451	0.1513554769
0.2331437442	0.3290007762
-0.2331437442	0.0958570320
0.2331437442	0.3290007762
0.1073136543	0.2188994475
-0.1073136543	0.1115857932
0.1073136543	0.2188994475
0.0910478571	0.2046668750
-0.0910478571	0.1136190179
0.0910478571	0.2046668750
0.1395526654	0.2471085822
-0.1395526654	0.1075559168
0.1395526654	0.2471085822
0.5037305001	0.5657641875
-0.5037305001	0.0620336875
0.5037305001	0.5657641875
0.5916772313	0.6427175774
-0.5916772313	0.0510403461
0.5916772313	0.6427175774
0.4682845053	0.5347489421
-0.4682845053	0.0664644368
0.4682845053	0.5347489421
0.5231555298	0.5827610886
-0.5231555298	0.0596055588
0.5231555298	0.5827610886
0.2802393325	0.3702094159
-0.2802393325	0.0899700834
0.2802393325	0.3702094159
0.2058262294	0.3050979508
-0.2058262294	0.0992717213
0.2058262294	0.3050979508
0.3853049396	0.4621418222
-0.3853049396	0.0768368825
0.3853049396	0.4621418222
0.1779639856	0.2807184874
-0.1779639856	0.1027545018
0.1779639856	0.2807184874
0.3601920108	0.4401680095
-0.3601920108	0.0799759986
0.3601920108	0.4401680095
0.4845202199	0.5489551924
-0.4845202199	0.0644349725
0.4845202199	0.5489551924
0.0359596840	0.1564647235
-0.0359596840	0.1205050395
0.0359596840	0.1564647235
0.5805546204	0.6329852928
-0.5805546204	0.0524306725
0.5805546204	0.6329852928
0.1731909867	0.2765421134
-0.1731909867	0.1033511267
0.1731909867	0.2765421134
0.0330782281	0.1539434496
-0.0330782281	0.1208652215
0.0330782281	0.1539434496
0.5320726313	0.5905635524
-0.5320726313	0.0584909211
0.5320726313	0.5905635524
0.3448995334	0.4267870917
-0.3448995334	0.0818875583
0.3448995334	0.4267870917
0.0935994397	0.2068995098
-0.0935994397	0.1133000700
0.0935994397	0.2068995098
0.0176864731	0.1404756639
-0.0176864731	0.1227891909
0.0176864731	0.1404756639
0.2832847063	0.3728741180
-0.2832847063	0.0895894117
0.2832847063	0.3728741180
0.4993821267	0.5619593608
-0.4993821267	0.0625772342
0.4993821267	0.5619593608
0.5693235529	0.6231581088
-0.5693235529	0.0538345559
0.5693235529	0.6231581088
0.4226723158	0.4948382763
-0.4226723158	0.0721659605
0.4226723158	0.4948382763
0.3649417771	0.4443240549
-0.3649417771	0.0793822779
0.3649417771	0.4443240549
0.2007397371	0.3006472700
-0.2007397371	0.0999075329
0.2007397371	0.3006472700
0.3140684887	0.3998099276
-0.3140684887	0.0857414389
0.3140684887	0.3998099276
0.3434273801	0.4254989576
-0.3434273801	0.0820715775
0.3434273801	0.4254989576
0.2493052930	0.3431421314
-0.2493052930	0.0938368384
0.2493052930	0.3431421314
0.2510630274	0.3446801490
-0.2510630274	0.0936171216
0.2510630274	0.3446801490
0.0618845766	0.1791490045
-0.0618845766	0.1172644279
0.0618845766	0.1791490045
0.1065978831	0.2182731477
-0.1065978831	0.1116752646
0.1065978831	0.2182731477
0.3515462366	0.4326029570
-0.3515462366	0.0810567204
0.3515462366	0.4326029570
0.2531899136	0.3465411744
-0.2531899136	0.0933512608
0.2531899136	0.3465411744
0.2953760163	0.3834540143
-0.2953760163	0.0880779980
0.2953760163	0.3834540143
0.3054285810	0.3922500083
-0.3054285810	0.0868214274
0.3054285810	0.3922500083
0.5091112009	0.5704723008
-0.5091112009	0.0613610999
0.5091112009	0.5704723008
0.3391276590	0.4217367016
-0.3391276590	0.0826090426
0.3391276590	0.4217367016
0.0094830864	0.1332977006
-0.0094830864	0.1238146142
0.0094830864	0.1332977006
0.5322038611	0.5906783784
-0.5322038611	0.0584745174
0.5322038611	0.5906783784
0.1635783936	0.2681310944
-0.1635783936	0.1045527008
0.1635783936	0.2681310944
0.2406293787	0.3355507063
-0.2406293787	0.0949213277
0.2406293787	0.3355507063
0.5500897097	0.6063284960
-0.5500897097	0.0562387863
0.5500897097	0.6063284960
0.4684048808	0.5348542707
-0.4684048808	0.0664493899
0.4684048808	0.5348542707
0.4448500868	0.5142438259
-0.4448500868	0.0693937392
0.4448500868	0.5142438259
0.3780777285	0.4558180124
-0.3780777285	0.0777402839
0.3780777285	0.4558180124
0.3767081788	0.4546196565
-0.3767081788	0.0779114776
0.3767081788	0.4546196565
0.4026758915	0.4773414051
-0.4026758915	0.0746655136
0.4026758915	0.4773414051
0.1567024081	0.2621146071
-0.1567024081	0.1054121990
0.1567024081	0.2621146071
0.3637142422	0.4432499619
-0.3637142422	0.0795357197
0.3637142422	0.4432499619
0.4706755864	0.5368411381
-0.4706755864	0.0661655517
0.4706755864	0.5368411381
0.3051514529	0.3920075213
-0.3051514529	0.0868560684
0.3051514529	0.3920075213
0.1448423022	0.2517370145
-0.1448423022	0.1068947122
0.1448423022	0.2517370145
0.0453368329	0.1646697287
-0.0453368329	0.1193328959
0.0453368329	0.1646697287
0.0645369065	0.1814697932
-0.0645369065	0.1169328867
0.0645369065	0.1814697932
0.0171134527	0.1399742711
-0.0171134527	0.1228608184
0.0171134527	0.1399742711
0.4667579521	0.5334132081
-0.4667579521	0.0666552560
0.4667579521	0.5334132081
0.5969821116	0.6473593477
-0.5969821116	0.0503772360
0.5969821116	0.6473593477
0.3093665315	0.3956957151
-0.3093665315	0.0863291836
0.3093665315	0.3956957151
0.2824137587	0.3721120389
-0.2824137587	0.0896982802
0.2824137587	0.3721120389
0.4036383389	0.4781835465
-0.4036383389	0.0745452076
0.4036383389	0.4781835465
0.1841847557	0.2861616613
-0.1841847557	0.1019769055
0.1841847557	0.2861616613
0.0909130178	0.2045488906
-0.0909130178	0.1136358728
0.0909130178	0.2045488906
0.2400529241	0.3350463086
-0.2400529241	0.0949933845
0.2400529241	0.3350463086
0.1489615977	0.2553413980
-0.1489615977	0.1063798003
0.1489615977	0.2553413980
0.5845936399	0.6365194349
-0.5845936399	0.0519257950
0.5845936399	0.6365194349
0.4498705837	0.5186367607
-0.4498705837	0.0687661770
0.4498705837	0.5186367607
0.3556177226	0.4361655073
-0.3556177226	0.0805477847
0.3556177226	0.4361655073
0.0460242655	0.1652712323
-0.0460242655	0.1192469668
0.0460242655	0.1652712323
0.5411805378	0.5985329706
-0.5411805378	0.0573524328
0.5411805378	0.5985329706
0.1556517504	0.2611952816
-0.1556517504	0.1055435312
0.1556517504	0.2611952816
0.2080592321	0.3070518281
-0.2080592321	0.0989925960
0.2080592321	0.3070518281
0.5920483802	0.6430423327
-0.5920483802	0.0509939525
0.5920483802	0.6430423327
0.5260927162	0.5853311267
-0.5260927162	0.0592384105
0.5260927162	0.5853311267
0.2188263822	0.3164730845
-0.2188263822	0.0976467022
0.2188263822	0.3164730845
0.3887161699	0.4651266486
-0.3887161699	0.0764104788
0.3887161699	0.4651266486
0.5972401387	0.6475851214
-0.5972401387	0.0503449827
0.5972401387	0.6475851214
0.5917055845	0.6427423864
-0.5917055845	0.0510368019
0.5917055845	0.6427423864
0.4360288459	0.5065252402
-0.4360288459	0.0704963943
0.4360288459	0.5065252402
0.1810792630	0.2834443551
-0.1810792630	0.1023650921
0.1810792630	0.2834443551
0.1320064090	0.2405056079
-0.1320064090	0.1084991989
0.1320064090	0.2405056079
0.1723169984	0.2757773736
-0.1723169984	0.1034603752
0.1723169984	0.2757773736
0.5958105816	0.6463342589
-0.5958105816	0.0505236773
0.5958105816	0.6463342589
0.3409126691	0.4232985855
-0.3409126691	0.0823859164
0.3409126691	0.4232985855
0.2162225544	0.3141947351
-0.2162225544	0.0979721807
0.2162225544	0.3141947351
0.2062571343	0.3054749925
-0.2062571343	0.0992178582
0.2062571343	0.3054749925
0.2533606938	0.3466906071
-0.2533606938	0.0933299133
0.2533606938	0.3466906071
0.3497425170	0.4310247024
-0.3497425170	0.0812821854
0.3497425170	0.4310247024
0.1899479833	0.2912044854
-0.1899479833	0.1012565021
0.1899479833	0.2912044854
0.5030958649	0.5652088818
-0.5030958649	0.0621130169
0.5030958649	0.5652088818
0.5879024630	0.6394146551
-0.5879024630	0.0515121921
0.5879024630	0.6394146551
0.3764996571	0.4544372000
-0.3764996571	0.0779375429
0.3764996571	0.4544372000
0.3654241794	0.4447461570
-0.3654241794	0.0793219776
0.3654241794	0.4447461570
0.1541279067	0.2598619183
-0.1541279067	0.1057340117
0.1541279067	0.2598619183
0.0598768582	0.1773922509
-0.0598768582	0.1175153927
0.0598768582	0.1773922509
0.0524779836	0.1709182357
-0.0524779836	0.1184402520
0.0524779836	0.1709182357
0.3585345082	0.4387176947
-0.3585345082	0.0801831865
0.3585345082	0.4387176947
0.3380027170	0.4207523774
-0.3380027170	0.0827496604
0.3380027170	0.4207523774
0.4699780220	0.5362307692
-0.4699780220	0.0662527473
0.4699780220	0.5362307692
0.5674425051	0.6215121920
-0.5674425051	0.0540696869
0.5674425051	0.6215121920
0.3445240933	0.4264585817
-0.3445240933	0.0819344883
0.3445240933	0.4264585817
0.2928636924	0.3812557309
-0.2928636924	0.0883920384
0.2928636924	0.3812557309
0.0542964440	0.1725093885
-0.0542964440	0.1182129445
0.0542964440	0.1725093885
0.5186273001	0.5787988875
-0.5186273001	0.0601715875
0.5186273001	0.5787988875
0.2816650169	0.3714568898
-0.2816650169	0.0897918729
0.2816650169	0.3714568898
0.1209236048	0.2308081542
-0.1209236048	0.1098845494
0.1209236048	0.2308081542
0.4278607480	0.4993781545
-0.4278607480	0.0715174065
0.4278607480	0.4993781545
0.2895018407	0.3783141106
-0.2895018407	0.0888122699
0.2895018407	0.3783141106
0.0384225776	0.1586197554
-0.0384225776	0.1201971778
0.0384225776	0.1586197554
0.4093737821	0.4832020593
-0.4093737821	0.0738282772
0.4093737821	0.4832020593
0.5953280754	0.6459120660
-0.5953280754	0.0505839906
0.5953280754	0.6459120660
0.3658309266	0.4451020607
-0.3658309266	0.0792711342
0.3658309266	0.4451020607
0.4311568163	0.5022622143
-0.4311568163	0.0711053980
0.4311568163	0.5022622143
0.0021453445	0.1268771764
-0.0021453445	0.1247318319
0.0021453445	0.1268771764
0.2186895994	0.3163533995
-0.2186895994	0.0976638001
0.2186895994	0.3163533995
0.0705337402	0.1867170227
-0.0705337402	0.1161832825
0.0705337402	0.1867170227
0.4304527626	0.5016461673
-0.4304527626	0.0711934047
0.4304527626	0.5016461673
0.2248779220	0.3217681817
-0.2248779220	0.0968902598
0.2248779220	0.3217681817
0.2299011415	0.3261634988
-0.2299011415	0.0962623573
0.2299011415	0.3261634988
0.1839342325	0.2859424535
-0.1839342325	0.1020082209
0.1839342325	0.2859424535
0.3315653805	0.4151197079
-0.3315653805	0.0835543274
0.3315653805	0.4151197079
0.2808752537	0.3707658470
-0.2808752537	0.0898905933
0.2808752537	0.3707658470
0.2839672151	0.3734713132
-0.2839672151	0.0895040981
0.2839672151	0.3734713132
0.2531666258	0.3465207975
-0.2531666258	0.0933541718
0.2531666258	0.3465207975
0.3777830800	0.4555601950
-0.3777830800	0.0777771150
0.3777830800	0.4555601950
0.2560598255	0.3490523474
-0.2560598255	0.0929925218
0.2560598255	0.3490523474
0.5217565388	0.5815369714
-0.5217565388	0.0597804327
0.5217565388	0.5815369714
0.4177610223	0.4905408945
-0.4177610223	0.0727798722
0.4177610223	0.4905408945
0.3475329879	0.4290913644
-0.3475329879	0.0815583765
0.3475329879	0.4290913644
0.2461205964	0.3403555219
-0.2461205964	0.0942349254
0.2461205964	0.3403555219
0.3436520856	0.4256955749
-0.3436520856	0.0820434893
0.3436520856	0.4256955749
0.4679951170	0.5344957273
-0.4679951170	0.0665006104
0.4679951170	0.5344957273
0.1752554843	0.2783485488
-0.1752554843	0.1030930645
0.1752554843	0.2783485488
0.2906383842	0.3793085862
-0.2906383842	0.0886702020
0.2906383842	0.3793085862
0.1105784224	0.2217561196
-0.1105784224	0.1111776972
0.1105784224	0.2217561196
0.5924144263	0.6433626230
-0.5924144263	0.0509481967
0.5924144263	0.6433626230
0.5736488558	0.6269427488
-0.5736488558	0.0532938930
0.5736488558	0.6269427488
0.2855603261	0.3748652853
-0.2855603261	0.0893049592
0.2855603261	0.3748652853
0.1544706415	0.2601618113
-0.1544706415	0.1056911698
0.1544706415	0.2601618113
0.5773157685	0.6301512975
-0.5773157685	0.0528355289
0.5773157685	0.6301512975
0.3788794417	0.4565195115
-0.3788794417	0.0776400698
0.3788794417	0.4565195115
0.1120473874	0.2230414639
-0.1120473874	0.1109940766
0.1120473874	0.2230414639
0.1889805546	0.2903579852
-0.1889805546	0.1013774307
0.1889805546	0.2903579852
0.0931074908	0.2064690544
-0.0931074908	0.1133615637
0.0931074908	0.2064690544
0.0158985036	0.1389111907
-0.0158985036	0.1230126870
0.0158985036	0.1389111907
0.2011296939	0.3009884822
-0.2011296939	0.0998587883
0.2011296939	0.3009884822
0.3997089663	0.4747453455
-0.3997089663	0.0750363792
0.3997089663	0.4747453455
0.0669553350	0.1835859182
-0.0669553350	0.1166305831
0.0669553350	0.1835859182
0.3387084034	0.4213698529
-0.3387084034	0.0826614496
0.3387084034	0.4213698529
0.0811921011	0.1960430885
-0.0811921011	0.1148509874
0.0811921011	0.1960430885
0.2743102580	0.3650214757
-0.2743102580	0.0907112178
0.2743102580	0.3650214757
0.4214722568	0.4937882247
-0.4214722568	0.0723159679
0.4214722568	0.4937882247
0.4078116374	0.4818351827
-0.4078116374	0.0740235453
0.4078116374	0.4818351827
0.3990154106	0.4741384842
-0.3990154106	0.0751230737
0.3990154106	0.4741384842
0.2831944970	0.3727951849
-0.2831944970	0.0896006879
0.2831944970	0.3727951849
0.0768535811	0.1922468835
-0.0768535811	0.1153933024
0.0768535811	0.1922468835
0.2582691852	0.3509855371
-0.2582691852	0.0927163518
0.2582691852	0.3509855371
0.3934613710	0.4692786996
-0.3934613710	0.0758173286
0.3934613710	0.4692786996
0.1530458434	0.2589151130
-0.1530458434	0.1058692696
0.1530458434	0.2589151130
0.2627240213	0.3548835186
-0.2627240213	0.0921594973
0.2627240213	0.3548835186
0.1978637157	0.2981307513
-0.1978637157	0.1002670355
0.1978637157	0.2981307513
0.0625139031	0.1796996652
-0.0625139031	0.1171857621
0.0625139031	0.1796996652
0.0737082189	0.1894946915
-0.0737082189	0.1157864726
0.0737082189	0.1894946915
0.0121585524	0.1356387333
-0.0121585524	0.1234801810
0.0121585524	0.1356387333
0.1065131500	0.2181990063
-0.1065131500	0.1116858562
0.1065131500	0.2181990063
0.2858851014	0.3751494637
-0.2858851014	0.0892643623
0.2858851014	0.3751494637
0.0348710414	0.1555121612
-0.0348710414	0.1206411198
0.0348710414	0.1555121612
0.4422572748	0.5119751155
-0.4422572748	0.0697178406
0.4422572748	0.5119751155
0.2254031270	0.3222277361
-0.2254031270	0.0968246091
0.2254031270	0.3222277361
0.2746016845	0.3652764739
-0.2746016845	0.0906747894
0.2746016845	0.3652764739
0.2750537006	0.3656719881
-0.2750537006	0.0906182874
0.2750537006	0.3656719881
0.3320380081	0.4155332571
-0.3320380081	0.0834952490
0.3320380081	0.4155332571
0.0074987094	0.1315613707
-0.0074987094	0.1240626613
0.0074987094	0.1315613707
0.0018085832	0.1265825103
-0.0018085832	0.1247739271
0.0018085832	0.1265825103
0.3987794236	0.4739319957
-0.3987794236	0.0751525720
0.3987794236	0.4739319957
0.5488760488	0.6052665427
-0.5488760488	0.0563904939
0.5488760488	0.6052665427
0.0803876866	0.1953392258
-0.0803876866	0.1149515392
0.0803876866	0.1953392258
0.3568947565	0.4372829119
-0.3568947565	0.0803881554
0.3568947565	0.4372829119
0.0327791333	0.1536817416
-0.0327791333	0.1209026083
0.0327791333	0.1536817416
0.4670341348	0.5336548679
-0.4670341348	0.0666207332
0.4670341348	0.5336548679
0.5882573203	0.6397251553
-0.5882573203	0.0514678350
0.5882573203	0.6397251553
0.0184773697	0.1411676984
-0.0184773697	0.1226903288
0.0184773697	0.1411676984
0.4643101848	0.5312714117
-0.4643101848	0.0669612269
0.4643101848	0.5312714117
0.4901287640	0.5538626685
-0.4901287640	0.0637339045
0.4901287640	0.5538626685
0.4658615540	0.5326288598
-0.4658615540	0.0667673057
0.4658615540	0.5326288598
0.0098650456	0.1336319149
-0.0098650456	0.1237668693
0.0098650456	0.1336319149
0.3311233786	0.4147329563
-0.3311233786	0.0836095777
0.3311233786	0.4147329563
0.5846141632	0.6365373928
-0.5846141632	0.0519232296
0.5846141632	0.6365373928
0.2098162021	0.3085891769
-0.2098162021	0.0987729747
0.2098162021	0.3085891769
0.3045219445	0.3914567014
-0.3045219445	0.0869347569
0.3045219445	0.3914567014
0.0831930496	0.1977939184
-0.0831930496	0.1146008688
0.0831930496	0.1977939184
0.4583377015	0.5260454888
-0.4583377015	0.0677077873
0.4583377015	0.5260454888
0.1941050651	0.2948419320
-0.1941050651	0.1007368669
0.1941050651	0.2948419320
0.4535828995	0.5218850371
-0.4535828995	0.0683021376
0.4535828995	0.5218850371
0.3734003930	0.4517253438
-0.3734003930	0.0783249509
0.3734003930	0.4517253438
0.2777315614	0.3680151162
-0.2777315614	0.0902835548
0.2777315614	0.3680151162
0.3883719972	0.4648254975
-0.3883719972	0.0764535004
0.3883719972	0.4648254975
0.5742030248	0.6274276467
-0.5742030248	0.0532246219
0.5742030248	0.6274276467
0.3005389058	0.3879715426
-0.3005389058	0.0874326368
0.3005389058	0.3879715426
0.5230369341	0.5826573173
-0.5230369341	0.0596203832
0.5230369341	0.5826573173
0.0098702265	0.1336364482
-0.0098702265	0.1237662217
0.0098702265	0.1336364482
0.4242388054	0.4962089547
-0.4242388054	0.0719701493
0.4242388054	0.4962089547
0.4848554349	0.5492485055
-0.4848554349	0.0643930706
0.4848554349	0.5492485055
0.5778373451	0.6306076769
-0.5778373451	0.0527703319
0.5778373451	0.6306076769
0.2425522964	0.3372332594
-0.2425522964	0.0946809629
0.2425522964	0.3372332594
0.3965966636	0.4720220807
-0.3965966636	0.0754254170
0.3965966636	0.4720220807
0.4700093355	0.5362581686
-0.4700093355	0.0662488331
0.4700093355	0.5362581686
0.3676406650	0.4466855819
-0.3676406650	0.0790449169
0.3676406650	0.4466855819
0.3420074853	0.4242565497
-0.3420074853	0.0822490643
0.3420074853	0.4242565497
0.4427190196	0.5123791422
-0.4427190196	0.0696601225
0.4427190196	0.5123791422
0.5982353194	0.6484559045
-0.5982353194	0.0502205851
0.5982353194	0.6484559045
0.1339377662	0.2421955454
-0.1339377662	0.1082577792
0.1339377662	0.2421955454
0.2392667472	0.3343584038
-0.2392667472	0.0950916566
0.2392667472	0.3343584038
0.0322344645	0.1532051565
-0.0322344645	0.1209706919
0.0322344645	0.1532051565
0.4781099920	0.5433462430
-0.4781099920	0.0652362510
0.4781099920	0.5433462430
0.0992258002	0.2118225751
-0.0992258002	0.1125967750
0.0992258002	0.2118225751
0.2888820967	0.3777718346
-0.2888820967	0.0888897379
0.2888820967	0.3777718346
0.4449379910	0.5143207421
-0.4449379910	0.0693827511
0.4449379910	0.5143207421
0.5113692553	0.5724480984
-0.5113692553	0.0610788431
0.5113692553	0.5724480984
0.2181297795	0.3158635570
-0.2181297795	0.0977337776
0.2181297795	0.3158635570
0.4901014883	0.5538388023
-0.4901014883	0.0637373140
0.4901014883	0.5538388023
0.5153112205	0.5758973180
-0.5153112205	0.0605860974
0.5153112205	0.5758973180
0.5928990340	0.6437866548
-0.5928990340	0.0508876207
0.5928990340	0.6437866548
0.2876335506	0.3766793568
-0.2876335506	0.0890458062
0.2876335506	0.3766793568
0.4916377879	0.5551830644
-0.4916377879	0.0635452765
0.4916377879	0.5551830644
0.1092846825	0.2206240972
-0.1092846825	0.1113394147
0.1092846825	0.2206240972
0.2577372296	0.3505200759
-0.2577372296	0.0927828463
0.2577372296	0.3505200759
0.3540816055	0.4348214048
-0.3540816055	0.0807397993
0.3540816055	0.4348214048
0.5034910984	0.5655547111
-0.5034910984	0.0620636127
0.5034910984	0.5655547111
0.5181947857	0.5784204375
-0.5181947857	0.0602256518
0.5181947857	0.5784204375
0.2909774038	0.3796052283
-0.2909774038	0.0886278245
0.2909774038	0.3796052283
0.0637520992	0.1807830868
-0.0637520992	0.1170309876
0.0637520992	0.1807830868
0.5869907537	0.6386169095
-0.5869907537	0.0516261558
0.5869907537	0.6386169095
0.2803942460	0.3703449652
-0.2803942460	0.0899507193
0.2803942460	0.3703449652
0.3456837072	0.4274732438
-0.3456837072	0.0817895366
0.3456837072	0.4274732438
0.4616415711	0.5289363747
-0.4616415711	0.0672948036
0.4616415711	0.5289363747
0.2892907081	0.3781293696
-0.2892907081	0.0888386615
0.2892907081	0.3781293696
0.5489025918	0.6052897678
-0.5489025918	0.0563871760
0.5489025918	0.6052897678
0.0071704720	0.1312741630
-0.0071704720	0.1241036910
0.0071704720	0.1312741630
0.2035813920	0.3031337180
-0.2035813920	0.0995523260
0.2035813920	0.3031337180
0.2093907814	0.3082169337
-0.2093907814	0.0988261523
0.2093907814	0.3082169337
0.3427568899	0.4249122787
-0.3427568899	0.0821553888
0.3427568899	0.4249122787
0.5050231577	0.5668952630
-0.5050231577	0.0618721053
0.5050231577	0.5668952630
0.4077589685	0.4817890974
-0.4077589685	0.0740301289
0.4077589685	0.4817890974
0.5831632384	0.6352678336
-0.5831632384	0.0521045952
0.5831632384	0.6352678336
0.2420643222	0.3368062819
-0.2420643222	0.0947419597
0.2420643222	0.3368062819
0.1132104558	0.2240591488
-0.1132104558	0.1108486930
0.1132104558	0.2240591488
0.1010101001	0.2133838376
-0.1010101001	0.1123737375
0.1010101001	0.2133838376
0.4566754998	0.5245910624
-0.4566754998	0.0679155625
0.4566754998	0.5245910624
0.0864840955	0.2006735836
-0.0864840955	0.1141894881
0.0864840955	0.2006735836
0.2528598491	0.3462523680
-0.2528598491	0.0933925189
0.2528598491	0.3462523680
0.3027901959	0.3899414214
-0.3027901959	0.0871512255
0.3027901959	0.3899414214
0.0749643292	0.1905937881
-0.0749643292	0.1156294588
0.0749643292	0.1905937881
0.4947929800	0.5579438575
-0.4947929800	0.0631508775
0.4947929800	0.5579438575
0.5933834221	0.6442104943
-0.5933834221	0.0508270722
0.5933834221	0.6442104943
0.4414346067	0.5112552809
-0.4414346067	0.0698206742
0.4414346067	0.5112552809
0.3542525362	0.4349709692
-0.3542525362	0.0807184330
0.3542525362	0.4349709692
0.5750750465	0.6281906657
-0.5750750465	0.0531156192
0.5750750465	0.6281906657
0.2838340415	0.3733547863
-0.2838340415	0.0895207448
0.2838340415	0.3733547863
0.4040120459	0.4785105401
-0.4040120459	0.0744984943
0.4040120459	0.4785105401
0.1833903193	0.2854665294
-0.1833903193	0.1020762101
0.1833903193	0.2854665294
0.1708701863	0.2745114130
-0.1708701863	0.1036412267
0.1708701863	0.2745114130
0.3371024583	0.4199646510
-0.3371024583	0.0828621927
0.3371024583	0.4199646510
0.2922633256	0.3807304099
-0.2922633256	0.0884670843
0.2922633256	0.3807304099
0.2718040005	0.3628285004
-0.2718040005	0.0910244999
0.2718040005	0.3628285004
0.3231961960	0.4077966715
-0.3231961960	0.0846004755
0.3231961960	0.4077966715
0.4450256843	0.5143974737
-0.4450256843	0.0693717895
0.4450256843	0.5143974737
0.1563007551	0.2617631607
-0.1563007551	0.1054624056
0.1563007551	0.2617631607
0.4938018755	0.5570766411
-0.4938018755	0.0632747656
0.4938018755	0.5570766411
0.4197889212	0.4923153061
-0.4197889212	0.0725263848
0.4197889212	0.4923153061
0.1985155513	0.2987011074
-0.1985155513	0.1001855561
0.1985155513	0.2987011074
0.5099090203	0.5711703927
-0.5099090203	0.0612613725
0.5099090203	0.5711703927
0.0324120070	0.1533605061
-0.0324120070	0.1209484991
0.0324120070	0.1533605061
0.1523939082	0.2583446696
-0.1523939082	0.1059507615
0.1523939082	0.2583446696
0.2511192412	0.3447293361
-0.2511192412	0.0936100948
0.2511192412	0.3447293361
0.2591323018	0.3517407641
-0.2591323018	0.0926084623
0.2591323018	0.3517407641
0.3036570152	0.3906998883
-0.3036570152	0.0870428731
0.3036570152	0.3906998883
0.3468641468	0.4285061285
-0.3468641468	0.0816419816
0.3468641468	0.4285061285
0.1843600648	0.2863150567
-0.1843600648	0.1019549919
0.1843600648	0.2863150567
0.2305245054	0.3267089422
-0.2305245054	0.0961844368
0.2305245054	0.3267089422
0.5291592055	0.5880143048
-0.5291592055	0.0588550993
0.5291592055	0.5880143048
0.1675814139	0.2716337371
-0.1675814139	0.1040523233
0.1675814139	0.2716337371
0.3233059043	0.4078926663
-0.3233059043	0.0845867620
0.3233059043	0.4078926663
0.5165862425	0.5770129622
-0.5165862425	0.0604267197
0.5165862425	0.5770129622
0.3566620973	0.4370793351
-0.3566620973	0.0804172378
0.3566620973	0.4370793351
0.0894622781	0.2032794933
-0.0894622781	0.1138172152
0.0894622781	0.2032794933
0.1907610088	0.2919158827
-0.1907610088	0.1011548739
0.1907610088	0.2919158827
0.1818586325	0.2841263034
-0.1818586325	0.1022676709
0.1818586325	0.2841263034
0.2060022588	0.3052519765
-0.2060022588	0.0992497176
0.2060022588	0.3052519765
0.3824038852	0.4596033996
-0.3824038852	0.0771995143
0.3824038852	0.4596033996
0.2288912037	0.3252798032
-0.2288912037	0.0963885995
0.2288912037	0.3252798032
0.5990628652	0.6491800071
-0.5990628652	0.0501171418
0.5990628652	0.6491800071
0.2632216204	0.3553189178
-0.2632216204	0.0920972975
0.2632216204	0.3553189178
0.2543148509	0.3475254946
-0.2543148509	0.0932106436
0.2543148509	0.3475254946
0.5587831815	0.6139352838
-0.5587831815	0.0551521023
0.5587831815	0.6139352838
