0.0390218346	0.1591441053	0.0199930838	-0.0319204946
0.0390218346	0.1201222707	0.0228541654	0.0390218346
0.1521636956	0.2581432336	0.0779620318	-0.1244723748
0.1521636956	0.1059795381	0.0891186766	0.1521636956
0.0627208086	0.1798807075	0.0321354030	-0.0513066403
0.0627208086	0.1171598989	0.0367340937	0.0627208086
0.2216324914	0.3189284299	0.1135548087	-0.1812989783
0.2216324914	0.0972959386	0.1298049068	0.2216324914
0.0084548159	0.1323979639	0.0043318784	-0.0069161767
0.0084548159	0.1239431480	0.0049517856	0.0084548159
0.0029092824	0.1275456221	0.0014905892	-0.0023798402
0.0029092824	0.1246363397	0.0017038978	0.0029092824
0.0143328942	0.1375412824	0.0073435490	-0.0117245403
0.0143328942	0.1232083882	0.0083944370	0.0143328942
0.0384124731	0.1586109139	0.0196808735	-0.0314220270
0.0384124731	0.1201984409	0.0224972767	0.0384124731
0.0857978711	0.2000731372	0.0439590819	-0.0701840523
0.0857978711	0.1142752661	0.0502497833	0.0857978711
0.2056491450	0.3049430019	0.1053656401	-0.1682243413
0.2056491450	0.0992938569	0.1204438390	0.2056491450
0.1855644020	0.2873688517	0.0950750950	-0.1517946953
0.1855644020	0.1018044498	0.1086806802	0.1855644020
0.1398480999	0.2473670874	0.0716520585	-0.1143980175
0.1398480999	0.1075189875	0.0819057236	0.1398480999
0.0746432813	0.1903128711	0.0382439572	-0.0610594166
0.0746432813	0.1156695898	0.0437168039	0.0746432813
0.0790995410	0.1942120984	0.0405271501	-0.0647047095
0.0790995410	0.1151125574	0.0463267298	0.0790995410
0.1382027062	0.2459273679	0.0708090306	-0.1130520587
0.1382027062	0.1077246617	0.0809420554	0.1382027062
0.1111430102	0.2222501339	0.0569448242	-0.0909167878
0.1111430102	0.1111071237	0.0650938316	0.1111430102
0.1942218923	0.2949441557	0.0995108149	-0.1588766629
0.1942218923	0.1007222635	0.1137511674	0.1942218923
0.2192451170	0.3168394774	0.1123316224	-0.1793460673
0.2192451170	0.0975943604	0.1284066781	0.2192451170
0.0184844238	0.1411738708	0.0094706114	-0.0151205589
0.0184844238	0.1226894470	0.0108258897	0.0184844238
0.1252017891	0.2345515654	0.0641479285	-0.1024170973
0.1252017891	0.1093497764	0.0733277258	0.1252017891
0.1364708869	0.2444120260	0.0699217220	-0.1116354024
0.1364708869	0.1079411391	0.0799277698	0.1364708869
0.0474371891	0.1665075404	0.0243047438	-0.0388043913
0.0474371891	0.1190703514	0.0277828394	0.0474371891
0.0593970515	0.1769724201	0.0304324550	-0.0485877530
0.0593970515	0.1175753686	0.0347874479	0.0593970515
0.1559085058	0.2614199426	0.0798807090	-0.1275356904
0.1559085058	0.1055114368	0.0913119233	0.1559085058
0.1836670977	0.2857087105	0.0941029991	-0.1502426695
0.1836670977	0.1020416128	0.1075694739	0.1836670977
0.0647963299	0.1816967886	0.0331988094	-0.0530044504
0.0647963299	0.1169004588	0.0379496774	0.0647963299
0.0127807092	0.1361831206	0.0065482772	-0.0104548277
0.0127807092	0.1234024113	0.0074853590	0.0127807092
0.1092423578	0.2205870631	0.0559710129	-0.0893620233
0.1092423578	0.1113447053	0.0639806645	0.1092423578
0.0817918245	0.1965678464	0.0419065586	-0.0669070411
0.0817918245	0.1147760219	0.0479035365	0.0817918245
0.0775432338	0.1928503296	0.0397297663	-0.0634316249
0.0775432338	0.1153070958	0.0454152375	0.0775432338
0.0167724633	0.1396759054	0.0085934776	-0.0137201474
0.0167724633	0.1229034421	0.0098232349	0.0167724633
0.1883782247	0.2898309466	0.0965167748	-0.1540964479
0.1883782247	0.1014527219	0.1103286695	0.1883782247
0.1717852441	0.2753120886	0.0880152563	-0.1405231202
0.1717852441	0.1035268445	0.1006105533	0.1717852441
0.2220172523	0.3192650958	0.1137519434	-0.1816137190
0.2220172523	0.0972478435	0.1300302522	0.2220172523
0.2047667174	0.3041708777	0.1049135227	-0.1675025012
0.2047667174	0.0994041603	0.1199270220	0.2047667174
0.2124412322	0.3108860782	0.1088456089	-0.1737803790
0.2124412322	0.0984448460	0.1244218037	0.2124412322
0.0195426523	0.1420998208	0.0100128015	-0.0159862070
0.0195426523	0.1225571685	0.0114456691	0.0195426523
0.1367119069	0.2446229185	0.0700452101	-0.1118325606
0.1367119069	0.1079110116	0.0800689295	0.1367119069
0.0861663589	0.2003955640	0.0441478790	-0.0704854813
0.0861663589	0.1142292051	0.0504655979	0.0861663589
0.1601823436	0.2651595507	0.0820704368	-0.1310317592
0.1601823436	0.1049772070	0.0938150090	0.1601823436
0.1129237302	0.2238082639	0.0578571874	-0.0923734457
0.1129237302	0.1108845337	0.0661367572	0.1129237302
0.1521324977	0.2581159355	0.0779460474	-0.1244468545
0.1521324977	0.1059834378	0.0891004048	0.1521324977
0.1237499709	0.2332812245	0.0634040803	-0.1012294865
0.1237499709	0.1095312536	0.0724774303	0.1237499709
0.0153494551	0.1384307732	0.0078643904	-0.0125561037
0.0153494551	0.1230813181	0.0089898127	0.0153494551
0.0349712293	0.1555998257	0.0179177305	-0.0286070337
0.0349712293	0.1206285963	0.0204818217	0.0349712293
0.1187591665	0.2289142707	0.0608470101	-0.0971469274
0.1187591665	0.1101551042	0.0695544342	0.1187591665
0.0094161993	0.1332391744	0.0048244493	-0.0077026040
0.0094161993	0.1238229751	0.0055148452	0.0094161993
0.0177106045	0.1404967789	0.0090741402	-0.0144875622
0.0177106045	0.1227861744	0.0103726821	0.0177106045
0.1665667412	0.2707458986	0.0853415233	-0.1362543001
0.1665667412	0.1041791573	0.0975541997	0.1665667412
0.0083637363	0.1323182692	0.0042852132	-0.0068416721
0.0083637363	0.1239545330	0.0048984425	0.0083637363
0.1045988557	0.2165239987	0.0535918853	-0.0855635631
0.1045988557	0.1119251430	0.0612610752	0.1045988557
0.0411720469	0.1610255410	0.0210947586	-0.0336794032
0.0411720469	0.1198534941	0.0241134938	0.0411720469
0.1755578158	0.2786130888	0.0899481573	-0.1436091452
0.1755578158	0.1030552730	0.1028200594	0.1755578158
0.2056229940	0.3049201198	0.1053522415	-0.1682029494
0.2056229940	0.0992971257	0.1204285230	0.2056229940
0.1132130271	0.2240613987	0.0580054105	-0.0926100952
0.1132130271	0.1108483716	0.0663061916	0.1132130271
0.1458324100	0.2526033588	0.0747181576	-0.1192932804
0.1458324100	0.1067709487	0.0854105924	0.1458324100
0.1600831101	0.2650727213	0.0820195939	-0.1309505846
0.1600831101	0.1049896112	0.0937568903	0.1600831101
0.0047592466	0.1291643408	0.0024384301	-0.0038931411
0.0047592466	0.1244050942	0.0027873782	0.0047592466
0.0362834507	0.1567480193	0.0185900554	-0.0296804520
0.0362834507	0.1204645687	0.0212503587	0.0362834507
0.0381859102	0.1584126715	0.0195647926	-0.0312366949
0.0381859102	0.1202267612	0.0223645842	0.0381859102
0.1870703812	0.2886865835	0.0958466930	-0.1530266107
0.1870703812	0.1016162024	0.1095626965	0.1870703812
0.1576199690	0.2629174729	0.0807575880	-0.1289356951
0.1576199690	0.1052975039	0.0923142869	0.1576199690
0.1912466921	0.2923408556	0.0979864523	-0.1564429009
0.1912466921	0.1010941635	0.1120086630	0.1912466921
0.0355441421	0.1561011244	0.0182112660	-0.0290756857
0.0355441421	0.1205569822	0.0208173631	0.0355441421
0.0692723791	0.1856133317	0.0354921416	-0.0566659314
0.0692723791	0.1163409526	0.0405711936	0.0692723791
0.1585876656	0.2637642074	0.0812533935	-0.1297272866
0.1585876656	0.1051765418	0.0928810439	0.1585876656
0.0211696209	0.1435234183	0.0108463892	-0.0173170938
0.0211696209	0.1223537974	0.0123985461	0.0211696209
0.0563217411	0.1742815234	0.0288568003	-0.0460720991
0.0563217411	0.1179597824	0.0329863113	0.0563217411
0.0763205585	0.1917804887	0.0391033209	-0.0624314567
0.0763205585	0.1154599302	0.0446991455	0.0763205585
0.0270506381	0.1486693083	0.0138595655	-0.0221278614
0.0270506381	0.1216186702	0.0158429187	0.0270506381
0.1036646544	0.2157065726	0.0531132413	-0.0847993713
0.1036646544	0.1120419182	0.0607139356	0.1036646544
0.1521020066	0.2580892558	0.0779304251	-0.1244219122
0.1521020066	0.1059872492	0.0890825468	0.1521020066
0.0863844976	0.2005864354	0.0442596437	-0.0706639223
0.0863844976	0.1142019378	0.0505933566	0.0863844976
0.1407481213	0.2481546062	0.0721131901	-0.1151342497
0.1407481213	0.1074064848	0.0824328448	0.1407481213
0.0967103853	0.2096215871	0.0495501776	-0.0791106662
0.0967103853	0.1129112018	0.0566409847	0.0967103853
0.0317027391	0.1527398967	0.0162430989	-0.0259333556
0.0317027391	0.1210371576	0.0185675442	0.0317027391
0.0902574152	0.2039752383	0.0462439575	-0.0738320318
0.0902574152	0.1137178231	0.0528616327	0.0902574152
0.0196368574	0.1421822503	0.0100610681	-0.0160632684
0.0196368574	0.1225453928	0.0115008428	0.0196368574
0.1887368072	0.2901447063	0.0967004969	-0.1543897742
0.1887368072	0.1014078991	0.1105386828	0.1887368072
0.0224019539	0.1446017096	0.0114777827	-0.0183251622
0.0224019539	0.1221997558	0.0131202944	0.0224019539
0.0884903440	0.2024290510	0.0453385874	-0.0723865389
0.0884903440	0.1139387070	0.0518267010	0.0884903440
0.0979643351	0.2107187932	0.0501926467	-0.0801364175
0.0979643351	0.1127544581	0.0573753934	0.0979643351
0.1759955432	0.2789961003	0.0901724297	-0.1439672134
0.1759955432	0.1030005571	0.1030764260	0.1759955432
0.0766900542	0.1921037974	0.0392926343	-0.0627337101
0.0766900542	0.1154137432	0.0449155504	0.0766900542
0.1621746927	0.2669028561	0.0830912295	-0.1326615331
0.1621746927	0.1047281634	0.0949818808	0.1621746927
0.1277771141	0.2368049748	0.0654674125	-0.1045237550
0.1277771141	0.1090278607	0.0748360328	0.1277771141
0.1914978557	0.2925606237	0.0981151375	-0.1566483568
0.1914978557	0.1010627680	0.1121557636	0.1914978557
0.2140915909	0.3123301421	0.1096911807	-0.1751303992
0.2140915909	0.0982385511	0.1253883798	0.2140915909
0.2035529728	0.3031088512	0.1042916530	-0.1665096384
0.2035529728	0.0995558784	0.1192161605	0.2035529728
0.1058257891	0.2175975655	0.0542205124	-0.0865672146
0.1058257891	0.1117717764	0.0619796611	0.1058257891
0.0055995481	0.1298996046	0.0028689639	-0.0045805213
0.0055995481	0.1243000565	0.0032795229	0.0055995481
0.0933775053	0.2067053171	0.0478425554	-0.0763843162
0.0933775053	0.1133278118	0.0546889957	0.0933775053
0.0970597102	0.2099272465	0.0497291564	-0.0793964197
0.0970597102	0.1128675362	0.0568455760	0.0970597102
0.0939476842	0.2072042237	0.0481346902	-0.0768507318
0.0939476842	0.1132565395	0.0550229360	0.0939476842
0.0197240457	0.1422585400	0.0101057396	-0.0161345898
0.0197240457	0.1225344943	0.0115519069	0.0197240457
0.1076358140	0.2191813372	0.0551478901	-0.0880478443
0.1076358140	0.1115455233	0.0630397498	0.1076358140
0.2076800859	0.3067200752	0.1064062055	-0.1698856840
0.2076800859	0.0990399893	0.1216333130	0.2076800859
0.0039124098	0.1284233586	0.0020045479	-0.0032004148
0.0039124098	0.1245109488	0.0022914058	0.0039124098
0.0323746022	0.1533277769	0.0165873322	-0.0264829505
0.0323746022	0.1209531747	0.0189610386	0.0323746022
0.1084508581	0.2198945008	0.0555654830	-0.0887145636
0.1084508581	0.1114436427	0.0635171018	0.1084508581
0.0574254181	0.1752472409	0.0294222762	-0.0469749249
0.0574254181	0.1178218227	0.0336327088	0.0574254181
0.1698849691	0.2736493480	0.0870416384	-0.1389686644
0.1698849691	0.1037643789	0.0994976073	0.1698849691
0.1917432994	0.2927753870	0.0982408921	-0.1568491337
0.1917432994	0.1010320876	0.1122995142	0.1917432994
0.0795310746	0.1945896903	0.0407482491	-0.0650577110
0.0795310746	0.1150586157	0.0465794689	0.0795310746
0.1503133840	0.2565242110	0.0770140130	-0.1229587899
0.1503133840	0.1062108270	0.0880349929	0.1503133840
0.1630361628	0.2676566424	0.0835326091	-0.1333662296
0.1630361628	0.1046204797	0.0954864234	0.1630361628
0.0139492076	0.1372055567	0.0071469648	-0.0114106784
0.0139492076	0.1232563490	0.0081697209	0.0139492076
0.1993265749	0.2994107531	0.1021262313	-0.1630523763
0.1993265749	0.1000841781	0.1167408593	0.1993265749
0.0623335954	0.1795418959	0.0319370118	-0.0509898936
0.0623335954	0.1172083006	0.0365073121	0.0623335954
0.0971240386	0.2099835337	0.0497621154	-0.0794490413
0.0971240386	0.1128594952	0.0568832516	0.0971240386
0.0624702063	0.1796614305	0.0320070053	-0.0511016435
0.0624702063	0.1171912242	0.0365873219	0.0624702063
0.2144988866	0.3126865258	0.1098998612	-0.1754635737
0.2144988866	0.0981876392	0.1256269232	0.2144988866
0.0372736596	0.1576144521	0.0190973952	-0.0304904590
0.0372736596	0.1203407926	0.0218303006	0.0372736596
0.0100411418	0.1337859991	0.0051446425	-0.0082138171
0.0100411418	0.1237448573	0.0058808592	0.0100411418
0.0218171889	0.1440900403	0.0111781747	-0.0178468149
0.0218171889	0.1222728514	0.0127778114	0.0218171889
0.0366695224	0.1570858321	0.0187878617	-0.0299962650
0.0366695224	0.1204163097	0.0214764717	0.0366695224
0.1726723276	0.2760882866	0.0884697591	-0.1412487689
0.1726723276	0.1034159591	0.1011300972	0.1726723276
0.1562513282	0.2617199121	0.0800563562	-0.1278161247
0.1562513282	0.1054685840	0.0915127063	0.1562513282
0.1431299829	0.2502387351	0.0733335520	-0.1170826511
0.1431299829	0.1071087521	0.0838278448	0.1431299829
0.1810116687	0.2833852101	0.0927424733	-0.1480704854
0.1810116687	0.1023735414	0.1060142520	0.1810116687
0.0939687882	0.2072226896	0.0481455029	-0.0768679952
0.0939687882	0.1132539015	0.0550352961	0.0939687882
0.2078187316	0.3068413901	0.1064772415	-0.1699990984
0.2078187316	0.0990226586	0.1217145145	0.2078187316
0.2000942208	0.3000824432	0.1025195396	-0.1636803231
0.2000942208	0.0999882224	0.1171904513	0.2000942208
0.0567830319	0.1746851529	0.0290931455	-0.0464494425
0.0567830319	0.1179021210	0.0332564784	0.0567830319
0.1108841659	0.2220236452	0.0568122037	-0.0907050490
0.1108841659	0.1111394793	0.0649422327	0.1108841659
0.1655979590	0.2698982142	0.0848451617	-0.1354618206
0.1655979590	0.1043002551	0.0969868069	0.1655979590
0.1028040703	0.2149535615	0.0526723156	-0.0840953995
0.1028040703	0.1121494912	0.0602099118	0.1028040703
0.0461310146	0.1653646378	0.0236355171	-0.0377359193
0.0461310146	0.1192336232	0.0270178439	0.0461310146
0.1412316558	0.2485776988	0.0723609321	-0.1155297887
0.1412316558	0.1073460430	0.0827160395	0.1412316558
0.0449615220	0.1643413318	0.0230363202	-0.0367792554
0.0449615220	0.1193798097	0.0263328997	0.0449615220
0.2105559768	0.3092364797	0.1078796864	-0.1722382094
0.2105559768	0.0986805029	0.1233176543	0.2105559768
0.0957649587	0.2087943389	0.0490657823	-0.0783372919
0.0957649587	0.1130293802	0.0560872707	0.0957649587
0.0157781216	0.1388058564	0.0080840204	-0.0129067597
0.0157781216	0.1230277348	0.0092408725	0.0157781216
0.0805705225	0.1954992072	0.0412808168	-0.0659079962
0.0805705225	0.1149286847	0.0471882489	0.0805705225
0.1638767347	0.2683921429	0.0839632815	-0.1340538311
0.1638767347	0.1045154082	0.0959787265	0.1638767347
0.0677133500	0.1842491812	0.0346933631	-0.0553906203
0.0677133500	0.1165358313	0.0396581071	0.0677133500
0.0881167718	0.2021021753	0.0451471854	-0.0720809508
0.0881167718	0.1139854035	0.0516079086	0.0881167718
0.0763660442	0.1918202887	0.0391266257	-0.0624686647
0.0763660442	0.1154542445	0.0447257854	0.0763660442
0.0304977314	0.1516855150	0.0156257056	-0.0249476397
0.0304977314	0.1211877836	0.0178617998	0.0304977314
0.1397318343	0.2472653550	0.0715924891	-0.1143029103
0.1397318343	0.1075335207	0.0818376296	0.1397318343
0.0036966679	0.1282345844	0.0018940112	-0.0030239344
0.0036966679	0.1245379165	0.0021650509	0.0036966679
0.1012278542	0.2135743725	0.0518647314	-0.0828060292
0.1012278542	0.1123465182	0.0592867594	0.1012278542
0.1071524637	0.2187584057	0.0549002425	-0.0876524559
0.1071524637	0.1116059420	0.0627566630	0.1071524637
0.1744202669	0.2776177335	0.0893653269	-0.1426786117
0.1744202669	0.1031974666	0.1021538239	0.1744202669
0.1211871834	0.2310387854	0.0620910199	-0.0991330846
0.1211871834	0.1098516021	0.0709764662	0.1211871834
0.0655425883	0.1823497648	0.0335811597	-0.0536149020
0.0655425883	0.1168071765	0.0383867434	0.0655425883
0.1946954678	0.2953585343	0.0997534543	-0.1592640554
0.1946954678	0.1006630665	0.1140285294	0.1946954678
0.1874769326	0.2890423160	0.0960549921	-0.1533591763
0.1874769326	0.1015653834	0.1098008041	0.1874769326
0.0514985902	0.1700612664	0.0263856284	-0.0421266834
0.0514985902	0.1185626762	0.0301615059	0.0514985902
0.1316334122	0.2401792356	0.0674432113	-0.1076782695
0.1316334122	0.1085458235	0.0770945753	0.1316334122
0.0473748832	0.1664530228	0.0242728210	-0.0387534240
0.0473748832	0.1190781396	0.0277463483	0.0473748832
0.1251059677	0.2344677217	0.0640988338	-0.1023387139
0.1251059677	0.1093617540	0.0732716055	0.1251059677
0.2026557895	0.3023238158	0.1038319755	-0.1657757278
0.2026557895	0.0996680263	0.1186907014	0.2026557895
0.1928672927	0.2937588811	0.0988167772	-0.1577685785
0.1928672927	0.1008915884	0.1129578105	0.1928672927
0.1159584770	0.2264636673	0.0594120591	-0.0948559179
0.1159584770	0.1105051904	0.0679141366	0.1159584770
0.0198662389	0.1423829591	0.0101785932	-0.0162509062
0.0198662389	0.1225167201	0.0116351862	0.0198662389
0.0516631611	0.1702052659	0.0264699473	-0.0422613050
0.0516631611	0.1185421049	0.0302578912	0.0516631611
0.1921628561	0.2931424991	0.0984558547	-0.1571923379
0.1921628561	0.1009796430	0.1125452386	0.1921628561
0.0144320467	0.1376280408	0.0073943504	-0.0118056486
0.0144320467	0.1231959942	0.0084525083	0.0144320467
0.1305766377	0.2392545580	0.0669017662	-0.1068138108
0.1305766377	0.1086779203	0.0764756475	0.1305766377
0.2011377777	0.3009955555	0.1030542125	-0.1645339696
0.2011377777	0.0998577778	0.1178016379	0.2011377777
0.2075830675	0.3066351840	0.1063564975	-0.1698063213
0.2075830675	0.0990521166	0.1215764916	0.2075830675
0.1707447918	0.2744016929	0.0874821740	-0.1396720134
0.1707447918	0.1036569010	0.1000011851	0.1707447918
0.2034698207	0.3030360931	0.1042490495	-0.1664416186
0.2034698207	0.0995662724	0.1191674603	0.2034698207
0.1689639163	0.2728434268	0.0865697312	-0.1382152283
0.1689639163	0.1038795105	0.0989581684	0.1689639163
0.0276802764	0.1492202419	0.0141821647	-0.0226429158
0.0276802764	0.1215399654	0.0162116831	0.0276802764
0.1919637349	0.2929682681	0.0983538337	-0.1570294536
0.1919637349	0.1010045331	0.1124286181	0.1919637349
0.1127245918	0.2236340178	0.0577551576	-0.0922105473
0.1127245918	0.1109094260	0.0660201266	0.1127245918
0.0568348226	0.1747304698	0.0291196808	-0.0464918082
0.0568348226	0.1178956472	0.0332868110	0.0568348226
0.0965659812	0.2094952335	0.0494761912	-0.0789925413
0.0965659812	0.1129292524	0.0565564106	0.0965659812
0.1857385193	0.2875212044	0.0951643051	-0.1519371261
0.1857385193	0.1017826851	0.1087826566	0.1857385193
0.1783465400	0.2810532225	0.0913769777	-0.1458903669
0.1783465400	0.1027066825	0.1044533491	0.1783465400
0.0849837138	0.1993607496	0.0435419432	-0.0695180584
0.0849837138	0.1143770358	0.0497729506	0.0849837138
0.0065047715	0.1306916751	0.0033327608	-0.0053210088
0.0065047715	0.1241869036	0.0038096908	0.0065047715
0.1898493184	0.2911181536	0.0972704990	-0.1552998265
0.1898493184	0.1012688352	0.1111902543	0.1898493184
0.1803565318	0.2828119653	0.0924068098	-0.1475345729
0.1803565318	0.1024554335	0.1056305538	0.1803565318
0.0766196322	0.1920421782	0.0392565532	-0.0626761038
0.0766196322	0.1154225460	0.0448743059	0.0766196322
0.0847833192	0.1991854043	0.0434392698	-0.0693541324
0.0847833192	0.1144020851	0.0496555843	0.0847833192
0.0994481034	0.2120170904	0.0509528647	-0.0813501640
0.0994481034	0.1125689871	0.0582444014	0.0994481034
0.2028510822	0.3024946969	0.1039320349	-0.1659354805
0.2028510822	0.0996436147	0.1188050798	0.2028510822
0.2168475267	0.3147415858	0.1111032018	-0.1773847994
0.2168475267	0.0978940592	0.1270024662	0.2168475267
0.1066305601	0.2183017401	0.0546328419	-0.0872255304
0.1066305601	0.1116711800	0.0624509964	0.1066305601
0.0493658538	0.1681951220	0.0252929074	-0.0403820703
0.0493658538	0.1188292683	0.0289124127	0.0493658538
0.1492828364	0.2556224818	0.0764860054	-0.1221157852
0.1492828364	0.1063396455	0.0874314255	0.1492828364
0.0456399539	0.1649349597	0.0233839190	-0.0373342237
0.0456399539	0.1192950058	0.0267302412	0.0456399539
0.1668886019	0.2710275267	0.0855064307	-0.1365175874
0.1668886019	0.1041389248	0.0977427059	0.1668886019
0.0055269739	0.1298361022	0.0028317801	-0.0045211545
0.0055269739	0.1243091283	0.0032370179	0.0055269739
0.0811967673	0.1960471714	0.0416016773	-0.0664202747
0.0811967673	0.1148504041	0.0475550257	0.0811967673
0.0998200196	0.2123425171	0.0511434184	-0.0816543976
0.0998200196	0.1125224976	0.0584622239	0.0998200196
0.1507816530	0.2569339464	0.0772539336	-0.1233418415
0.1507816530	0.1061522934	0.0883092470	0.1507816530
0.0947149994	0.2078756244	0.0485278290	-0.0774784081
0.0947149994	0.1131606251	0.0554723343	0.0947149994
0.0548769208	0.1730173057	0.0281165375	-0.0448902127
0.0548769208	0.1181403849	0.0321401143	0.0548769208
0.0407216256	0.1606314224	0.0208639824	-0.0333109512
0.0407216256	0.1199097968	0.0238496927	0.0407216256
0.2043822033	0.3038344279	0.1047165145	-0.1671879624
0.2043822033	0.0994522246	0.1197018212	0.2043822033
0.2008226730	0.3007198389	0.1028927666	-0.1642762088
0.2008226730	0.0998971659	0.1176170885	0.2008226730
0.1508727698	0.2570136736	0.0773006179	-0.1234163766
0.1508727698	0.1061409038	0.0883626119	0.1508727698
0.1086208975	0.2200432853	0.0556526038	-0.0888536587
0.1086208975	0.1114223878	0.0636166899	0.1086208975
0.1828693233	0.2850106579	0.0936942544	-0.1495900771
0.1828693233	0.1021413346	0.1071022363	0.1828693233
0.0980257585	0.2107725387	0.0502241173	-0.0801866628
0.0980257585	0.1127467802	0.0574113676	0.0980257585
0.0628100065	0.1799587557	0.0321811041	-0.0513796057
0.0628100065	0.1171487492	0.0367863349	0.0628100065
0.0234654024	0.1455322271	0.0120226473	-0.0191950804
0.0234654024	0.1220668247	0.0137431310	0.0234654024
0.0847004606	0.1991129031	0.0433968167	-0.0692863527
0.0847004606	0.1144124424	0.0496070559	0.0847004606
0.0783512195	0.1935573171	0.0401437429	-0.0640925704
0.0783512195	0.1152060976	0.0458884556	0.0783512195
0.1109636681	0.2220932096	0.0568529372	-0.0907700831
0.1109636681	0.1111295415	0.0649887952	0.1109636681
0.0606803530	0.1780953089	0.0310899627	-0.0496375145
0.0606803530	0.1174149559	0.0355390472	0.0606803530
0.0620261084	0.1792728449	0.0317794689	-0.0507383643
0.0620261084	0.1172467364	0.0363272243	0.0620261084
0.1179900345	0.2282412802	0.0604529404	-0.0965177649
0.1179900345	0.1102512457	0.0691039718	0.1179900345
0.1691982830	0.2730484976	0.0866898104	-0.1384069441
0.1691982830	0.1038502146	0.0990954314	0.1691982830
0.0440149391	0.1635130717	0.0225513324	-0.0360049352
0.0440149391	0.1194981326	0.0257785085	0.0440149391
0.1843761310	0.2863291146	0.0944662768	-0.1508226703
0.1843761310	0.1019529836	0.1079847379	0.1843761310
0.0223441303	0.1445511140	0.0114481565	-0.0182778615
0.0223441303	0.1222069837	0.0130864285	0.0223441303
0.1206203353	0.2305427933	0.0618005917	-0.0986693937
0.1206203353	0.1099224581	0.0706444767	0.1206203353
0.1646060600	0.2690303025	0.0843369559	-0.1346504310
0.1646060600	0.1044242425	0.0964058751	0.1646060600
0.1628036806	0.2674532205	0.0834134954	-0.1331760554
0.1628036806	0.1046495399	0.0953502641	0.1628036806
0.1001978321	0.2126731031	0.0513369930	-0.0819634543
0.1001978321	0.1124752710	0.0586834998	0.1001978321
0.0397933687	0.1598191976	0.0203883842	-0.0325516221
0.0397933687	0.1200258289	0.0233060346	0.0397933687
0.1232775608	0.2328678657	0.0631620379	-0.1008430473
0.1232775608	0.1095903049	0.0722007508	0.1232775608
0.1042664957	0.2162331837	0.0534215985	-0.0852916872
0.1042664957	0.1119666880	0.0610664198	0.1042664957
0.0501745834	0.1689027604	0.0257072651	-0.0410436243
0.0501745834	0.1187281771	0.0293860664	0.0501745834
0.1361368093	0.2441197081	0.0697505552	-0.1113621215
0.1361368093	0.1079828988	0.0797321084	0.1361368093
0.0762475411	0.1917165985	0.0390659099	-0.0623717272
0.0762475411	0.1154690574	0.0446563810	0.0762475411
0.1239487547	0.2334551603	0.0635059284	-0.1013920948
0.1239487547	0.1095064057	0.0725938532	0.1239487547
0.1852672289	0.2871088253	0.0949228365	-0.1515516028
0.1852672289	0.1018415964	0.1085066329	0.1852672289
0.0424493436	0.1621431756	0.0217491897	-0.0347242526
0.0424493436	0.1196938321	0.0248615763	0.0424493436
0.1784278597	0.2811243772	0.0914186424	-0.1459568877
0.1784278597	0.1026965175	0.1045009762	0.1784278597
0.0394903250	0.1595540344	0.0202331178	-0.0323037274
0.0394903250	0.1200637094	0.0231285491	0.0394903250
0.1718503815	0.2753690838	0.0880486298	-0.1405764037
0.1718503815	0.1035187023	0.1006487028	0.1718503815
0.0267660899	0.1484203287	0.0137137754	-0.0218950963
0.0267660899	0.1216542388	0.0156762656	0.0267660899
0.1474892358	0.2540530814	0.0755670428	-0.1206485908
0.1474892358	0.1065638455	0.0863809561	0.1474892358
0.0782009556	0.1934258362	0.0400667542	-0.0639696521
0.0782009556	0.1152248805	0.0458004496	0.0782009556
0.0766794932	0.1920945566	0.0392872233	-0.0627250711
0.0766794932	0.1154150633	0.0449093651	0.0766794932
0.0630581746	0.1801759028	0.0323082546	-0.0515826112
0.0630581746	0.1171177282	0.0369316810	0.0630581746
0.0330107603	0.1538844153	0.0169132718	-0.0270033382
0.0330107603	0.1208736550	0.0193336213	0.0330107603
0.0946564486	0.2078243926	0.0484978301	-0.0774305126
0.0946564486	0.1131679439	0.0554380426	0.0946564486
0.1292029608	0.2380525907	0.0661979541	-0.1056901208
0.1292029608	0.1088496299	0.0756711175	0.1292029608
0.1379316081	0.2456901571	0.0706701318	-0.1128302961
0.1379316081	0.1077585490	0.0807832797	0.1379316081
0.1719767123	0.2754796233	0.0881133563	-0.1406797444
0.1719767123	0.1035029110	0.1007226918	0.1719767123
0.1969100038	0.2972962534	0.1008880859	-0.1610755819
0.1969100038	0.1003862495	0.1153255307	0.1969100038
0.1613084115	0.2661448601	0.0826473849	-0.1319529010
0.1613084115	0.1048364486	0.0944745204	0.1613084115
0.0005981011	0.1255233385	0.0003064409	-0.0004892564
0.0005981011	0.1249252374	0.0003502937	0.0005981011
0.0357040166	0.1562410145	0.0182931787	-0.0292064655
0.0357040166	0.1205369979	0.0209109978	0.0357040166
0.1020628494	0.2143049932	0.0522925464	-0.0834890688
0.1020628494	0.1122421438	0.0597757963	0.1020628494
0.1381565892	0.2458870156	0.0707854023	-0.1130143343
0.1381565892	0.1077304263	0.0809150458	0.1381565892
0.0976875479	0.2104766044	0.0500508330	-0.0799100011
0.0976875479	0.1127890565	0.0572132857	0.0976875479
0.0840969718	0.1985848504	0.0430876154	-0.0687926891
0.0840969718	0.1144878785	0.0492536068	0.0840969718
0.0864189114	0.2006165475	0.0442772758	-0.0706920734
0.0864189114	0.1141976361	0.0506135119	0.0864189114
0.1245743110	0.2340025221	0.0638264361	-0.1019038101
0.1245743110	0.1094282111	0.0729602268	0.1245743110
0.1534520676	0.2592705591	0.0786221373	-0.1255262840
0.1534520676	0.1058184916	0.0898732456	0.1534520676
0.2000273158	0.3000239013	0.1024852604	-0.1636255937
0.2000273158	0.0999965855	0.1171512666	0.2000273158
0.0885455716	0.2024773752	0.0453668836	-0.0724317160
0.0885455716	0.1139318035	0.0518590465	0.0885455716
0.0479147793	0.1669254319	0.0245494402	-0.0391950678
0.0479147793	0.1190106526	0.0280625526	0.0479147793
0.2045021817	0.3039394090	0.1047779862	-0.1672861067
0.2045021817	0.0994372273	0.1197720897	0.2045021817
0.0643106401	0.1812718101	0.0329499632	-0.0526071483
0.0643106401	0.1169611700	0.0376652205	0.0643106401
0.0876943513	0.2017325574	0.0449307555	-0.0717354039
0.0876943513	0.1140382061	0.0513605069	0.0876943513
0.1380819751	0.2458217282	0.0707471733	-0.1129532987
0.1380819751	0.1077397531	0.0808713461	0.1380819751
0.1779940861	0.2807448253	0.0911963958	-0.1456020539
0.1779940861	0.1027507392	0.1042469252	0.1779940861
0.2193248912	0.3169092798	0.1123724952	-0.1794113239
0.2193248912	0.0975843886	0.1284534000	0.2193248912
0.1336752623	0.2419658545	0.0684893661	-0.1093485360
0.1336752623	0.1082905922	0.0782904386	0.1336752623
0.1156242371	0.2261712075	0.0592408092	-0.0945825042
0.1156242371	0.1105469704	0.0677183802	0.1156242371
0.1650601670	0.2694276462	0.0845696205	-0.1350218980
0.1650601670	0.1043674791	0.0966718348	0.1650601670
0.1020310017	0.2142771265	0.0522762290	-0.0834630169
0.1020310017	0.1122461248	0.0597571438	0.1020310017
0.1665404414	0.2707228862	0.0853280485	-0.1362327864
0.1665404414	0.1041824448	0.0975387965	0.1665404414
0.1376255402	0.2454223477	0.0705133160	-0.1125799276
0.1376255402	0.1077968075	0.0806040230	0.1376255402
0.1644570411	0.2688999109	0.0842606051	-0.1345285311
0.1644570411	0.1044428699	0.0963185982	0.1644570411
0.0025672996	0.1272463872	0.0013153722	-0.0021000928
0.0025672996	0.1246790875	0.0015036067	0.0025672996
0.1787620384	0.2814167836	0.0915898610	-0.1462302514
0.1787620384	0.1026547452	0.1046966968	0.1787620384
0.1988740469	0.2990147911	0.1018943757	-0.1626822010
0.1988740469	0.1001407441	0.1164758243	0.1988740469
0.0682110204	0.1846846428	0.0349483477	-0.0557977227
0.0682110204	0.1164736225	0.0399495809	0.0682110204
0.1999832708	0.2999853619	0.1024626936	-0.1635895641
0.1999832708	0.1000020912	0.1171254705	0.1999832708
0.1304739009	0.2391646633	0.0668491283	-0.1067297704
0.1304739009	0.1086907624	0.0764154770	0.1304739009
0.1471372902	0.2537451289	0.0753867212	-0.1203606936
0.1471372902	0.1066078387	0.0861748299	0.1471372902
0.0772236303	0.1925706765	0.0395660154	-0.0631701841
0.0772236303	0.1153470462	0.0452280533	0.0772236303
0.1075473049	0.2191038918	0.0551025419	-0.0879754425
0.1075473049	0.1115565869	0.0629879121	0.1075473049
0.1039153302	0.2159259139	0.0532416766	-0.0850044282
0.1039153302	0.1120105837	0.0608607504	0.1039153302
0.1762028175	0.2791774653	0.0902786280	-0.1441367671
0.1762028175	0.1029746478	0.1031978216	0.1762028175
0.0637626522	0.1807923207	0.0326691982	-0.0521588853
0.0637626522	0.1170296685	0.0373442769	0.0637626522
0.1914320311	0.2925030272	0.0980814119	-0.1565945112
0.1914320311	0.1010709961	0.1121172117	0.1914320311
0.1672006857	0.2713006000	0.0856663288	-0.1367728770
0.1672006857	0.1040999143	0.0979254860	0.1672006857
0.0290662553	0.1504329733	0.0148922797	-0.0237766690
0.0290662553	0.1213667181	0.0170234181	0.0290662553
0.1356438963	0.2436884092	0.0694980082	-0.1109589106
0.1356438963	0.1080445130	0.0794434210	0.1356438963
0.1137748585	0.2245530012	0.0582932683	-0.0930696825
0.1137748585	0.1107781427	0.0666352429	0.1137748585
0.2175687641	0.3153726686	0.1114727323	-0.1779747834
0.2175687641	0.0978039045	0.1274248779	0.2175687641
0.0531335429	0.1714918501	0.0272233068	-0.0434641012
0.0531335429	0.1183583071	0.0311190591	0.0531335429
0.0320928564	0.1530812493	0.0164429779	-0.0262524779
0.0320928564	0.1209883930	0.0187960267	0.0320928564
0.1654006379	0.2697255582	0.0847440630	-0.1353004087
0.1654006379	0.1043249203	0.0968712406	0.1654006379
0.1535266615	0.2593358288	0.0786603560	-0.1255873031
0.1535266615	0.1058091673	0.0899169335	0.1535266615
0.1361394824	0.2441220471	0.0697519248	-0.1113643081
0.1361394824	0.1079825647	0.0797336740	0.1361394824
0.1261846079	0.2354115319	0.0646514819	-0.1032210591
0.1261846079	0.1092269240	0.0739033396	0.1261846079
0.0011151108	0.1259757220	0.0005713341	-0.0009121788
0.0011151108	0.1248606111	0.0006530940	0.0011151108
0.1929226815	0.2938073463	0.0988451560	-0.1578138874
0.1929226815	0.1008846648	0.1129902504	0.1929226815
0.1452435605	0.2520881154	0.0744164568	-0.1188115919
0.1452435605	0.1068445549	0.0850657172	0.1452435605
0.1029460963	0.2150778343	0.0527450835	-0.0842115791
0.1029460963	0.1121317380	0.0602930931	0.1029460963
0.0707040066	0.1868660058	0.0362256450	-0.0578370260
0.0707040066	0.1161619992	0.0414096640	0.0707040066
0.0699734656	0.1862267824	0.0358513477	-0.0572394316
0.0699734656	0.1162533168	0.0409818034	0.0699734656
0.0954146791	0.2084878442	0.0488863143	-0.0780507574
0.0954146791	0.1130731651	0.0558821202	0.0954146791
0.0353783087	0.1559560201	0.0181263002	-0.0289400312
0.0353783087	0.1205777114	0.0207202384	0.0353783087
0.0716276386	0.1876741838	0.0366988736	-0.0585925719
0.0716276386	0.1160465452	0.0419506133	0.0716276386
0.0175870850	0.1403886994	0.0090108542	-0.0143865212
0.0175870850	0.1228016144	0.0103003396	0.0175870850
0.2105611082	0.3092409697	0.1078823155	-0.1722424070
0.2105611082	0.0986798615	0.1233206596	0.2105611082
0.1273878367	0.2364643571	0.0652679638	-0.1042053198
0.1273878367	0.1090765204	0.0746080422	0.1273878367
0.0901727570	0.2039011624	0.0462005824	-0.0737627801
0.0901727570	0.1137284054	0.0528120505	0.0901727570
0.1324957301	0.2409337639	0.0678850253	-0.1083836596
0.1324957301	0.1084380337	0.0775996145	0.1324957301
0.1719832269	0.2754853236	0.0881166941	-0.1406850734
0.1719832269	0.1035020966	0.1007265072	0.1719832269
0.0098974212	0.1336602435	0.0050710063	-0.0080962513
0.0098974212	0.1237628224	0.0057966854	0.0098974212
0.1237111282	0.2332472372	0.0633841790	-0.1011977125
0.1237111282	0.1095361090	0.0724546810	0.1237111282
0.0944939859	0.2076822377	0.0484145913	-0.0772976155
0.0944939859	0.1131882518	0.0553428920	0.0944939859
0.0590045537	0.1766289845	0.0302313563	-0.0482666834
0.0590045537	0.1176244308	0.0345575712	0.0590045537
0.1645670346	0.2689961553	0.0843169610	-0.1346185076
0.1645670346	0.1044291207	0.0963830188	0.1645670346
0.1438864231	0.2509006202	0.0737211189	-0.1177014315
0.1438864231	0.1070141971	0.0842708739	0.1438864231
0.1468620464	0.2535042906	0.0752456983	-0.1201355397
0.1468620464	0.1066422442	0.0860136261	0.1468620464
0.1164339173	0.2268796776	0.0596556539	-0.0952448358
0.1164339173	0.1104457603	0.0681925908	0.1164339173
0.1395018876	0.2470641517	0.0714746744	-0.1141148102
0.1395018876	0.1075622640	0.0817029552	0.1395018876
0.0915226180	0.2050822907	0.0468921922	-0.0748669883
0.0915226180	0.1135596728	0.0536026321	0.0915226180
0.1675374034	0.2715952280	0.0858388482	-0.1370483175
0.1675374034	0.1040578246	0.0981226935	0.1675374034
0.2070731217	0.3061889815	0.1060952236	-0.1693891774
0.2070731217	0.0991158598	0.1212778284	0.2070731217
0.0011870560	0.1260386740	0.0006081956	-0.0009710311
0.0011870560	0.1248516180	0.0006952306	0.0011870560
0.0780234196	0.1932704921	0.0399757925	-0.0638244247
0.0780234196	0.1152470726	0.0456964710	0.0780234196
0.0659271686	0.1826862725	0.0337782018	-0.0539294949
0.0659271686	0.1167591039	0.0386119829	0.0659271686
0.1576912053	0.2629798046	0.0807940864	-0.1289939676
0.1576912053	0.1052885993	0.0923560083	0.1576912053
0.1864543419	0.2881475492	0.0955310613	-0.1525226806
0.1864543419	0.1016932073	0.1092018969	0.1864543419
0.1305589179	0.2392390532	0.0668926873	-0.1067993157
0.1305589179	0.1086801353	0.0764652695	0.1305589179
0.1902345730	0.2914552513	0.0974678866	-0.1556149710
0.1902345730	0.1012206784	0.1114158888	0.1902345730
0.0490580270	0.1679257736	0.0251351904	-0.0401302630
0.0490580270	0.1188677466	0.0287321258	0.0490580270
0.1221436542	0.2318756974	0.0625810737	-0.0999154933
0.1221436542	0.1097320432	0.0715366486	0.1221436542
0.1741052987	0.2773421363	0.0892039509	-0.1424209626
0.1741052987	0.1032368377	0.1019693544	0.1741052987
0.1227252267	0.2323845734	0.0628790461	-0.1003912291
0.1227252267	0.1096593467	0.0718772618	0.1227252267
0.0861262537	0.2003604720	0.0441273308	-0.0704526746
0.0861262537	0.1142342183	0.0504421092	0.0861262537
0.1797785486	0.2823062300	0.0921106764	-0.1470617732
0.1797785486	0.1025276814	0.1052920427	0.1797785486
0.1554980493	0.2610607932	0.0796704090	-0.1271999304
0.1554980493	0.1055627438	0.0910715287	0.1554980493
0.2222071505	0.3194312567	0.1138492390	-0.1817690588
0.2222071505	0.0972241062	0.1301414711	0.2222071505
0.2054698241	0.3047860961	0.1052737639	-0.1680776539
0.2054698241	0.0993162720	0.1203388149	0.2054698241
0.0606453389	0.1780646715	0.0310720229	-0.0496088724
0.0606453389	0.1174193326	0.0355185402	0.0606453389
0.1227033608	0.2323654407	0.0628678430	-0.1003733424
0.1227033608	0.1096620799	0.0718644555	0.1227033608
0.1808760253	0.2832665221	0.0926729755	-0.1479595270
0.1808760253	0.1023904968	0.1059348088	0.1808760253
0.1482034166	0.2546779895	0.0759329578	-0.1212328023
0.1482034166	0.1064745729	0.0867992349	0.1482034166
0.1393305967	0.2469142721	0.0713869124	-0.1139746915
0.1393305967	0.1075836754	0.0816026342	0.1393305967
0.0014278609	0.1262493783	0.0007315735	-0.0011680134
0.0014278609	0.1248215174	0.0008362643	0.0014278609
0.0607561375	0.1781616203	0.0311287913	-0.0496995075
0.0607561375	0.1174054828	0.0355834324	0.0607561375
0.0811425248	0.1959997092	0.0415738858	-0.0663759034
0.0811425248	0.1148571844	0.0475232571	0.0811425248
0.0411423565	0.1609995620	0.0210795466	-0.0336551160
0.0411423565	0.1198572054	0.0240961049	0.0411423565
0.0533364282	0.1716693747	0.0273272563	-0.0436300647
0.0533364282	0.1183329465	0.0312378842	0.0533364282
0.2085263073	0.3074605189	0.1068397724	-0.1705779068
0.2085263073	0.0989342116	0.1221289249	0.2085263073
0.1762207546	0.2791931602	0.0902878181	-0.1441514399
0.1762207546	0.1029724057	0.1032083269	0.1762207546
0.1975926960	0.2978936090	0.1012378675	-0.1616340351
0.1975926960	0.1003009130	0.1157253674	0.1975926960
0.0778369904	0.1931073666	0.0398802743	-0.0636719225
0.0778369904	0.1152703762	0.0455872838	0.0778369904
0.0265925781	0.1482685058	0.0136248756	-0.0217531608
0.0265925781	0.1216759277	0.0155746438	0.0265925781
0.0057659197	0.1300451797	0.0029542054	-0.0047166160
0.0057659197	0.1242792600	0.0033769628	0.0057659197
0.1059463672	0.2177030713	0.0542822913	-0.0866658494
0.1059463672	0.1117567041	0.0620502808	0.1059463672
0.0610233097	0.1783953960	0.0312656787	-0.0499180586
0.0610233097	0.1173720863	0.0357399088	0.0610233097
0.0974448225	0.2102642197	0.0499264711	-0.0797114478
0.0974448225	0.1128193972	0.0570711272	0.0974448225
0.0894994541	0.2033120223	0.0458556114	-0.0732120073
0.0894994541	0.1138125682	0.0524177129	0.0894994541
0.2160445884	0.3140390149	0.1106918113	-0.1767279829
0.2160445884	0.0979944264	0.1265322042	0.2160445884
0.2141597559	0.3123897864	0.1097261054	-0.1751861593
0.2141597559	0.0982300305	0.1254283024	0.2141597559
0.1802541485	0.2827223799	0.0923543530	-0.1474508216
0.1802541485	0.1024682314	0.1055705903	0.1802541485
0.0982973991	0.2110102242	0.0503632941	-0.0804088693
0.0982973991	0.1127128251	0.0575704611	0.0982973991
0.1824216489	0.2846189428	0.0934648856	-0.1492238722
0.1824216489	0.1021972939	0.1068400440	0.1824216489
0.0597224603	0.1772571528	0.0305991803	-0.0488539427
0.0597224603	0.1175346925	0.0349780321	0.0597224603
0.2219641083	0.3192185947	0.1137247147	-0.1815702463
0.2219641083	0.0972544865	0.1299991270	0.2219641083
0.0983093255	0.2110206598	0.0503694047	-0.0804186253
0.0983093255	0.1127113343	0.0575774461	0.0983093255
0.1396905735	0.2472292518	0.0715713488	-0.1142691584
0.1396905735	0.1075386783	0.0818134641	0.1396905735
0.2038561343	0.3033741176	0.1044469798	-0.1667576295
0.2038561343	0.0995179832	0.1193937150	0.2038561343
0.0512678014	0.1698593262	0.0262673823	-0.0419378944
0.0512678014	0.1185915248	0.0300263384	0.0512678014
0.0793000216	0.1943875189	0.0406298676	-0.0648687059
0.0793000216	0.1150874973	0.0464441466	0.0793000216
0.0150280791	0.1381495692	0.0076997314	-0.0122932128
0.0150280791	0.1231214901	0.0088015904	0.0150280791
0.0911504247	0.2047566216	0.0467014966	-0.0745625281
0.0911504247	0.1136061969	0.0533846473	0.0911504247
0.0259214893	0.1476813031	0.0132810390	-0.0212041993
0.0259214893	0.1217598138	0.0151816030	0.0259214893
0.1811485660	0.2835049953	0.0928126135	-0.1481824697
0.1811485660	0.1023564292	0.1060944295	0.1811485660
0.0837293755	0.1982632036	0.0428992751	-0.0684919893
0.0837293755	0.1145338281	0.0490383144	0.0837293755
0.0354244178	0.1559963656	0.0181499245	-0.0289777492
0.0354244178	0.1205719478	0.0207472434	0.0354244178
0.0296280054	0.1509245047	0.0151800960	-0.0242361897
0.0296280054	0.1212964993	0.0173524218	0.0296280054
0.1831088024	0.2852202021	0.0938169530	-0.1497859749
0.1831088024	0.1021113997	0.1072424935	0.1831088024
0.0526256055	0.1710474048	0.0269630618	-0.0430486002
0.0526256055	0.1184217993	0.0308215721	0.0526256055
0.0210320315	0.1434030275	0.0107758943	-0.0172045434
0.0210320315	0.1223709961	0.0123179633	0.0210320315
0.1004308346	0.2128769803	0.0514563733	-0.0821540542
0.1004308346	0.1124461457	0.0588199639	0.1004308346
0.1226296533	0.2323009466	0.0628300785	-0.1003130485
0.1226296533	0.1096712933	0.0718212868	0.1226296533
0.0157767757	0.1388046787	0.0080833308	-0.0129056588
0.0157767757	0.1230279030	0.0092400843	0.0157767757
0.0700709853	0.1863121121	0.0359013125	-0.0573192042
0.0700709853	0.1162411268	0.0410389183	0.0700709853
0.1651376631	0.2694954552	0.0846093261	-0.1350852910
0.1651376631	0.1043577921	0.0967172225	0.1651376631
0.0756769367	0.1912173196	0.0387735571	-0.0619049635
0.0756769367	0.1155403829	0.0443221914	0.0756769367
0.1222470098	0.2319661336	0.0626340286	-0.1000000399
0.1222470098	0.1097191238	0.0715971815	0.1222470098
0.0021991537	0.1269242595	0.0011267503	-0.0017989435
0.0021991537	0.1247251058	0.0012879923	0.0021991537
0.0068396872	0.1309847263	0.0035043570	-0.0055949752
0.0068396872	0.1241450391	0.0040058430	0.0068396872
0.2195387389	0.3170963966	0.1124820614	-0.1795862548
0.2195387389	0.0975576576	0.1285786455	0.2195387389
0.1997854876	0.2998123017	0.1023613582	-0.1634277743
0.1997854876	0.1000268140	0.1170096336	0.1997854876
0.0902079591	0.2039319642	0.0462186184	-0.0737915759
0.0902079591	0.1137240051	0.0528326675	0.0902079591
0.0715520368	0.1876080322	0.0366601386	-0.0585307285
0.0715520368	0.1160559954	0.0419063352	0.0715520368
0.1381753905	0.2459034667	0.0707950353	-0.1130297141
0.1381753905	0.1077280762	0.0809260573	0.1381753905
0.0950380562	0.2081582992	0.0486933492	-0.0777426738
0.0950380562	0.1131202430	0.0556615411	0.0950380562
0.0711329875	0.1872413641	0.0364454361	-0.0581879393
0.0711329875	0.1161083766	0.0416609079	0.0711329875
0.0145950014	0.1377706262	0.0074778413	-0.0119389482
0.0145950014	0.1231756248	0.0085479470	0.0145950014
0.0558592897	0.1738768785	0.0286198604	-0.0456938064
0.0558592897	0.1180175888	0.0327154645	0.0558592897
0.0054586698	0.1297763361	0.0027967840	-0.0044652806
0.0054586698	0.1243176663	0.0031970138	0.0054586698
0.2040841466	0.3035736283	0.1045638033	-0.1669441472
0.2040841466	0.0994894817	0.1195272564	0.2040841466
0.2062698551	0.3054861232	0.1056836649	-0.1687320923
0.2062698551	0.0992162681	0.1208073742	0.2062698551
0.0779633324	0.1932179159	0.0399450065	-0.0637752724
0.0779633324	0.1152545834	0.0456612793	0.0779633324
0.1169167379	0.2273021457	0.0599030301	-0.0956397909
0.1169167379	0.1103854078	0.0684753674	0.1169167379
0.0147214286	0.1378812500	0.0075426170	-0.0120423677
0.0147214286	0.1231598214	0.0086219924	0.0147214286
0.0314554063	0.1525234805	0.0161163764	-0.0257310333
0.0314554063	0.1210680742	0.0184226873	0.0314554063
0.2074911868	0.3065547884	0.1063094218	-0.1697311614
0.2074911868	0.0990636017	0.1215226792	0.2074911868
0.1330609665	0.2414283457	0.0681746277	-0.1088460321
0.1330609665	0.1083673792	0.0779306601	0.1330609665
