0.1188188949	0.1738927140	0.0664616685	-0.1016918686
0.1188188949	0.0550738191	0.0729445870	0.1031369232
0.1934367621	0.2438469645	0.1081993732	-0.1655540207
0.1934367621	0.0504102024	0.1187535427	0.1679065647
0.0054701900	0.0676283031	0.0030597655	-0.0046816951
0.0054701900	0.0621581131	0.0033582264	0.0047482226
0.1207260639	0.1756806849	0.0675284486	-0.1033241307
0.1207260639	0.0549546210	0.0741154248	0.1047923799
0.1981445479	0.2482605136	0.1108326858	-0.1695832076
0.1981445479	0.0501159658	0.1216437184	0.1719930069
0.1361646736	0.1901543815	0.0761640764	-0.1165373580
0.1361646736	0.0539897079	0.0835934039	0.1181933689
0.0025946440	0.0649324787	0.0014513211	-0.0022206417
0.0025946440	0.0623378348	0.0015928883	0.0022521973
0.2167900355	0.2657406583	0.1212620894	-0.1855410607
0.2167900355	0.0489506228	0.1330904449	0.1881776232
0.2131207813	0.2623007325	0.1192096822	-0.1824007074
0.2131207813	0.0491799512	0.1308378383	0.1849926450
0.1657244215	0.2178666452	0.0926984009	-0.1418362467
0.1657244215	0.0521422237	0.1017405479	0.1438517581
0.0856465828	0.1427936714	0.0479066465	-0.0733011450
0.0856465828	0.0571470886	0.0525796390	0.0743427637
0.0975243908	0.1539291164	0.0545505303	-0.0834668387
0.0975243908	0.0564047256	0.0598715921	0.0846529133
0.1322228166	0.1864588906	0.0739591881	-0.1131636959
0.1322228166	0.0542360740	0.0811734426	0.1147717666
0.0365086869	0.0967268940	0.0204212322	-0.0312461801
0.0365086869	0.0602182071	0.0224131952	0.0316901924
0.1827227555	0.2338025833	0.1022064647	-0.1563843735
0.1827227555	0.0510798278	0.1121760637	0.1586066156
0.1594610383	0.2119947234	0.0891949607	-0.1364756924
0.1594610383	0.0525336851	0.0978953691	0.1384150296
0.0575899477	0.1164905760	0.0322130921	-0.0492887045
0.0575899477	0.0589006283	0.0353552770	0.0499891033
0.1135817657	0.1689829053	0.0635322661	-0.0972096399
0.1135817657	0.0554011396	0.0697294398	0.0985910014
0.0800652995	0.1375612183	0.0447847406	-0.0685243700
0.0800652995	0.0574959188	0.0491532109	0.0694981101
0.1759038570	0.2274098659	0.0983922955	-0.1505483780
0.1759038570	0.0515060089	0.1079898462	0.1526876899
0.2107702691	0.2600971273	0.1178949169	-0.1803890074
0.2107702691	0.0493268582	0.1293948259	0.1829523585
0.1540044546	0.2068791762	0.0861428059	-0.1318056423
0.1540044546	0.0528747216	0.0945454958	0.1336786175
0.1010831307	0.1572654350	0.0565411210	-0.0865126077
0.1010831307	0.0561823043	0.0620563524	0.0877419630
0.0218661660	0.0829995306	0.0122308988	-0.0187142902
0.0218661660	0.0611333646	0.0134239462	0.0189802227
0.0130295475	0.0747152007	0.0072881124	-0.0111514169
0.0130295475	0.0616856533	0.0079990220	0.0113098799
0.1553898471	0.2081779816	0.0869177289	-0.1329913388
0.1553898471	0.0527881346	0.0953960077	0.1348811629
0.0224869826	0.0835815462	0.0125781542	-0.0192456198
0.0224869826	0.0610945636	0.0138050742	0.0195191026
0.1827522736	0.2338302565	0.1022229757	-0.1564096367
0.1827522736	0.0510779829	0.1121941853	0.1586322378
0.0390687568	0.0991269595	0.0218532142	-0.0334372314
0.0390687568	0.0600582027	0.0239848580	0.0339123787
0.1734337196	0.2250941122	0.0970106175	-0.1484342961
0.1734337196	0.0516603925	0.1064733942	0.1505435666
0.0094666447	0.0713749794	0.0052951932	-0.0081020850
0.0094666447	0.0619083347	0.0058117060	0.0082172167
0.0927697910	0.1494716791	0.0518910321	-0.0793975858
0.0927697910	0.0567018881	0.0569526765	0.0805258357
0.2242891594	0.2727710869	0.1254567445	-0.1919592312
0.2242891594	0.0484819275	0.1376942623	0.1946869966
0.0274311570	0.0882167097	0.0153436914	-0.0234771213
0.0274311570	0.0607855527	0.0168403722	0.0238107342
0.0132698885	0.0749405204	0.0074225478	-0.0113571142
0.0132698885	0.0616706320	0.0081465707	0.0115185002
0.0486708821	0.1081289520	0.0272241888	-0.0416552683
0.0486708821	0.0594580699	0.0298797375	0.0422471950
0.0932512574	0.1499230538	0.0521603416	-0.0798096517
0.0932512574	0.0566717964	0.0572482555	0.0809437571
0.0440855015	0.1038301576	0.0246593438	-0.0377308426
0.0440855015	0.0597446562	0.0270647080	0.0382670027
0.0174663184	0.0788746735	0.0097698322	-0.0149486540
0.0174663184	0.0614083551	0.0107228179	0.0151610763
0.1270259315	0.1815868108	0.0710522964	-0.1087159104
0.1270259315	0.0545608793	0.0779830019	0.1102607775
0.0558685868	0.1148768001	0.0312502443	-0.0478154673
0.0558685868	0.0590082133	0.0342985094	0.0484949313
0.0114971823	0.0732786084	0.0064309798	-0.0098399329
0.0114971823	0.0617814261	0.0070582815	0.0099797596
0.2097225532	0.2591148937	0.1173088742	-0.1794923134
0.2097225532	0.0493923404	0.1287516184	0.1820429223
0.0083203768	0.0703003533	0.0046540252	-0.0071210447
0.0083203768	0.0619799764	0.0051079961	0.0072222357
0.2379144800	0.2855448250	0.1330781043	-0.2036205441
0.2379144800	0.0476303450	0.1460590379	0.2065140183
0.1561137499	0.2088566405	0.0873226459	-0.1336108954
0.1561137499	0.0527428906	0.0958404218	0.1355095234
0.1261770696	0.1807910027	0.0705774832	-0.1079894068
0.1261770696	0.0546139332	0.0774618736	0.1095239502
0.1749255845	0.2264927355	0.0978450962	-0.1497111176
0.1749255845	0.0515671510	0.1073892710	0.1518385319
0.1538270101	0.2067128220	0.0860435519	-0.1316537754
0.1538270101	0.0528858119	0.0944365601	0.1335245925
0.0897645477	0.1466542635	0.0502100412	-0.0768255301
0.0897645477	0.0568897158	0.0551077155	0.0779172308
0.2139433548	0.2630718951	0.1196697909	-0.1831047119
0.2139433548	0.0491285403	0.1313428277	0.1857066535
0.1940641865	0.2444351748	0.1085503247	-0.1660910057
0.1940641865	0.0503709883	0.1191387273	0.1684511803
0.2276107388	0.2758850676	0.1273146789	-0.1948020250
0.2276107388	0.0482743288	0.1397334265	0.1975701869
0.0939585523	0.1505861428	0.0525559690	-0.0804149943
0.0939585523	0.0566275905	0.0576824738	0.0815577017
0.0947110395	0.1512915996	0.0529768747	-0.0810590150
0.0947110395	0.0565805600	0.0581444362	0.0822108741
0.1314034807	0.1856907632	0.0735008903	-0.1124624623
0.1314034807	0.0542872825	0.0806704408	0.1140605684
0.0962364291	0.1527216523	0.0538301055	-0.0823645289
0.0962364291	0.0564852232	0.0590808943	0.0835349395
0.1934724199	0.2438803937	0.1082193184	-0.1655845387
0.1934724199	0.0504079738	0.1187754335	0.1679375163
0.0838861368	0.1411432532	0.0469219362	-0.0717944566
0.0838861368	0.0572571165	0.0514988765	0.0728146651
0.1796261754	0.2308995395	0.1004743843	-0.1537341467
0.1796261754	0.0512733640	0.1102750298	0.1559187288
0.0864480195	0.1435450183	0.0483549322	-0.0739870594
0.0864480195	0.0570969988	0.0530716523	0.0750384251
0.0497628616	0.1091526828	0.0278349905	-0.0425898456
0.0497628616	0.0593898211	0.0305501191	0.0431950528
0.2341491965	0.2820148717	0.1309719828	-0.2003980035
0.2341491965	0.0478656752	0.1437474775	0.2032456850
0.1106940139	0.1662756381	0.0619169944	-0.0947381401
0.1106940139	0.0555816241	0.0679566085	0.0960843813
0.0082902995	0.0702721558	0.0046372013	-0.0070953029
0.0082902995	0.0619818563	0.0050895312	0.0071961280
0.0226677997	0.0837510622	0.0126792947	-0.0194003732
0.0226677997	0.0610832625	0.0139160803	0.0196760550
0.1026372316	0.1587224046	0.0574104115	-0.0878426943
0.1026372316	0.0560851730	0.0630104368	0.0890909504
0.0684669704	0.1266877847	0.0382971840	-0.0585978700
0.0684669704	0.0582208144	0.0420328339	0.0594305533
0.0218184114	0.0829547607	0.0122041871	-0.0186734191
0.0218184114	0.0611363493	0.0133946289	0.0189387708
0.2312503050	0.2792971610	0.1293504801	-0.1979169697
0.2312503050	0.0480468559	0.1419678073	0.2007293954
0.0206032554	0.0818155520	0.0115244863	-0.0176334205
0.0206032554	0.0612122965	0.0126486276	0.0178839937
0.1490539105	0.2022380411	0.0833737057	-0.1275686892
0.1490539105	0.0531841306	0.0915062873	0.1293814568
0.1186415718	0.1737264736	0.0663624823	-0.1015401056
0.1186415718	0.0550849018	0.0728357258	0.1029830036
0.2038608875	0.2536195821	0.1140301357	-0.1744755714
0.2038608875	0.0497586945	0.1251530596	0.1769548918
0.0242819734	0.0852643500	0.0135821871	-0.0207818735
0.0242819734	0.0609823767	0.0149070442	0.0210771866
0.2243103270	0.2727909316	0.1254685847	-0.1919773477
0.2243103270	0.0484806046	0.1377072575	0.1947053706
0.2015402538	0.2514439880	0.1127320830	-0.1724894430
0.2015402538	0.0499037341	0.1237283900	0.1749405403
0.1313114806	0.1856045131	0.0734494299	-0.1123837235
0.1313114806	0.0542930325	0.0806139606	0.1139807107
0.1639041390	0.2161601303	0.0916802210	-0.1402783470
0.1639041390	0.0522559913	0.1006230510	0.1422717204
0.2150051764	0.2640673529	0.1202637237	-0.1840134784
0.2150051764	0.0490621765	0.1319946949	0.1866283336
0.1344161798	0.1885151686	0.0751860517	-0.1150408990
0.1344161798	0.0540989888	0.0825199790	0.1166756451
0.2040396218	0.2537871454	0.1141301112	-0.1746285422
0.2040396218	0.0497475236	0.1252627871	0.1771100363
0.0749929240	0.1328058662	0.0419474937	-0.0641831467
0.0749929240	0.0578129423	0.0460392084	0.0650951975
0.1867176921	0.2375478364	0.1044410433	-0.1598034641
0.1867176921	0.0508301442	0.1146286114	0.1620742920
0.0646731436	0.1231310721	0.0361750968	-0.0553509004
0.0646731436	0.0584579285	0.0397037504	0.0561374438
0.1470467586	0.2003563362	0.0822509999	-0.1258508562
0.1470467586	0.0533095776	0.0902740686	0.1276392131
0.2115067599	0.2607875874	0.1183068750	-0.1810193374
0.2115067599	0.0492808275	0.1298469679	0.1835916456
0.1145808701	0.1699195658	0.0640911179	-0.0980647295
0.1145808701	0.0553386956	0.0703428041	0.0994582420
0.0786081453	0.1361951362	0.0439696775	-0.0672772557
0.0786081453	0.0575869909	0.0482586435	0.0682332742
0.0358864710	0.0961435666	0.0200731941	-0.0307136529
0.0358864710	0.0602570956	0.0220312081	0.0311500979
0.2215200701	0.2701750657	0.1239078470	-0.1895892894
0.2215200701	0.0486549956	0.1359942795	0.1922833777
0.1681160328	0.2201087807	0.0940361551	-0.1438831216
0.1681160328	0.0519927480	0.1032087916	0.1459277194
0.0288200986	0.0895188425	0.0161205997	-0.0246658554
0.0288200986	0.0606987438	0.0176930630	0.0250163604
0.2182391442	0.2670991977	0.1220726523	-0.1867812892
0.2182391442	0.0488600535	0.1339800731	0.1894354754
0.2229852455	0.2715486677	0.1247273968	-0.1908432686
0.2229852455	0.0485634222	0.1368937713	0.1935551761
0.0619390803	0.1205678878	0.0346457911	-0.0530109358
0.0619390803	0.0586288075	0.0380252706	0.0537642281
0.1104210094	0.1660196963	0.0617642886	-0.0945044876
0.1104210094	0.0555986869	0.0677890072	0.0958474085
0.1573104141	0.2099785133	0.0879920032	-0.1346350677
0.1573104141	0.0526680991	0.0965750707	0.1365482494
0.1182994854	0.1734057675	0.0661711353	-0.1012473288
0.1182994854	0.0551062822	0.0726257141	0.1026860664
0.0508842660	0.1102039994	0.0284622511	-0.0435496063
0.0508842660	0.0593197334	0.0312385650	0.0441684518
0.2257499649	0.2741405921	0.1262738500	-0.1932094705
0.2257499649	0.0483906272	0.1385910714	0.1959550020
0.1026656212	0.1587490199	0.0574262913	-0.0878669917
0.1026656212	0.0560833987	0.0630278655	0.0891155930
0.0171316115	0.0785608858	0.0095826130	-0.0146621931
0.0171316115	0.0614292743	0.0105173367	0.0148705448
0.1593584119	0.2118985112	0.0891375563	-0.1363878590
0.1593584119	0.0525400993	0.0978323653	0.1383259481
0.1352719493	0.1893174524	0.0756647287	-0.1157733145
0.1352719493	0.0540455032	0.0830453479	0.1174184682
0.0913817011	0.1481703448	0.0511146003	-0.0782095806
0.0913817011	0.0567886437	0.0561005087	0.0793209489
0.0471382569	0.1066921158	0.0263669108	-0.0403435618
0.0471382569	0.0595538589	0.0289388374	0.0409168490
0.1820647951	0.2331857454	0.1018384328	-0.1558212541
0.1820647951	0.0511209503	0.1117721326	0.1580354943
0.0073445327	0.0693854994	0.0041081841	-0.0062858626
0.0073445327	0.0620409667	0.0045089117	0.0063751855
0.1392083185	0.1930077986	0.0778665474	-0.1191422799
0.1392083185	0.0537994801	0.0854619402	0.1208353071
0.0159223650	0.0774272172	0.0089062177	-0.0136272522
0.0159223650	0.0615048522	0.0097749633	0.0138208973
0.1624296254	0.2147777738	0.0908554478	-0.1390163755
0.1624296254	0.0523481484	0.0997178263	0.1409918162
0.1467014907	0.2000326475	0.0820578734	-0.1255553565
0.1467014907	0.0533311568	0.0900621038	0.1273395144
0.0548144542	0.1138885508	0.0306606124	-0.0469132815
0.0548144542	0.0590740966	0.0336513626	0.0475799253
0.1517820379	0.2047956606	0.0848996911	-0.1299035736
0.1517820379	0.0530136226	0.0931811230	0.1317495201
0.2228106739	0.2713850068	0.1246297497	-0.1906938605
0.2228106739	0.0485743329	0.1367865994	0.1934036449
0.0106301515	0.0724657671	0.0059460039	-0.0090978794
0.0106301515	0.0618356155	0.0065259992	0.0092271614
0.1084207852	0.1641444861	0.0606454578	-0.0927925836
0.1084207852	0.0557237009	0.0665610415	0.0941111782
0.2072186198	0.2567674561	0.1159082923	-0.1773493068
0.2072186198	0.0495488363	0.1272144185	0.1798694634
0.2074668020	0.2570001268	0.1160471137	-0.1775617150
0.2074668020	0.0495333249	0.1273667810	0.1800848899
0.1951485203	0.2454517377	0.1091568497	-0.1670190393
0.1951485203	0.0503032175	0.1198044151	0.1693924014
0.0698360461	0.1279712932	0.0390629802	-0.0597696017
0.0698360461	0.0581352471	0.0428733287	0.0606189355
0.0409643680	0.1009040950	0.0229135294	-0.0350596017
0.0409643680	0.0599397270	0.0251486004	0.0355578032
0.0743516609	0.1322046821	0.0415888015	-0.0636343179
0.0743516609	0.0578530212	0.0456455280	0.0645385697
0.0041152174	0.0663580163	0.0023018579	-0.0035220337
0.0041152174	0.0622427989	0.0025263897	0.0035720822
0.0869544355	0.1440197833	0.0486381974	-0.0744204786
0.0869544355	0.0570653478	0.0533825482	0.0754780032
0.1004405850	0.1566630485	0.0561817114	-0.0859626811
0.1004405850	0.0562224634	0.0616618846	0.0871842219
0.1649330573	0.2171247412	0.0922557492	-0.1411589529
0.1649330573	0.0521916839	0.1012547183	0.1431648398
0.2182321512	0.2670926417	0.1220687407	-0.1867753042
0.2182321512	0.0488604906	0.1339757800	0.1894294053
0.0833618601	0.1406517438	0.0466286806	-0.0713457513
0.0833618601	0.0572898837	0.0511770157	0.0723595836
0.0981402023	0.1545064397	0.0548949861	-0.0839938847
0.0981402023	0.0563662374	0.0602496474	0.0851874486
0.0388017397	0.0988766310	0.0217038575	-0.0332087032
0.0388017397	0.0600748913	0.0238209325	0.0336806032
0.2285473036	0.2767630971	0.1278385490	-0.1956035896
0.2285473036	0.0482157935	0.1403083968	0.1983831419
0.0861326539	0.1432493630	0.0481785316	-0.0737171519
0.0861326539	0.0571167091	0.0528780449	0.0747646821
0.2237996968	0.2723122158	0.1251829623	-0.1915403217
0.2237996968	0.0485125189	0.1373937744	0.1942621344
0.1735224283	0.2251772765	0.0970602369	-0.1485102179
0.1735224283	0.0516548482	0.1065278537	0.1506205672
0.0445966280	0.1043093388	0.0249452438	-0.0381682934
0.0445966280	0.0597127107	0.0273784958	0.0387106697
0.0310164365	0.0915779092	0.0173491272	-0.0265456045
0.0310164365	0.0605614727	0.0190414256	0.0269228209
0.1114076708	0.1669446914	0.0623161803	-0.0953489277
0.1114076708	0.0555370206	0.0683947324	0.0967038482
0.0526387023	0.1118487834	0.0294435997	-0.0450511511
0.0526387023	0.0592100811	0.0323156380	0.0456913338
0.0137815557	0.0754202085	0.0077087503	-0.0117950277
0.0137815557	0.0616386528	0.0084606905	0.0119626365
0.1189531912	0.1740186168	0.0665367875	-0.1018068069
0.1189531912	0.0550654255	0.0730270333	0.1032534948
0.1838204522	0.2348316739	0.1028204643	-0.1573238438
0.1838204522	0.0510112217	0.1128499551	0.1595594359
0.0519099831	0.1111656092	0.0290359887	-0.0444274724
0.0519099831	0.0592556261	0.0318682671	0.0450587926
0.1446704863	0.1981285809	0.0809218256	-0.1238171092
0.1446704863	0.0534580946	0.0888152417	0.1255765663
0.1164401698	0.1716626592	0.0651311222	-0.0996560224
0.1164401698	0.0552224894	0.0714842542	0.1010721473
0.2251777768	0.2736041658	0.1259537951	-0.1927197598
0.2251777768	0.0484263889	0.1382397971	0.1954583325
0.1611660501	0.2135931720	0.0901486636	-0.1379349370
0.1611660501	0.0524271219	0.0989420998	0.1398950103
0.0978450833	0.1542297656	0.0547299105	-0.0837413053
0.0978450833	0.0563846823	0.0600684697	0.0849312800
0.0549112818	0.1139793267	0.0307147732	-0.0469961521
0.0549112818	0.0590680449	0.0337108065	0.0476639735
