0.3277619576	0.3697768352
0.3277619576	0.0420148777
-0.3277619576	0.3697768352
0.2077164624	0.2572341835
0.2077164624	0.0495177211
-0.2077164624	0.2572341835
0.7029029093	0.7214714774
0.7029029093	0.0185685682
-0.7029029093	0.7214714774
0.1126778346	0.1681354700
0.1126778346	0.0554576353
-0.1126778346	0.1681354700
0.3262261126	0.3683369806
0.3262261126	0.0421108680
-0.3262261126	0.3683369806
0.5280775738	0.5575727254
0.5280775738	0.0294951516
-0.5280775738	0.5575727254
0.2547953977	0.3013706853
0.2547953977	0.0465752876
-0.2547953977	0.3013706853
0.3621647416	0.4020294452
0.3621647416	0.0398647037
-0.3621647416	0.4020294452
0.0938652670	0.1504986878
0.0938652670	0.0566334208
-0.0938652670	0.1504986878
0.2856909679	0.3303352824
0.2856909679	0.0446443145
-0.2856909679	0.3303352824
0.2896021061	0.3340019744
0.2896021061	0.0443998684
-0.2896021061	0.3340019744
0.1277899995	0.1823031245
0.1277899995	0.0545131250
-0.1277899995	0.1823031245
0.0247441953	0.0856976831
0.0247441953	0.0609534878
-0.0247441953	0.0856976831
0.2717269394	0.3172440057
0.2717269394	0.0455170663
-0.2717269394	0.3172440057
0.5564225005	0.5841460942
0.5564225005	0.0277235937
-0.5564225005	0.5841460942
0.2025035807	0.2523471069
0.2025035807	0.0498435262
-0.2025035807	0.2523471069
0.1270200438	0.1815812910
0.1270200438	0.0545612473
-0.1270200438	0.1815812910
0.4660040952	0.4993788393
0.4660040952	0.0333747440
-0.4660040952	0.4993788393
0.5983714463	0.6234732309
0.5983714463	0.0251017846
-0.5983714463	0.6234732309
0.5656202046	0.5927689418
0.5656202046	0.0271487372
-0.5656202046	0.5927689418
0.5644672318	0.5916880298
0.5644672318	0.0272207980
-0.5644672318	0.5916880298
0.6581910753	0.6795541331
0.6581910753	0.0213630578
-0.6581910753	0.6795541331
0.2505428888	0.2973839582
0.2505428888	0.0468410695
-0.2505428888	0.2973839582
0.3758571949	0.4148661202
0.3758571949	0.0390089253
-0.3758571949	0.4148661202
0.1896004006	0.2402503755
0.1896004006	0.0506499750
-0.1896004006	0.2402503755
0.4109896287	0.4478027769
0.4109896287	0.0368131482
-0.4109896287	0.4478027769
0.4463038725	0.4809098805
0.4463038725	0.0346060080
-0.4463038725	0.4809098805
0.6317341517	0.6547507672
0.6317341517	0.0230166155
-0.6317341517	0.6547507672
0.2291124486	0.2772929206
0.2291124486	0.0481804720
-0.2291124486	0.2772929206
0.6950797882	0.7141373014
0.6950797882	0.0190575132
-0.6950797882	0.7141373014
0.5889120065	0.6146050061
0.5889120065	0.0256929996
-0.5889120065	0.6146050061
0.7008942617	0.7195883703
0.7008942617	0.0186941086
-0.7008942617	0.7195883703
0.0578327129	0.1167181683
0.0578327129	0.0588854554
-0.0578327129	0.1167181683
0.3352032720	0.3767530675
0.3352032720	0.0415497955
-0.3352032720	0.3767530675
0.3109171743	0.3539848509
0.3109171743	0.0430676766
-0.3109171743	0.3539848509
0.2095372278	0.2589411511
0.2095372278	0.0494039233
-0.2095372278	0.2589411511
0.6983876850	0.7172384547
0.6983876850	0.0188507697
-0.6983876850	0.7172384547
0.0088882375	0.0708327226
0.0088882375	0.0619444852
-0.0088882375	0.0708327226
0.6155016811	0.6395328260
0.6155016811	0.0240311449
-0.6155016811	0.6395328260
0.5774128341	0.6038245320
0.5774128341	0.0264116979
-0.5774128341	0.6038245320
0.2156279798	0.2646512311
0.2156279798	0.0490232513
-0.2156279798	0.2646512311
0.4162361410	0.4527213822
0.4162361410	0.0364852412
-0.4162361410	0.4527213822
0.5720281666	0.5987764062
0.5720281666	0.0267482396
-0.5720281666	0.5987764062
0.1979652357	0.2480924085
0.1979652357	0.0501271728
-0.1979652357	0.2480924085
0.1756027433	0.2271275718
0.1756027433	0.0515248285
-0.1756027433	0.2271275718
0.0516196830	0.1108934528
0.0516196830	0.0592737698
-0.0516196830	0.1108934528
0.6832488079	0.7030457574
0.6832488079	0.0197969495
-0.6832488079	0.7030457574
0.1727068033	0.2244126281
0.1727068033	0.0517058248
-0.1727068033	0.2244126281
0.6687914032	0.6894919405
0.6687914032	0.0207005373
-0.6687914032	0.6894919405
0.6306025128	0.6536898558
0.6306025128	0.0230873429
-0.6306025128	0.6536898558
0.6241668351	0.6476564079
0.6241668351	0.0234895728
-0.6241668351	0.6476564079
0.1630053942	0.2153175571
0.1630053942	0.0523121629
-0.1630053942	0.2153175571
0.1677160530	0.2197337997
0.1677160530	0.0520177467
-0.1677160530	0.2197337997
0.6461264435	0.6682435408
0.6461264435	0.0221170973
-0.6461264435	0.6682435408
0.1094622378	0.1651208479
0.1094622378	0.0556586101
-0.1094622378	0.1651208479
0.5940961872	0.6194651755
0.5940961872	0.0253689883
-0.5940961872	0.6194651755
0.3130161939	0.3559526818
0.3130161939	0.0429364879
-0.3130161939	0.3559526818
0.0111679874	0.0729699882
0.0111679874	0.0618020008
-0.0111679874	0.0729699882
0.1857054929	0.2365988996
0.1857054929	0.0508934067
-0.1857054929	0.2365988996
0.4608026342	0.4945024696
0.4608026342	0.0336998354
-0.4608026342	0.4945024696
0.6344554443	0.6573019790
0.6344554443	0.0228465347
-0.6344554443	0.6573019790
0.2751806173	0.3204818287
0.2751806173	0.0453012114
-0.2751806173	0.3204818287
0.3291871831	0.3711129841
0.3291871831	0.0419258011
-0.3291871831	0.3711129841
0.0134921776	0.0751489165
0.0134921776	0.0616567389
-0.0134921776	0.0751489165
0.6052696547	0.6299403013
0.6052696547	0.0246706466
-0.6052696547	0.6299403013
0.5908062568	0.6163808657
0.5908062568	0.0255746090
-0.5908062568	0.6163808657
0.3779857672	0.4168616567
0.3779857672	0.0388758896
-0.3779857672	0.4168616567
0.2529731961	0.2996623713
0.2529731961	0.0466891752
-0.2529731961	0.2996623713
0.3953731626	0.4331623399
0.3953731626	0.0377891773
-0.3953731626	0.4331623399
0.1374396112	0.1913496355
0.1374396112	0.0539100243
-0.1374396112	0.1913496355
0.2092020282	0.2586269014
0.2092020282	0.0494248732
-0.2092020282	0.2586269014
0.0537124466	0.1128554187
0.0537124466	0.0591429721
-0.0537124466	0.1128554187
0.5524775090	0.5804476647
0.5524775090	0.0279701557
-0.5524775090	0.5804476647
0.6700310812	0.6906541386
0.6700310812	0.0206230574
-0.6700310812	0.6906541386
0.2157411713	0.2647573481
0.2157411713	0.0490161768
-0.2157411713	0.2647573481
0.4146247457	0.4512106991
0.4146247457	0.0365859534
-0.4146247457	0.4512106991
0.0859588806	0.1430864506
0.0859588806	0.0571275700
-0.0859588806	0.1430864506
0.2161127956	0.2651057458
0.2161127956	0.0489929503
-0.2161127956	0.2651057458
0.1380968797	0.1919658247
0.1380968797	0.0538689450
-0.1380968797	0.1919658247
0.5198618002	0.5498704376
0.5198618002	0.0300086375
-0.5198618002	0.5498704376
0.1144006714	0.1697506295
0.1144006714	0.0553499580
-0.1144006714	0.1697506295
0.3740091982	0.4131336233
0.3740091982	0.0391244251
-0.3740091982	0.4131336233
0.2211382424	0.2698171023
0.2211382424	0.0486788598
-0.2211382424	0.2698171023
0.2935057857	0.3376616741
0.2935057857	0.0441558884
-0.2935057857	0.3376616741
0.5860401560	0.6119126462
0.5860401560	0.0258724903
-0.5860401560	0.6119126462
0.0383799818	0.0984812330
0.0383799818	0.0601012511
-0.0383799818	0.0984812330
0.2918014296	0.3360638402
0.2918014296	0.0442624107
-0.2918014296	0.3360638402
0.1389616803	0.1927765753
0.1389616803	0.0538148950
-0.1389616803	0.1927765753
0.3493805861	0.3900442995
0.3493805861	0.0406637134
-0.3493805861	0.3900442995
0.5373366280	0.5662530888
0.5373366280	0.0289164607
-0.5373366280	0.5662530888
0.3719978528	0.4112479870
0.3719978528	0.0392501342
-0.3719978528	0.4112479870
0.6318780247	0.6548856482
0.6318780247	0.0230076235
-0.6318780247	0.6548856482
0.6781449067	0.6982608501
0.6781449067	0.0201159433
-0.6781449067	0.6982608501
0.5831833953	0.6092344331
0.5831833953	0.0260510378
-0.5831833953	0.6092344331
0.1563302091	0.2090595710
0.1563302091	0.0527293619
-0.1563302091	0.2090595710
0.0318739101	0.0923817907
0.0318739101	0.0605078806
-0.0318739101	0.0923817907
0.5481319284	0.5763736829
0.5481319284	0.0282417545
-0.5481319284	0.5763736829
0.3772569932	0.4161784311
0.3772569932	0.0389214379
-0.3772569932	0.4161784311
0.2547050626	0.3012859962
0.2547050626	0.0465809336
-0.2547050626	0.3012859962
0.1521596776	0.2051496978
0.1521596776	0.0529900201
-0.1521596776	0.2051496978
0.4458406917	0.4804756485
0.4458406917	0.0346349568
-0.4458406917	0.4804756485
0.3545834755	0.3949220083
0.3545834755	0.0403385328
-0.3545834755	0.3949220083
0.1414098708	0.1950717539
0.1414098708	0.0536618831
-0.1414098708	0.1950717539
0.3293662392	0.3712808493
0.3293662392	0.0419146100
-0.3293662392	0.3712808493
0.4409707972	0.4759101224
0.4409707972	0.0349393252
-0.4409707972	0.4759101224
0.6101404310	0.6345066541
0.6101404310	0.0243662231
-0.6101404310	0.6345066541
0.4344494460	0.4697963557
0.4344494460	0.0353469096
-0.4344494460	0.4697963557
0.5240969842	0.5538409227
0.5240969842	0.0297439385
-0.5240969842	0.5538409227
0.4961135772	0.5276064787
0.4961135772	0.0314929014
-0.4961135772	0.5276064787
0.4960051990	0.5275048741
0.4960051990	0.0314996751
-0.4960051990	0.5275048741
0.5186554972	0.5487395286
0.5186554972	0.0300840314
-0.5186554972	0.5487395286
0.1672608680	0.2193070637
0.1672608680	0.0520461958
-0.1672608680	0.2193070637
0.6691693093	0.6898462275
0.6691693093	0.0206769182
-0.6691693093	0.6898462275
0.2256998358	0.2740935961
0.2256998358	0.0483937603
-0.2256998358	0.2740935961
0.4903877851	0.5222385486
0.4903877851	0.0318507634
-0.4903877851	0.5222385486
0.6140923118	0.6382115424
0.6140923118	0.0241192305
-0.6140923118	0.6382115424
0.3101033552	0.3532218955
0.3101033552	0.0431185403
-0.3101033552	0.3532218955
0.1164398153	0.1716623269
0.1164398153	0.0552225115
-0.1164398153	0.1716623269
0.6057447634	0.6303857157
0.6057447634	0.0246409523
-0.6057447634	0.6303857157
0.5316773979	0.5609475605
0.5316773979	0.0292701626
-0.5316773979	0.5609475605
0.3297205518	0.3716130173
0.3297205518	0.0418924655
-0.3297205518	0.3716130173
0.6659603321	0.6868378113
0.6659603321	0.0208774792
-0.6659603321	0.6868378113
0.5584580503	0.5860544222
0.5584580503	0.0275963719
-0.5584580503	0.5860544222
0.1614223262	0.2138334308
0.1614223262	0.0524111046
-0.1614223262	0.2138334308
0.5197337008	0.5497503445
0.5197337008	0.0300166437
-0.5197337008	0.5497503445
0.2489486524	0.2958893617
0.2489486524	0.0469407092
-0.2489486524	0.2958893617
0.3959222378	0.4336770979
0.3959222378	0.0377548601
-0.3959222378	0.4336770979
0.2987490540	0.3425772381
0.2987490540	0.0438281841
-0.2987490540	0.3425772381
0.6204277947	0.6441510576
0.6204277947	0.0237232628
-0.6204277947	0.6441510576
0.4529504257	0.4871410241
0.4529504257	0.0341905984
-0.4529504257	0.4871410241
0.4215662082	0.4577183202
0.4215662082	0.0361521120
-0.4215662082	0.4577183202
0.2395871072	0.2871129130
0.2395871072	0.0475258058
-0.2395871072	0.2871129130
0.1556379564	0.2084105841
0.1556379564	0.0527726277
-0.1556379564	0.2084105841
0.1621449512	0.2145108918
0.1621449512	0.0523659405
-0.1621449512	0.2145108918
0.3796857798	0.4184554186
0.3796857798	0.0387696388
-0.3796857798	0.4184554186
0.2312803492	0.2793253273
0.2312803492	0.0480449782
-0.2312803492	0.2793253273
0.6921572445	0.7113974167
0.6921572445	0.0192401722
-0.6921572445	0.7113974167
0.2036380349	0.2534106577
0.2036380349	0.0497726228
-0.2036380349	0.2534106577
0.7050071208	0.7234441757
0.7050071208	0.0184370550
-0.7050071208	0.7234441757
0.5500435246	0.5781658043
0.5500435246	0.0281222797
-0.5500435246	0.5781658043
0.3349847345	0.3765481886
0.3349847345	0.0415634541
-0.3349847345	0.3765481886
0.5665189520	0.5936115175
0.5665189520	0.0270925655
-0.5665189520	0.5936115175
0.4995863867	0.5308622375
0.4995863867	0.0312758508
-0.4995863867	0.5308622375
0.1765938242	0.2280567102
0.1765938242	0.0514628860
-0.1765938242	0.2280567102
0.1669707972	0.2190351224
0.1669707972	0.0520643252
-0.1669707972	0.2190351224
0.2115021856	0.2607832990
0.2115021856	0.0492811134
-0.2115021856	0.2607832990
0.1073521066	0.1631426000
0.1073521066	0.0557904933
-0.1073521066	0.1631426000
0.3288709652	0.3708165299
0.3288709652	0.0419455647
-0.3288709652	0.3708165299
0.7098209666	0.7279571562
0.7098209666	0.0181361896
-0.7098209666	0.7279571562
0.2848419153	0.3295392956
0.2848419153	0.0446973803
-0.2848419153	0.3295392956
0.4912532291	0.5230499023
0.4912532291	0.0317966732
-0.4912532291	0.5230499023
0.4197317633	0.4559985281
0.4197317633	0.0362667648
-0.4197317633	0.4559985281
0.5682547266	0.5952388062
0.5682547266	0.0269840796
-0.5682547266	0.5952388062
0.2871733626	0.3317250274
0.2871733626	0.0445516648
-0.2871733626	0.3317250274
0.1951514118	0.2454544485
0.1951514118	0.0503030368
-0.1951514118	0.2454544485
0.2921285375	0.3363705039
0.2921285375	0.0442419664
-0.2921285375	0.3363705039
0.6160078523	0.6400073615
0.6160078523	0.0239995092
-0.6160078523	0.6400073615
0.2232938917	0.2718380235
0.2232938917	0.0485441318
-0.2232938917	0.2718380235
0.1538526496	0.2067368590
0.1538526496	0.0528842094
-0.1538526496	0.2067368590
0.0833050058	0.1405984430
0.0833050058	0.0572934371
-0.0833050058	0.1405984430
0.5500728765	0.5781933217
0.5500728765	0.0281204452
-0.5500728765	0.5781933217
0.4532101717	0.4873845359
0.4532101717	0.0341743643
-0.4532101717	0.4873845359
0.2282060485	0.2764431705
0.2282060485	0.0482371220
-0.2282060485	0.2764431705
0.4823052679	0.5146611887
0.4823052679	0.0323559208
-0.4823052679	0.5146611887
0.4109662884	0.4477808954
0.4109662884	0.0368146070
-0.4109662884	0.4477808954
0.3100457563	0.3531678965
0.3100457563	0.0431221402
-0.3100457563	0.3531678965
0.5412291647	0.5699023420
0.5412291647	0.0286731772
-0.5412291647	0.5699023420
0.6944930907	0.7135872725
0.6944930907	0.0190941818
-0.6944930907	0.7135872725
0.0286740098	0.0893818842
0.0286740098	0.0607078744
-0.0286740098	0.0893818842
0.5140975602	0.5444664627
0.5140975602	0.0303689025
-0.5140975602	0.5444664627
0.5299421118	0.5593207299
0.5299421118	0.0293786180
-0.5299421118	0.5593207299
0.0193201143	0.0806126071
0.0193201143	0.0612924929
-0.0193201143	0.0806126071
0.5385043208	0.5673478007
0.5385043208	0.0288434800
-0.5385043208	0.5673478007
0.4517066831	0.4859750154
0.4517066831	0.0342683323
-0.4517066831	0.4859750154
0.1919038390	0.2424098490
0.1919038390	0.0505060101
-0.1919038390	0.2424098490
0.0866134874	0.1437001444
0.0866134874	0.0570866570
-0.0866134874	0.1437001444
0.7142899896	0.7321468653
0.7142899896	0.0178568756
-0.7142899896	0.7321468653
0.1872266727	0.2380250056
0.1872266727	0.0507983330
-0.1872266727	0.2380250056
0.2527379768	0.2994418532
0.2527379768	0.0467038765
-0.2527379768	0.2994418532
0.0684675677	0.1266883447
0.0684675677	0.0582207770
-0.0684675677	0.1266883447
0.0860230987	0.1431466551
0.0860230987	0.0571235563
-0.0860230987	0.1431466551
0.3833758697	0.4219148778
0.3833758697	0.0385390081
-0.3833758697	0.4219148778
0.6830573620	0.7028662769
0.6830573620	0.0198089149
-0.6830573620	0.7028662769
0.6943951626	0.7134954650
0.6943951626	0.0191003023
-0.6943951626	0.7134954650
0.6607453349	0.6819487514
0.6607453349	0.0212034166
-0.6607453349	0.6819487514
0.1829347578	0.2340013354
0.1829347578	0.0510665776
-0.1829347578	0.2340013354
0.2319338254	0.2799379613
0.2319338254	0.0480041359
-0.2319338254	0.2799379613
0.2536504363	0.3002972840
0.2536504363	0.0466468477
-0.2536504363	0.3002972840
0.6246659231	0.6481243029
0.6246659231	0.0234583798
-0.6246659231	0.6481243029
0.2500445829	0.2969167965
0.2500445829	0.0468722136
-0.2500445829	0.2969167965
0.7089722380	0.7271614731
0.7089722380	0.0181892351
-0.7089722380	0.7271614731
0.6066498817	0.6312342641
0.6066498817	0.0245843824
-0.6066498817	0.6312342641
0.6360040274	0.6587537757
0.6360040274	0.0227497483
-0.6360040274	0.6587537757
0.1066341909	0.1624695540
0.1066341909	0.0558353631
-0.1066341909	0.1624695540
0.3878161376	0.4260776290
0.3878161376	0.0382614914
-0.3878161376	0.4260776290
0.2624684614	0.3085641826
0.2624684614	0.0460957212
-0.2624684614	0.3085641826
0.1157647673	0.1710294694
0.1157647673	0.0552647020
-0.1157647673	0.1710294694
0.6554503648	0.6769847170
0.6554503648	0.0215343522
-0.6554503648	0.6769847170
0.3617368921	0.4016283364
0.3617368921	0.0398914442
-0.3617368921	0.4016283364
0.4592193300	0.4930181219
0.4592193300	0.0337987919
-0.4592193300	0.4930181219
0.7101794813	0.7282932637
0.7101794813	0.0181137824
-0.7101794813	0.7282932637
0.4297729426	0.4654121337
0.4297729426	0.0356391911
-0.4297729426	0.4654121337
0.2942866232	0.3383937093
0.2942866232	0.0441070860
-0.2942866232	0.3383937093
0.0876263884	0.1446497392
0.0876263884	0.0570233507
-0.0876263884	0.1446497392
0.2397014208	0.2872200820
0.2397014208	0.0475186612
-0.2397014208	0.2872200820
0.4774846666	0.5101418749
0.4774846666	0.0326572083
-0.4774846666	0.5101418749
0.6753962633	0.6956839968
0.6753962633	0.0202877335
-0.6753962633	0.6956839968
0.4549174095	0.4889850714
0.4549174095	0.0340676619
-0.4549174095	0.4889850714
0.0961461731	0.1526370373
0.0961461731	0.0564908642
-0.0961461731	0.1526370373
0.0601014108	0.1188450726
0.0601014108	0.0587436618
-0.0601014108	0.1188450726
0.3601448533	0.4001358000
0.3601448533	0.0399909467
-0.3601448533	0.4001358000
0.3628029270	0.4026277441
0.3628029270	0.0398248171
-0.3628029270	0.4026277441
0.0457834165	0.1054219529
0.0457834165	0.0596385365
-0.0457834165	0.1054219529
0.7116719791	0.7296924804
0.7116719791	0.0180205013
-0.7116719791	0.7296924804
0.1092982228	0.1649670839
0.1092982228	0.0556688611
-0.1092982228	0.1649670839
0.6704953975	0.6910894352
0.6704953975	0.0205940377
-0.6704953975	0.6910894352
0.5998812385	0.6248886611
0.5998812385	0.0250074226
-0.5998812385	0.6248886611
0.6075851227	0.6321110525
0.6075851227	0.0245259298
-0.6075851227	0.6321110525
0.2770962673	0.3222777506
0.2770962673	0.0451814833
-0.2770962673	0.3222777506
0.6542917033	0.6758984718
0.6542917033	0.0216067685
-0.6542917033	0.6758984718
0.1920288038	0.2425270035
0.1920288038	0.0504981998
-0.1920288038	0.2425270035
0.2785775073	0.3236664131
0.2785775073	0.0450889058
-0.2785775073	0.3236664131
0.1484555212	0.2016770511
0.1484555212	0.0532215299
-0.1484555212	0.2016770511
0.3411200093	0.3823000087
0.3411200093	0.0411799994
-0.3411200093	0.3823000087
0.4390254131	0.4740863248
0.4390254131	0.0350609117
-0.4390254131	0.4740863248
0.1798360372	0.2310962849
0.1798360372	0.0512602477
-0.1798360372	0.2310962849
0.1337055109	0.1878489165
0.1337055109	0.0541434056
-0.1337055109	0.1878489165
0.1255367630	0.1801907153
0.1255367630	0.0546539523
-0.1255367630	0.1801907153
0.6451206617	0.6673006204
0.6451206617	0.0221799586
-0.6451206617	0.6673006204
0.2154589492	0.2644927648
0.2154589492	0.0490338157
-0.2154589492	0.2644927648
0.0331856743	0.0936115697
0.0331856743	0.0604258954
-0.0331856743	0.0936115697
0.4688387076	0.5020362884
0.4688387076	0.0331975808
-0.4688387076	0.5020362884
0.1363479584	0.1903262110
0.1363479584	0.0539782526
-0.1363479584	0.1903262110
0.1451863679	0.1986122199
0.1451863679	0.0534258520
-0.1451863679	0.1986122199
0.1625403082	0.2148815390
0.1625403082	0.0523412307
-0.1625403082	0.2148815390
0.2097979623	0.2591855897
0.2097979623	0.0493876274
-0.2097979623	0.2591855897
0.3267828276	0.3688589009
0.3267828276	0.0420760733
-0.3267828276	0.3688589009
0.4660172202	0.4993911439
0.4660172202	0.0333739237
-0.4660172202	0.4993911439
0.6947721161	0.7138488588
0.6947721161	0.0190767427
-0.6947721161	0.7138488588
0.1174087129	0.1725706684
0.1174087129	0.0551619554
-0.1174087129	0.1725706684
0.5262402369	0.5558502221
0.5262402369	0.0296099852
-0.5262402369	0.5558502221
0.2048643929	0.2545603684
0.2048643929	0.0496959754
-0.2048643929	0.2545603684
0.4183451535	0.4546985814
0.4183451535	0.0363534279
-0.4183451535	0.4546985814
0.1330064862	0.1871935808
0.1330064862	0.0541870946
-0.1330064862	0.1871935808
0.1513591960	0.2043992462
0.1513591960	0.0530400503
-0.1513591960	0.2043992462
0.1614934857	0.2139001428
0.1614934857	0.0524066571
-0.1614934857	0.2139001428
0.1281329325	0.1826246243
0.1281329325	0.0544916917
-0.1281329325	0.1826246243
0.4160825229	0.4525773652
0.4160825229	0.0364948423
-0.4160825229	0.4525773652
0.6929868977	0.7121752166
0.6929868977	0.0191883189
-0.6929868977	0.7121752166
0.3979995892	0.4356246149
0.3979995892	0.0376250257
-0.3979995892	0.4356246149
0.4950606647	0.5266193731
0.4950606647	0.0315587085
-0.4950606647	0.5266193731
0.2464180408	0.2935169132
0.2464180408	0.0470988725
-0.2464180408	0.2935169132
0.5128525372	0.5432992536
0.5128525372	0.0304467164
-0.5128525372	0.5432992536
0.0247497895	0.0857029277
0.0247497895	0.0609531382
-0.0247497895	0.0857029277
0.4509807649	0.4852944671
0.4509807649	0.0343137022
-0.4509807649	0.4852944671
0.2166191431	0.2655804466
0.2166191431	0.0489613036
-0.2166191431	0.2655804466
0.5334403316	0.5626003109
0.5334403316	0.0291599793
-0.5334403316	0.5626003109
0.1893421242	0.2400082414
0.1893421242	0.0506661172
-0.1893421242	0.2400082414
0.6453727257	0.6675369303
0.6453727257	0.0221642046
-0.6453727257	0.6675369303
0.2154427939	0.2644776193
0.2154427939	0.0490348254
-0.2154427939	0.2644776193
0.6042500488	0.6289844207
0.6042500488	0.0247343720
-0.6042500488	0.6289844207
0.3981889387	0.4358021300
0.3981889387	0.0376131913
-0.3981889387	0.4358021300
0.5418661726	0.5704995369
0.5418661726	0.0286333642
-0.5418661726	0.5704995369
0.0345836713	0.0949221918
0.0345836713	0.0603385205
-0.0345836713	0.0949221918
0.6701493452	0.6907650112
0.6701493452	0.0206156659
-0.6701493452	0.6907650112
0.6500850492	0.6719547336
0.6500850492	0.0218696844
-0.6500850492	0.6719547336
0.5846190382	0.6105803483
0.5846190382	0.0259613101
-0.5846190382	0.6105803483
0.5444750127	0.5729453244
0.5444750127	0.0284703117
-0.5444750127	0.5729453244
0.6345450842	0.6573860164
0.6345450842	0.0228409322
-0.6345450842	0.6573860164
0.5096904967	0.5403348407
0.5096904967	0.0306443440
-0.5096904967	0.5403348407
0.3808010076	0.4195009446
0.3808010076	0.0386999370
-0.3808010076	0.4195009446
0.4928164276	0.5245154009
0.4928164276	0.0316989733
-0.4928164276	0.5245154009
0.5000456477	0.5312927948
0.5000456477	0.0312471470
-0.5000456477	0.5312927948
0.2268617757	0.2751829147
0.2268617757	0.0483211390
-0.2268617757	0.2751829147
0.1521354690	0.2051270022
0.1521354690	0.0529915332
-0.1521354690	0.2051270022
0.4502169969	0.4845784346
0.4502169969	0.0343614377
-0.4502169969	0.4845784346
0.5906057619	0.6161929018
0.5906057619	0.0255871399
-0.5906057619	0.6161929018
0.0942258186	0.1508367049
0.0942258186	0.0566108863
-0.0942258186	0.1508367049
0.2789232896	0.3239905840
0.2789232896	0.0450672944
-0.2789232896	0.3239905840
0.3037492927	0.3472649619
0.3037492927	0.0435156692
-0.3037492927	0.3472649619
0.3247596117	0.3669621360
0.3247596117	0.0422025243
-0.3247596117	0.3669621360
0.3218868087	0.3642688831
0.3218868087	0.0423820745
-0.3218868087	0.3642688831
0.3362129566	0.3776996469
0.3362129566	0.0414866902
-0.3362129566	0.3776996469
0.0555435296	0.1145720590
0.0555435296	0.0590285294
-0.0555435296	0.1145720590
0.4822828569	0.5146401783
0.4822828569	0.0323573214
-0.4822828569	0.5146401783
0.2096945494	0.2590886401
0.2096945494	0.0493940907
-0.2096945494	0.2590886401
0.1001956442	0.1564334165
0.1001956442	0.0562377722
-0.1001956442	0.1564334165
0.5419149314	0.5705452482
0.5419149314	0.0286303168
-0.5419149314	0.5705452482
0.2784663659	0.3235622180
0.2784663659	0.0450958521
-0.2784663659	0.3235622180
0.0504134176	0.1097625790
0.0504134176	0.0593491614
-0.0504134176	0.1097625790
0.2935214346	0.3376763449
0.2935214346	0.0441549103
-0.2935214346	0.3376763449
0.5804894348	0.6067088451
0.5804894348	0.0262194103
-0.5804894348	0.6067088451
0.4438854346	0.4786425949
0.4438854346	0.0347571603
-0.4438854346	0.4786425949
0.7051077999	0.7235385624
0.7051077999	0.0184307625
-0.7051077999	0.7235385624
0.2925422033	0.3367583156
0.2925422033	0.0442161123
-0.2925422033	0.3367583156
0.6913443706	0.7106353475
0.6913443706	0.0192909768
-0.6913443706	0.7106353475
0.0587580306	0.1175856537
0.0587580306	0.0588276231
-0.0587580306	0.1175856537
0.5492954085	0.5774644455
0.5492954085	0.0281690370
-0.5492954085	0.5774644455
0.4250498560	0.4609842400
0.4250498560	0.0359343840
-0.4250498560	0.4609842400
0.1923384854	0.2428173300
0.1923384854	0.0504788447
-0.1923384854	0.2428173300
0.1903056385	0.2409115361
0.1903056385	0.0506058976
-0.1903056385	0.2409115361
0.3826386710	0.4212237541
0.3826386710	0.0385850831
-0.3826386710	0.4212237541
0.0683791314	0.1266054357
0.0683791314	0.0582263043
-0.0683791314	0.1266054357
0.6231803361	0.6467315651
0.6231803361	0.0235512290
-0.6231803361	0.6467315651
0.5609855625	0.5884239648
0.5609855625	0.0274384023
-0.5609855625	0.5884239648
0.3542695259	0.3946276806
0.3542695259	0.0403581546
-0.3542695259	0.3946276806
0.2420177715	0.2893916608
0.2420177715	0.0473738893
-0.2420177715	0.2893916608
0.0104514409	0.0722982259
0.0104514409	0.0618467849
-0.0104514409	0.0722982259
0.0163884189	0.0778641427
0.0163884189	0.0614757238
-0.0163884189	0.0778641427
0.5766473263	0.6031068684
0.5766473263	0.0264595421
-0.5766473263	0.6031068684
0.6465291766	0.6686211031
0.6465291766	0.0220919265
-0.6465291766	0.6686211031
0.6960043421	0.7150040707
0.6960043421	0.0189997286
-0.6960043421	0.7150040707
0.5927599930	0.6182124934
0.5927599930	0.0254525004
-0.5927599930	0.6182124934
0.4300127232	0.4656369280
0.4300127232	0.0356242048
-0.4300127232	0.4656369280
0.2121913233	0.2614293656
0.2121913233	0.0492380423
-0.2121913233	0.2614293656
0.4103125865	0.4471680499
0.4103125865	0.0368554633
-0.4103125865	0.4471680499
0.1713458624	0.2231367460
0.1713458624	0.0517908836
-0.1713458624	0.2231367460
0.0009941833	0.0634320469
0.0009941833	0.0624378635
-0.0009941833	0.0634320469
0.1803585887	0.2315861769
0.1803585887	0.0512275882
-0.1803585887	0.2315861769
0.6672902493	0.6880846087
0.6672902493	0.0207943594
-0.6672902493	0.6880846087
0.3984856602	0.4360803065
0.3984856602	0.0375946462
-0.3984856602	0.4360803065
0.3340478886	0.3756698955
0.3340478886	0.0416220070
-0.3340478886	0.3756698955
0.0103204996	0.0721754684
0.0103204996	0.0618549688
-0.0103204996	0.0721754684
0.0543529950	0.1134559328
0.0543529950	0.0591029378
-0.0543529950	0.1134559328
0.3432709843	0.3843165478
0.3432709843	0.0410455635
-0.3432709843	0.3843165478
0.4595714312	0.4933482168
0.4595714312	0.0337767855
-0.4595714312	0.4933482168
0.1420529202	0.1956746127
0.1420529202	0.0536216925
-0.1420529202	0.1956746127
0.0192342462	0.0805321058
0.0192342462	0.0612978596
-0.0192342462	0.0805321058
0.4007414157	0.4381950772
0.4007414157	0.0374536615
-0.4007414157	0.4381950772
0.5121875825	0.5426758586
0.5121875825	0.0304882761
-0.5121875825	0.5426758586
0.4211291130	0.4573085435
0.4211291130	0.0361794304
-0.4211291130	0.4573085435
0.3688434341	0.4082907194
0.3688434341	0.0394472854
-0.3688434341	0.4082907194
0.3798045307	0.4185667475
0.3798045307	0.0387622168
-0.3798045307	0.4185667475
0.1681705751	0.2201599142
0.1681705751	0.0519893391
-0.1681705751	0.2201599142
0.2409454434	0.2883863532
0.2409454434	0.0474409098
-0.2409454434	0.2883863532
0.2902827430	0.3346400716
0.2902827430	0.0443573286
-0.2902827430	0.3346400716
0.1877660387	0.2385306613
0.1877660387	0.0507646226
-0.1877660387	0.2385306613
0.0790793169	0.1366368596
0.0790793169	0.0575575427
-0.0790793169	0.1366368596
0.2259415820	0.2743202331
0.2259415820	0.0483786511
-0.2259415820	0.2743202331
0.0160623069	0.0775584127
0.0160623069	0.0614961058
-0.0160623069	0.0775584127
0.1365993603	0.1905619003
0.1365993603	0.0539625400
-0.1365993603	0.1905619003
0.1263409213	0.1809446137
0.1263409213	0.0546036924
-0.1263409213	0.1809446137
0.1860502865	0.2369221436
0.1860502865	0.0508718571
-0.1860502865	0.2369221436
0.1557554539	0.2085207380
0.1557554539	0.0527652841
-0.1557554539	0.2085207380
0.5488586188	0.5770549551
0.5488586188	0.0281963363
-0.5488586188	0.5770549551
0.5435021815	0.5720332952
0.5435021815	0.0285311137
-0.5435021815	0.5720332952
0.0423775312	0.1022289355
0.0423775312	0.0598514043
-0.0423775312	0.1022289355
0.5193125868	0.5493555501
0.5193125868	0.0300429633
-0.5193125868	0.5493555501
0.0181326197	0.0794993310
0.0181326197	0.0613667113
-0.0181326197	0.0794993310
0.4531584440	0.4873360413
0.4531584440	0.0341775972
-0.4531584440	0.4873360413
0.0054082407	0.0675702256
0.0054082407	0.0621619850
-0.0054082407	0.0675702256
0.2898607087	0.3342444144
0.2898607087	0.0443837057
-0.2898607087	0.3342444144
0.4105104066	0.4473535062
0.4105104066	0.0368430996
-0.4105104066	0.4473535062
0.2749366550	0.3202531141
0.2749366550	0.0453164591
-0.2749366550	0.3202531141
0.2509653317	0.2977799985
0.2509653317	0.0468146668
-0.2509653317	0.2977799985
0.1900503818	0.2406722329
0.1900503818	0.0506218511
-0.1900503818	0.2406722329
0.6056113712	0.6302606605
0.6056113712	0.0246492893
-0.6056113712	0.6302606605
0.3286739337	0.3706318129
0.3286739337	0.0419578791
-0.3286739337	0.3706318129
0.6498011658	0.6716885929
0.6498011658	0.0218874271
-0.6498011658	0.6716885929
0.6974153908	0.7163269289
0.6974153908	0.0189115381
-0.6974153908	0.7163269289
0.2704691304	0.3160648098
0.2704691304	0.0455956793
-0.2704691304	0.3160648098
0.4669739962	0.5002881215
0.4669739962	0.0333141252
-0.4669739962	0.5002881215
0.0366535035	0.0968626595
0.0366535035	0.0602091560
-0.0366535035	0.0968626595
0.2429830178	0.2902965792
0.2429830178	0.0473135614
-0.2429830178	0.2902965792
0.6135535878	0.6377064886
0.6135535878	0.0241529008
-0.6135535878	0.6377064886
0.3386556287	0.3799896519
0.3386556287	0.0413340232
-0.3386556287	0.3799896519
0.5600113843	0.5875106728
0.5600113843	0.0274992885
-0.5600113843	0.5875106728
0.0739042213	0.1317852075
0.0739042213	0.0578809862
-0.0739042213	0.1317852075
0.5911965524	0.6167467679
0.5911965524	0.0255502155
-0.5911965524	0.6167467679
0.3938361182	0.4317213608
0.3938361182	0.0378852426
-0.3938361182	0.4317213608
0.6226246087	0.6462105707
0.6226246087	0.0235859620
-0.6226246087	0.6462105707
0.2058875878	0.2555196136
0.2058875878	0.0496320258
-0.2058875878	0.2555196136
0.0898127160	0.1466994213
0.0898127160	0.0568867052
-0.0898127160	0.1466994213
0.6715869139	0.6921127317
0.6715869139	0.0205258179
-0.6715869139	0.6921127317
0.2711140713	0.3166694418
0.2711140713	0.0455553705
-0.2711140713	0.3166694418
0.4075542891	0.4445821460
0.4075542891	0.0370278569
-0.4075542891	0.4445821460
0.2023944767	0.2522448219
0.2023944767	0.0498503452
-0.2023944767	0.2522448219
0.0701359770	0.1282524784
0.0701359770	0.0581165014
-0.0701359770	0.1282524784
0.5576162234	0.5852652094
0.5576162234	0.0276489860
-0.5576162234	0.5852652094
0.1297072059	0.1841005056
0.1297072059	0.0543932996
-0.1297072059	0.1841005056
0.0429471137	0.1027629191
0.0429471137	0.0598158054
-0.0429471137	0.1027629191
0.6036898467	0.6284592313
0.6036898467	0.0247693846
-0.6036898467	0.6284592313
0.0336037899	0.0940035530
0.0336037899	0.0603997631
-0.0336037899	0.0940035530
0.4155352262	0.4520642745
0.4155352262	0.0365290484
-0.4155352262	0.4520642745
0.4245398196	0.4605060809
0.4245398196	0.0359662613
-0.4245398196	0.4605060809
0.5855483836	0.6114516096
0.5855483836	0.0259032260
-0.5855483836	0.6114516096
0.6790990229	0.6991553340
0.6790990229	0.0200563111
-0.6790990229	0.6991553340
0.0754897265	0.1332716186
0.0754897265	0.0577818921
-0.0754897265	0.1332716186
0.2679541132	0.3137069812
0.2679541132	0.0457528679
-0.2679541132	0.3137069812
0.1797856080	0.2310490075
0.1797856080	0.0512633995
-0.1797856080	0.2310490075
0.0721239372	0.1301161911
0.0721239372	0.0579922539
-0.0721239372	0.1301161911
0.6463425625	0.6684461524
0.6463425625	0.0221035898
-0.6463425625	0.6684461524
0.6045043343	0.6292228134
0.6045043343	0.0247184791
-0.6045043343	0.6292228134
0.3800918344	0.4188360948
0.3800918344	0.0387442603
-0.3800918344	0.4188360948
0.3373158624	0.3787336210
0.3373158624	0.0414177586
-0.3373158624	0.3787336210
0.3424254096	0.3835238215
0.3424254096	0.0410984119
-0.3424254096	0.3835238215
0.2533857144	0.3000491072
0.2533857144	0.0466633929
-0.2533857144	0.3000491072
0.2573908912	0.3038039605
0.2573908912	0.0464130693
-0.2573908912	0.3038039605
0.5097970654	0.5404347488
0.5097970654	0.0306376834
-0.5097970654	0.5404347488
0.3726973489	0.4119037646
0.3726973489	0.0392064157
-0.3726973489	0.4119037646
0.4584539360	0.4923005650
0.4584539360	0.0338466290
-0.4584539360	0.4923005650
0.0455106736	0.1051662565
0.0455106736	0.0596555829
-0.0455106736	0.1051662565
0.1367530772	0.1907060099
0.1367530772	0.0539529327
-0.1367530772	0.1907060099
0.4782170952	0.5108285267
0.4782170952	0.0326114316
-0.4782170952	0.5108285267
0.2861359687	0.3307524706
0.2861359687	0.0446165020
-0.2861359687	0.3307524706
0.0097935060	0.0716814119
0.0097935060	0.0618879059
-0.0097935060	0.0716814119
0.3510219264	0.3915830560
0.3510219264	0.0405611296
-0.3510219264	0.3915830560
0.4520303780	0.4862784794
0.4520303780	0.0342481014
-0.4520303780	0.4862784794
0.4220878137	0.4582073253
0.4220878137	0.0361195116
-0.4220878137	0.4582073253
0.0213350749	0.0825016328
0.0213350749	0.0611665578
-0.0213350749	0.0825016328
0.4872365902	0.5192843034
0.4872365902	0.0320477131
-0.4872365902	0.5192843034
0.1858476535	0.2367321751
0.1858476535	0.0508845217
-0.1858476535	0.2367321751
0.1502003880	0.2033128638
0.1502003880	0.0531124757
-0.1502003880	0.2033128638
0.2620981386	0.3082170049
0.2620981386	0.0461188663
-0.2620981386	0.3082170049
0.4685994463	0.5018119809
0.4685994463	0.0332125346
-0.4685994463	0.5018119809
0.1658563301	0.2179903095
0.1658563301	0.0521339794
-0.1658563301	0.2179903095
0.5922672427	0.6177505400
0.5922672427	0.0254832973
-0.5922672427	0.6177505400
0.0776268778	0.1352751979
0.0776268778	0.0576483201
-0.0776268778	0.1352751979
0.6974648596	0.7163733059
0.6974648596	0.0189084463
-0.6974648596	0.7163733059
0.2212775913	0.2699477419
0.2212775913	0.0486701505
-0.2212775913	0.2699477419
0.0392191952	0.0992679955
0.0392191952	0.0600488003
-0.0392191952	0.0992679955
0.1801383032	0.2313796592
0.1801383032	0.0512413561
-0.1801383032	0.2313796592
0.6594858312	0.6807679668
0.6594858312	0.0212821355
-0.6594858312	0.6807679668
0.2736470136	0.3190440753
0.2736470136	0.0453970616
-0.2736470136	0.3190440753
0.2224824950	0.2710773391
0.2224824950	0.0485948441
-0.2224824950	0.2710773391
0.1134127218	0.1688244267
0.1134127218	0.0554117049
-0.1134127218	0.1688244267
0.1059814821	0.1618576395
0.1059814821	0.0558761574
-0.1059814821	0.1618576395
0.0515477534	0.1108260188
0.0515477534	0.0592782654
-0.0515477534	0.1108260188
0.6659243616	0.6868040890
0.6659243616	0.0208797274
-0.6659243616	0.6868040890
0.2848430511	0.3295403604
0.2848430511	0.0446973093
-0.2848430511	0.3295403604
0.1100784125	0.1656985117
0.1100784125	0.0556200992
-0.1100784125	0.1656985117
0.3851228506	0.4235526724
0.3851228506	0.0384298218
-0.3851228506	0.4235526724
0.3389117650	0.3802297797
0.3389117650	0.0413180147
-0.3389117650	0.3802297797
0.4775156367	0.5101709094
0.4775156367	0.0326552727
-0.4775156367	0.5101709094
0.1125638392	0.1680285993
0.1125638392	0.0554647600
-0.1125638392	0.1680285993
0.3866105388	0.4249473801
0.3866105388	0.0383368413
-0.3866105388	0.4249473801
0.4119668802	0.4487189502
0.4119668802	0.0367520700
-0.4119668802	0.4487189502
0.0210231816	0.0822092327
0.0210231816	0.0611860512
-0.0210231816	0.0822092327
0.6103845539	0.6347355193
0.6103845539	0.0243509654
-0.6103845539	0.6347355193
0.4436751707	0.4784454725
0.4436751707	0.0347703018
-0.4436751707	0.4784454725
0.3814741095	0.4201319777
0.3814741095	0.0386578682
-0.3814741095	0.4201319777
0.4906146203	0.5224512065
0.4906146203	0.0318365862
-0.4906146203	0.5224512065
0.0489437881	0.1083848013
0.0489437881	0.0594410132
-0.0489437881	0.1083848013
0.5346457311	0.5637303729
0.5346457311	0.0290846418
-0.5346457311	0.5637303729
0.5479778556	0.5762292396
0.5479778556	0.0282513840
-0.5479778556	0.5762292396
0.0026862326	0.0650183431
0.0026862326	0.0623321105
-0.0026862326	0.0650183431
0.7072077378	0.7255072542
0.7072077378	0.0182995164
-0.7072077378	0.7255072542
0.1858657113	0.2367491043
0.1858657113	0.0508833930
-0.1858657113	0.2367491043
0.4522545831	0.4864886716
0.4522545831	0.0342340886
-0.4522545831	0.4864886716
0.5400882868	0.5688327689
0.5400882868	0.0287444821
-0.5400882868	0.5688327689
0.6471510255	0.6692040864
0.6471510255	0.0220530609
-0.6471510255	0.6692040864
0.0273420784	0.0881331985
0.0273420784	0.0607911201
-0.0273420784	0.0881331985
0.3166185737	0.3593299128
0.3166185737	0.0427113391
-0.3166185737	0.3593299128
0.2033179250	0.2531105547
0.2033179250	0.0497926297
-0.2033179250	0.2531105547
0.3391624390	0.3804647865
0.3391624390	0.0413023476
-0.3391624390	0.3804647865
0.2167018301	0.2656579657
0.2167018301	0.0489561356
-0.2167018301	0.2656579657
0.1407071994	0.1944129995
0.1407071994	0.0537058000
-0.1407071994	0.1944129995
0.0929687913	0.1496582418
0.0929687913	0.0566894505
-0.0929687913	0.1496582418
0.6134756262	0.6376333996
0.6134756262	0.0241577734
-0.6134756262	0.6376333996
0.3426092392	0.3836961617
0.3426092392	0.0410869226
-0.3426092392	0.3836961617
0.5159544044	0.5462072542
0.5159544044	0.0302528497
-0.5159544044	0.5462072542
0.3140258831	0.3568992654
0.3140258831	0.0428733823
-0.3140258831	0.3568992654
0.3832069590	0.4217565240
0.3832069590	0.0385495651
-0.3832069590	0.4217565240
0.4648985678	0.4983424073
0.4648985678	0.0334438395
-0.4648985678	0.4983424073
0.6042262259	0.6289620868
0.6042262259	0.0247358609
-0.6042262259	0.6289620868
0.0431078203	0.1029135816
0.0431078203	0.0598057612
-0.0431078203	0.1029135816
0.5781113906	0.6044794287
0.5781113906	0.0263680381
-0.5781113906	0.6044794287
0.2822533440	0.3271125100
0.2822533440	0.0448591660
-0.2822533440	0.3271125100
0.6153463048	0.6393871608
0.6153463048	0.0240408559
-0.6153463048	0.6393871608
0.4043481075	0.4415763508
0.4043481075	0.0372282433
-0.4043481075	0.4415763508
0.2905834689	0.3349220021
0.2905834689	0.0443385332
-0.2905834689	0.3349220021
0.6432175304	0.6655164347
0.6432175304	0.0222989044
-0.6432175304	0.6655164347
0.3814806368	0.4201380970
0.3814806368	0.0386574602
-0.3814806368	0.4201380970
0.2671614991	0.3129639054
0.2671614991	0.0458024063
-0.2671614991	0.3129639054
0.6082503128	0.6327346682
0.6082503128	0.0244843555
-0.6082503128	0.6327346682
0.2879309543	0.3324352697
0.2879309543	0.0445043154
-0.2879309543	0.3324352697
0.2631523074	0.3092052882
0.2631523074	0.0460529808
-0.2631523074	0.3092052882
0.2003926870	0.2503681441
0.2003926870	0.0499754571
-0.2003926870	0.2503681441
0.3172158204	0.3598898317
0.3172158204	0.0426740112
-0.3172158204	0.3598898317
0.0174431317	0.0788529360
0.0174431317	0.0614098043
-0.0174431317	0.0788529360
0.0129443211	0.0746353011
0.0129443211	0.0616909799
-0.0129443211	0.0746353011
0.3368621773	0.3783082912
0.3368621773	0.0414461139
-0.3368621773	0.3783082912
0.3222931165	0.3646497967
0.3222931165	0.0423566802
-0.3222931165	0.3646497967
0.3132074486	0.3561319831
0.3132074486	0.0429245345
-0.3132074486	0.3561319831
0.2588807959	0.3052007461
0.2588807959	0.0463199503
-0.2588807959	0.3052007461
0.5118789720	0.5423865363
0.5118789720	0.0305075642
-0.5118789720	0.5423865363
0.3713210093	0.4106134463
0.3713210093	0.0392924369
-0.3713210093	0.4106134463
0.6029953925	0.6278081805
0.6029953925	0.0248127880
-0.6029953925	0.6278081805
0.1468903124	0.2002096679
0.1468903124	0.0533193555
-0.1468903124	0.2002096679
0.4873522357	0.5193927210
0.4873522357	0.0320404853
-0.4873522357	0.5193927210
0.6209013290	0.6445949960
0.6209013290	0.0236936669
-0.6209013290	0.6445949960
0.2211930261	0.2698684620
0.2211930261	0.0486754359
-0.2211930261	0.2698684620
0.6546947646	0.6762763418
0.6546947646	0.0215815772
-0.6546947646	0.6762763418
0.4721111910	0.5051042415
0.4721111910	0.0329930506
-0.4721111910	0.5051042415
0.6845990813	0.7043116387
0.6845990813	0.0197125574
-0.6845990813	0.7043116387
0.1286551671	0.1831142192
0.1286551671	0.0544590521
-0.1286551671	0.1831142192
0.2305504012	0.2786410011
0.2305504012	0.0480905999
-0.2305504012	0.2786410011
0.1792323188	0.2305302988
0.1792323188	0.0512979801
-0.1792323188	0.2305302988
0.1533920624	0.2063050585
0.1533920624	0.0529129961
-0.1533920624	0.2063050585
0.2001495110	0.2501401665
0.2001495110	0.0499906556
-0.2001495110	0.2501401665
