0.3698421200	0.4092269875	0.2068721846	-0.3165316114
0.3698421200	0.0393848675	0.2270512674	0.3210295664
0.3469660460	0.3877806681	0.1940763910	-0.2969529853
0.3469660460	0.0408146221	0.2130073245	0.3011727255
0.3837703255	0.4222846802	0.2146629638	-0.3284521501
0.3837703255	0.0385143547	0.2356019882	0.3331194976
0.3172814421	0.3599513520	0.1774722280	-0.2715472378
0.3172814421	0.0426699099	0.1947835296	0.2754059591
0.2917844189	0.3360478928	0.1632103995	-0.2497254566
0.2917844189	0.0442634738	0.1791305493	0.2532740876
0.4699015535	0.5030327064	0.2628406978	-0.4021680816
0.4699015535	0.0331311529	0.2884791577	0.4078829420
0.3340439477	0.3756662010	0.1868483806	-0.2858935294
0.3340439477	0.0416222533	0.2050742671	0.2899561134
0.4499115289	0.4842920583	0.2516592238	-0.3850594984
0.4499115289	0.0343805294	0.2762070011	0.3905312435
0.4113148131	0.4481076373	0.2300700470	-0.3520262662
0.4113148131	0.0367928242	0.2525119357	0.3570286048
0.4714300211	0.5044656448	0.2636956502	-0.4034762298
0.4714300211	0.0330356237	0.2894175054	0.4092096791
0.4350177636	0.4703291534	0.2433283561	-0.3723125794
0.4350177636	0.0353113898	0.2670635096	0.3776031892
0.4346667621	0.4700000894	0.2431320224	-0.3720121726
0.4346667621	0.0353333274	0.2668480248	0.3772985136
0.4375286091	0.4726830711	0.2447328043	-0.3744615017
0.4375286091	0.0351544619	0.2686049529	0.3797826480
0.2389570269	0.2865222128	0.1336612557	-0.2045128142
0.2389570269	0.0475651858	0.1466990721	0.2074189677
0.2409122008	0.2883551883	0.1347548875	-0.2061861616
0.2409122008	0.0474429874	0.1478993808	0.2091160936
0.4500201861	0.4843939245	0.2517200015	-0.3851524933
0.4500201861	0.0343737384	0.2762737073	0.3906255599
0.2551233832	0.3016781718	0.1427039506	-0.2183488878
0.2551233832	0.0465547885	0.1566238250	0.2214516537
0.2487072805	0.2956630755	0.1391150863	-0.2128576276
0.2487072805	0.0469557950	0.1526848896	0.2158823620
0.2583405086	0.3046942268	0.1445034583	-0.2211022840
0.2583405086	0.0463537182	0.1585988634	0.2242441760
0.3458277845	0.3867135479	0.1934397014	-0.2959787973
0.3458277845	0.0408857635	0.2123085298	0.3001846942
0.3766016001	0.4155640001	0.2106531179	-0.3223167532
0.3766016001	0.0389624000	0.2312010071	0.3268969159
0.2918074995	0.3360695308	0.1632233097	-0.2497452103
0.2918074995	0.0442620313	0.1791447188	0.2532941219
0.4126618564	0.4493704903	0.2308235192	-0.3531791412
0.4126618564	0.0367086340	0.2533389044	0.3581978624
0.3275078120	0.3695385737	0.1831923755	-0.2802995382
0.3275078120	0.0420307618	0.2010616416	0.2842826309
0.4321132678	0.4676061885	0.2417037185	-0.3698267491
0.4321132678	0.0354929208	0.2652803988	0.3750820350
0.4341718938	0.4695361505	0.2428552165	-0.3715886367
0.4341718938	0.0353642566	0.2665442182	0.3768689591
0.4332803761	0.4687003526	0.2423565437	-0.3708256258
0.4332803761	0.0354199765	0.2659969030	0.3760951058
0.4657896642	0.4991778102	0.2605407014	-0.3986488963
0.4657896642	0.0333881460	0.2859548111	0.4043137486
0.4705659269	0.5036555564	0.2632123168	-0.4027366896
0.4705659269	0.0330896296	0.2888870258	0.4084596299
0.4296241691	0.4652726585	0.2403114345	-0.3676964390
0.4296241691	0.0356484894	0.2637523062	0.3729214528
0.4098646021	0.4467480645	0.2292588675	-0.3507850943
0.4098646021	0.0368834624	0.2516216308	0.3557697957
0.3872649625	0.4255609023	0.2166176983	-0.3314430563
0.3872649625	0.0382959398	0.2377473949	0.3361529049
0.4460171993	0.4806411244	0.2494809201	-0.3817265129
0.4460171993	0.0346239250	0.2738162175	0.3871508959
0.3039531718	0.3474560985	0.1700170241	-0.2601401572
0.3039531718	0.0435029268	0.1866011174	0.2638367824
0.2496649539	0.2965608942	0.1396507634	-0.2136772581
0.2496649539	0.0468959404	0.1532728187	0.2167136395
0.3101676291	0.3532821523	0.1734930975	-0.2654588380
0.3101676291	0.0431145232	0.1904162600	0.2692310424
0.2888538757	0.3333005085	0.1615711923	-0.2472173335
0.2888538757	0.0444466328	0.1773314477	0.2507303237
0.2676475408	0.3134195695	0.1497093718	-0.2290677637
0.2676475408	0.0457720287	0.1643125811	0.2323228462
0.2569762962	0.3034152777	0.1437403824	-0.2199347146
0.2569762962	0.0464389815	0.1577613543	0.2230600153
0.3330147489	0.3747013271	0.1862726955	-0.2850126834
0.3330147489	0.0416865782	0.2044424275	0.2890627504
0.3669445759	0.4065105399	0.2052514354	-0.3140517307
0.3669445759	0.0395659640	0.2252724244	0.3185144463
0.3681965636	0.4076842784	0.2059517382	-0.3151232520
0.3681965636	0.0394877148	0.2260410372	0.3196011941
0.3279743973	0.3699759974	0.1834533612	-0.2806988681
0.3279743973	0.0420016002	0.2013480849	0.2846876352
0.4302464114	0.4658560106	0.2406594874	-0.3682289888
0.4302464114	0.0356095993	0.2641343095	0.3734615702
0.3174399294	0.3600999338	0.1775608783	-0.2716828801
0.3174399294	0.0426600044	0.1948808272	0.2755435289
0.2625264235	0.3086185220	0.1468448611	-0.2246848246
0.2625264235	0.0460920985	0.1611686554	0.2278776249
0.4239926301	0.4599930908	0.2371614180	-0.3628766524
0.4239926301	0.0360004606	0.2602950254	0.3680331765
0.3758024826	0.4148148274	0.2102061294	-0.3216328236
0.3758024826	0.0390123448	0.2307104176	0.3262032676
0.2737213751	0.3191137891	0.1531067873	-0.2342660915
0.2737213751	0.0453924141	0.1680413932	0.2375950429
0.4427128559	0.4775433024	0.2476326266	-0.3788984706
0.4427128559	0.0348304465	0.2717876347	0.3842826667
0.3590799179	0.3991374231	0.2008523179	-0.3073207157
0.3590799179	0.0400575051	0.2204442005	0.3116877828
0.2677457167	0.3135116094	0.1497642867	-0.2291517881
0.2677457167	0.0457658927	0.1643728527	0.2324080646
0.3313070314	0.3731003419	0.1853174791	-0.2835511231
0.3313070314	0.0417933105	0.2033940357	0.2875804211
0.3401212884	0.3813637079	0.1902477574	-0.2910948582
0.3401212884	0.0412424195	0.2088052318	0.2952313537
0.2989716450	0.3427859172	0.1672305938	-0.2558766875
0.2989716450	0.0438142722	0.1835428883	0.2595127282
0.3433393075	0.3843806008	0.1920477651	-0.2938490192
0.3433393075	0.0410412933	0.2107808189	0.2980246517
0.4288969465	0.4645908873	0.2399046606	-0.3670740411
0.4288969465	0.0356939408	0.2633058541	0.3722902106
0.4263862250	0.4622370860	0.2385002818	-0.3649252250
0.4263862250	0.0358508609	0.2617644869	0.3701108596
0.2747870151	0.3201128267	0.1537028560	-0.2351781259
0.2747870151	0.0453258116	0.1686956046	0.2385200375
0.2642746915	0.3102575232	0.1478227595	-0.2261810902
0.2642746915	0.0459828318	0.1622419416	0.2293951527
0.3730869780	0.4122690419	0.2086872046	-0.3193087426
0.3730869780	0.0391820639	0.2290433312	0.3238461611
0.4115988440	0.4483739163	0.2302289204	-0.3522693557
0.4115988440	0.0367750722	0.2526863062	0.3572751487
0.4740753776	0.5069456665	0.2651753375	-0.4057402741
0.4740753776	0.0328702889	0.2910415269	0.4115058958
0.4506985440	0.4850298850	0.2520994428	-0.3857330700
0.4506985440	0.0343313410	0.2766901607	0.3912143867
0.4226553006	0.4587393444	0.2364133792	-0.3617320909
0.4226553006	0.0360840437	0.2594740201	0.3668723506
0.3433319825	0.3843737336	0.1920436678	-0.2938427501
0.3433319825	0.0410417511	0.2107763219	0.2980182935
0.3266522374	0.3687364726	0.1827138076	-0.2795672896
0.3266522374	0.0420842352	0.2005363924	0.2835399768
0.4323480429	0.4678262902	0.2418350406	-0.3700276829
0.4323480429	0.0354782473	0.2654245306	0.3752858240
0.2512022288	0.2980020895	0.1405106423	-0.2149929441
0.2512022288	0.0467998607	0.1542165733	0.2180480216
0.2641015461	0.3100951995	0.1477259101	-0.2260329028
0.2641015461	0.0459936534	0.1621356452	0.2292448595
0.2535032765	0.3001593218	0.1417977396	-0.2169623098
0.2535032765	0.0466560452	0.1556292188	0.2200453722
0.3217090366	0.3641022218	0.1799488149	-0.2753366213
0.3217090366	0.0423931852	0.1975016920	0.2792491902
0.3467642233	0.3875914594	0.1939635010	-0.2967802541
0.3467642233	0.0408272360	0.2128834228	0.3009975399
0.2830747779	0.3278826042	0.1583386383	-0.2422712577
0.2830747779	0.0448078264	0.1737835784	0.2457139636
0.4500742021	0.4844445644	0.2517502154	-0.3851987232
0.4500742021	0.0343703624	0.2763068684	0.3906724468
0.2495337465	0.2964378874	0.1395773723	-0.2135649635
0.2495337465	0.0469041408	0.1531922686	0.2165997492
0.4018453181	0.4392299857	0.2247732595	-0.3439217416
0.4018453181	0.0373846676	0.2466984798	0.3488089140
0.3867612247	0.4250886482	0.2163359313	-0.3310119293
0.3867612247	0.0383274235	0.2374381432	0.3357156515
0.2776611343	0.3228073134	0.1553105022	-0.2376379582
0.2776611343	0.0451461791	0.1704600667	0.2410148242
0.3825602752	0.4211502580	0.2139861189	-0.3274165213
0.3825602752	0.0385899828	0.2348591213	0.3320691523
0.4497202108	0.4841126976	0.2515522095	-0.3848957576
0.4497202108	0.0343924868	0.2760895482	0.3903651760
0.4597459051	0.4935117860	0.2571601085	-0.3934763086
0.4597459051	0.0337658809	0.2822444626	0.3990676577
0.3819949297	0.4206202466	0.2136698913	-0.3269326669
0.3819949297	0.0386253169	0.2345120478	0.3315784223
0.4691877414	0.5023635076	0.2624414251	-0.4015571612
0.4691877414	0.0331757662	0.2880409385	0.4072633403
0.3419381188	0.3830669863	0.1912640064	-0.2926498034
0.3419381188	0.0411288676	0.2099206094	0.2968083949
0.3718450873	0.4111047693	0.2079925497	-0.3182458630
0.3718450873	0.0392596820	0.2282809171	0.3227681778
0.2510303369	0.2978409408	0.1404144941	-0.2148458294
0.2510303369	0.0468106039	0.1541110465	0.2178988164
0.3833733773	0.4219125412	0.2144409297	-0.3281124196
0.3833733773	0.0385391639	0.2353582961	0.3327749394
0.4416493932	0.4765463061	0.2470377759	-0.3779882996
0.4416493932	0.0348969129	0.2711347600	0.3833595622
0.3777208278	0.4166132761	0.2112791609	-0.3232746510
0.3777208278	0.0388924483	0.2318881167	0.3278684255
0.3827355804	0.4213146067	0.2140841763	-0.3275665573
0.3827355804	0.0385790262	0.2349667437	0.3322213204
0.3528645343	0.3933105009	0.1973757263	-0.3020012421
0.3528645343	0.0404459666	0.2166284893	0.3062927187
0.3537222131	0.3941145748	0.1978554713	-0.3027352917
0.3537222131	0.0403923617	0.2171550303	0.3070371993
0.4151527348	0.4517056889	0.2322167988	-0.3553109746
0.4151527348	0.0365529541	0.2548680896	0.3603599894
0.4478939510	0.4824005791	0.2505306862	-0.3833327422
0.4478939510	0.0345066281	0.2749683817	0.3887799499
0.4628867381	0.4964563170	0.2589169419	-0.3961644095
0.4628867381	0.0335695789	0.2841726641	0.4017939569
0.3827889670	0.4213646566	0.2141140382	-0.3276122485
0.3827889670	0.0385756896	0.2349995184	0.3322676609
0.4629507583	0.4965163359	0.2589527518	-0.3962192016
0.4629507583	0.0335655776	0.2842119670	0.4018495276
0.4582254775	0.4920863852	0.2563096533	-0.3921750415
0.4582254775	0.0338609077	0.2813110508	0.3977478995
0.3246690096	0.3668771965	0.1816044837	-0.2778699321
0.3246690096	0.0422081869	0.1993188610	0.2818184997
0.3476064761	0.3883810713	0.1944346173	-0.2975011012
0.3476064761	0.0407745952	0.2134004935	0.3017286303
0.3385402040	0.3798814413	0.1893633737	-0.2897416776
0.3385402040	0.0413412372	0.2078345819	0.2938589442
0.3986879331	0.4362699373	0.2230071677	-0.3412194746
0.3986879331	0.0375820042	0.2447601168	0.3460682474
0.3130163170	0.3559527972	0.1750865188	-0.2678969047
0.3130163170	0.0429364802	0.1921651095	0.2717037543
0.2524336845	0.2991565793	0.1411994604	-0.2160468930
0.2524336845	0.0467228947	0.1549725813	0.2191169472
0.3005786848	0.3442925170	0.1681294958	-0.2572520822
0.3005786848	0.0437138322	0.1845294726	0.2609076675
0.2406635331	0.2881220623	0.1346157945	-0.2059733378
0.2406635331	0.0474585292	0.1477467201	0.2089002455
0.3613018240	0.4012204600	0.2020951470	-0.3092223474
0.3613018240	0.0399186360	0.2218082598	0.3136164369
0.3340536352	0.3756752830	0.1868537993	-0.2859018206
0.3340536352	0.0416216478	0.2050802144	0.2899645224
0.3419312055	0.3830605051	0.1912601394	-0.2926438866
0.3419312055	0.0411292997	0.2099163653	0.2968023940
0.4605380931	0.4942544623	0.2576032210	-0.3941543075
0.4605380931	0.0337163692	0.2827307980	0.3997552911
0.2443971902	0.2916223659	0.1367042257	-0.2091688108
0.2443971902	0.0472251756	0.1500388647	0.2121411266
0.3264034276	0.3685032134	0.1825746351	-0.2793543442
0.3264034276	0.0420997858	0.2003836445	0.2833240055
0.3412822357	0.3824520960	0.1908971364	-0.2920884619
0.3412822357	0.0411698603	0.2095179536	0.2962390767
0.4280758724	0.4638211304	0.2394453906	-0.3663713199
0.4280758724	0.0357452580	0.2628017851	0.3715775037
0.2924022507	0.3366271101	0.1635559854	-0.2502542317
0.2924022507	0.0442248593	0.1795098449	0.2538103766
0.3722190898	0.4114553967	0.2082017490	-0.3185659553
0.3722190898	0.0392363069	0.2285105225	0.3230928187
0.4736997086	0.5065934768	0.2649652060	-0.4054187556
0.4736997086	0.0328937682	0.2908108984	0.4111798084
0.4049990908	0.4421866477	0.2265373307	-0.3466209171
0.4049990908	0.0371875568	0.2486346251	0.3515464451
0.3379740916	0.3793507109	0.1890467172	-0.2892571668
0.3379740916	0.0413766193	0.2074870376	0.2933675485
0.3023944089	0.3459947584	0.1691451259	-0.2588060806
0.3023944089	0.0436003494	0.1856441711	0.2624837484
0.4137265128	0.4503686057	0.2314190377	-0.3540903338
0.4137265128	0.0366420930	0.2539925119	0.3591220032
0.4198617694	0.4561204088	0.2348508099	-0.3593412303
0.4198617694	0.0362586394	0.2577590320	0.3644475155
0.4437357535	0.4785022690	0.2482047872	-0.3797739237
0.4437357535	0.0347665154	0.2724156059	0.3851705602
0.2655297723	0.3114341615	0.1485247923	-0.2272552588
0.2655297723	0.0459043892	0.1630124533	0.2304845853
0.3058764186	0.3492591425	0.1710927974	-0.2617861796
0.3058764186	0.0433827238	0.1877818257	0.2655061950
0.3999871706	0.4374879724	0.2237338997	-0.3423314349
0.3999871706	0.0375008018	0.2455577369	0.3471960087
0.2806737365	0.3256316280	0.1569956094	-0.2402163120
0.2806737365	0.0449578915	0.1723095455	0.2436298168
0.3833676716	0.4219071922	0.2144377382	-0.3281075364
0.3833676716	0.0385395205	0.2353547933	0.3327699868
0.4384738411	0.4735692261	0.2452615223	-0.3752704842
0.4384738411	0.0350953849	0.2691852441	0.3806031263
0.3007630427	0.3444653526	0.1682326169	-0.2574098660
0.3007630427	0.0437023098	0.1846426525	0.2610676934
0.3907946884	0.4288700204	0.2185920600	-0.3344639935
0.3907946884	0.0380753320	0.2399143431	0.3392167700
0.4731472142	0.5060755133	0.2646561668	-0.4049458999
0.4731472142	0.0329282991	0.2904717144	0.4107002334
0.4392833866	0.4743281749	0.2457143438	-0.3759633386
0.4392833866	0.0350447883	0.2696822354	0.3813058261
0.2532008605	0.2998758067	0.1416285823	-0.2167034852
0.2532008605	0.0466749462	0.1554435614	0.2197828697
0.4176048281	0.4540045264	0.2335883838	-0.3574096134
0.4176048281	0.0363996982	0.2563734641	0.3624884502
0.3341644075	0.3757791320	0.1869157601	-0.2859966257
0.3341644075	0.0416147245	0.2051482190	0.2900606747
0.3419349729	0.3830640371	0.1912622467	-0.2926471110
0.3419349729	0.0411290642	0.2099186781	0.2968056642
0.4402522577	0.4752364916	0.2462562845	-0.3767925528
0.4402522577	0.0349842339	0.2702770390	0.3821468236
0.3866608045	0.4249945042	0.2162797610	-0.3309259840
0.3866608045	0.0383336997	0.2373764938	0.3356284850
0.3180302117	0.3606533234	0.1778910543	-0.2721880768
0.3180302117	0.0426231118	0.1952432098	0.2760559045
0.3092858690	0.3524555022	0.1729998827	-0.2647041783
0.3092858690	0.0431696332	0.1898749351	0.2684656588
0.3135435571	0.3564470847	0.1753814319	-0.2683481463
0.3135435571	0.0429035277	0.1924887896	0.2721614081
0.3391466594	0.3804499932	0.1897025961	-0.2902607161
0.3391466594	0.0413033338	0.2082068934	0.2943853583
0.2569954218	0.3034332080	0.1437510804	-0.2199510834
0.2569954218	0.0464377861	0.1577730958	0.2230766167
0.3645512687	0.4042668144	0.2039127326	-0.3120034043
0.3645512687	0.0397155457	0.2238031395	0.3164370129
0.3709218310	0.4102392165	0.2074761238	-0.3174556885
0.3709218310	0.0393173856	0.2277141171	0.3219667748
0.3562633433	0.3964968843	0.1992768592	-0.3049101333
0.3562633433	0.0402335410	0.2187150658	0.3092429456
0.2454531655	0.2926123426	0.1372948883	-0.2100725736
0.2454531655	0.0471591772	0.1506871427	0.2130577320
0.3976064023	0.4352560022	0.2224022105	-0.3402938400
0.3976064023	0.0376495999	0.2440961499	0.3451294594
