0.5162826622	0.5465149958
0.5162826622	0.0302323336
0.9040029591	0.9100027741
0.9040029591	0.0059998151
0.5679438428	0.5949473526
0.5679438428	0.0270035098
0.3670635827	0.4066221087
0.3670635827	0.0395585261
0.3549717093	0.3952859774
0.3549717093	0.0403142682
0.6024961023	0.6273400959
0.6024961023	0.0248439936
0.8857726788	0.8929118864
0.8857726788	0.0071392076
0.8510661959	0.8603745587
0.8510661959	0.0093083628
0.3673382047	0.4068795670
0.3673382047	0.0395413622
0.4016079739	0.4390074755
0.4016079739	0.0373995016
0.5844526193	0.6104243306
0.5844526193	0.0259717113
0.4665354304	0.4998769660
0.4665354304	0.0333415356
0.4126945117	0.4494011048
0.4126945117	0.0367065930
0.4388707514	0.4739413295
0.4388707514	0.0350705780
0.7400876741	0.7563321945
0.7400876741	0.0162445204
0.2240283188	0.2725265489
0.2240283188	0.0484982301
0.3625260237	0.4023681472
0.3625260237	0.0398421235
0.3406716272	0.3818796505
0.3406716272	0.0412080233
0.5353660586	0.5644056799
0.5353660586	0.0290396213
0.2429868111	0.2903001354
0.2429868111	0.0473133243
0.1910045946	0.2415668074
0.1910045946	0.0505622128
0.0992226588	0.1555212427
0.0992226588	0.0562985838
0.8915346751	0.8983137579
0.8915346751	0.0067790828
0.8261824237	0.8370460222
0.8261824237	0.0108635985
0.2395290415	0.2870584764
0.2395290415	0.0475294349
0.5666798665	0.5937623748
0.5666798665	0.0270825083
0.8289612092	0.8396511336
0.8289612092	0.0106899244
0.8746740924	0.8825069617
0.8746740924	0.0078328692
0.4930558219	0.5247398331
0.4930558219	0.0316840111
0.7508347452	0.7664075737
0.7508347452	0.0155728284
0.5900601624	0.6156814023
0.5900601624	0.0256212398
0.7261519763	0.7432674778
0.7261519763	0.0171155015
0.1416082356	0.1952577209
0.1416082356	0.0536494853
0.7246395241	0.7418495538
0.7246395241	0.0172100297
0.5901059917	0.6157243673
0.5901059917	0.0256183755
0.1944580322	0.2448044052
0.1944580322	0.0503463730
0.7861200352	0.7994875330
0.7861200352	0.0133674978
0.6445402471	0.6667564816
0.6445402471	0.0222162346
0.8096734558	0.8215688648
0.8096734558	0.0118954090
0.4145521630	0.4511426528
0.4145521630	0.0365904898
0.5962154824	0.6214520147
0.5962154824	0.0252365324
0.9137121886	0.9191051768
0.9137121886	0.0053929882
0.6502703238	0.6721284285
0.6502703238	0.0218581048
0.8461551615	0.8557704639
0.8461551615	0.0096153024
0.3921997990	0.4301873116
0.3921997990	0.0379875126
0.8048229446	0.8170215106
0.8048229446	0.0121985660
0.1630675689	0.2153758459
0.1630675689	0.0523082769
0.5044617597	0.5354328997
0.5044617597	0.0309711400
0.3296329823	0.3715309209
0.3296329823	0.0418979386
0.8443880012	0.8541137512
0.8443880012	0.0097257499
0.9320482850	0.9362952672
0.9320482850	0.0042469822
0.6147073287	0.6387881207
0.6147073287	0.0240807920
0.7435949928	0.7596203057
0.7435949928	0.0160253130
0.7761523362	0.7901428152
0.7761523362	0.0139904790
0.4546421970	0.4887270597
0.4546421970	0.0340848627
0.0617169837	0.1203596722
0.0617169837	0.0586426885
0.6038073597	0.6285693997
0.6038073597	0.0247620400
0.8062256568	0.8183365533
0.8062256568	0.0121108964
0.0526331785	0.1118436048
0.0526331785	0.0592104263
0.0661457793	0.1245116681
0.0661457793	0.0583658888
0.5988149078	0.6238889760
0.5988149078	0.0250740683
0.0676631059	0.1259341617
0.0676631059	0.0582710559
0.3697349007	0.4091264694
0.3697349007	0.0393915687
0.2134377719	0.2625979112
0.2134377719	0.0491601393
0.9368095528	0.9407589557
0.9368095528	0.0039494030
0.5453494201	0.5737650813
0.5453494201	0.0284156612
0.2656735014	0.3115689076
0.2656735014	0.0458954062
0.1405059093	0.1942242900
0.1405059093	0.0537183807
0.0537466321	0.1128874676
0.0537466321	0.0591408355
0.0991961671	0.1554964067
0.0991961671	0.0563002396
0.7513012122	0.7668448865
0.7513012122	0.0155436742
0.7032812669	0.7218261877
0.7032812669	0.0185449208
0.9235346639	0.9283137474
0.9235346639	0.0047790835
0.0350490441	0.0953584788
0.0350490441	0.0603094347
0.1969262731	0.2471183811
0.1969262731	0.0501921079
0.1056400652	0.1615375611
0.1056400652	0.0558974959
0.3416778153	0.3828229519
0.3416778153	0.0411451365
0.0134180703	0.0750794409
0.0134180703	0.0616613706
0.5683878397	0.5953635997
0.5683878397	0.0269757600
0.0191087967	0.0804144969
0.0191087967	0.0613057002
0.6732468744	0.6936689447
0.6732468744	0.0204220704
0.3450170574	0.3859534913
0.3450170574	0.0409364339
0.0781513738	0.1357669130
0.0781513738	0.0576155391
0.1022170364	0.1583284716
0.1022170364	0.0561114352
0.1571469471	0.2098252629
0.1571469471	0.0526783158
0.8411024361	0.8510335339
0.8411024361	0.0099310977
0.1677342429	0.2197508527
0.1677342429	0.0520166098
0.2087739083	0.2582255391
0.2087739083	0.0494516307
0.4159211514	0.4524260794
0.4159211514	0.0365049280
0.7695799329	0.7839811871
0.7695799329	0.0144012542
0.7876933333	0.8009625000
0.7876933333	0.0132691667
0.2594122335	0.3056989689
0.2594122335	0.0462867354
0.7788854845	0.7927051417
0.7788854845	0.0138196572
0.9238545971	0.9286136847
0.9238545971	0.0047590877
0.6394282185	0.6619639548
0.6394282185	0.0225357363
0.5369332225	0.5658748961
0.5369332225	0.0289416736
0.1613620732	0.2137769436
0.1613620732	0.0524148704
0.3564068773	0.3966314474
0.3564068773	0.0402245702
0.7082724033	0.7265053781
0.7082724033	0.0182329748
0.7536383094	0.7690359150
0.7536383094	0.0153976057
0.4189791706	0.4552929725
0.4189791706	0.0363138018
0.9012176569	0.9073915533
0.9012176569	0.0061738964
0.4942604447	0.5258691669
0.4942604447	0.0316087222
0.2858256495	0.3304615464
0.2858256495	0.0446358969
0.2577212522	0.3041136739
0.2577212522	0.0463924217
0.3500829974	0.3907028100
0.3500829974	0.0406198127
0.3857275887	0.4241196144
0.3857275887	0.0383920257
0.6359401814	0.6586939201
0.6359401814	0.0227537387
0.3946673288	0.4325006207
0.3946673288	0.0378332920
0.0930049470	0.1496921378
0.0930049470	0.0566871908
0.8274568056	0.8382407552
0.8274568056	0.0107839497
0.2609650179	0.3071547043
0.2609650179	0.0461896864
0.7274041982	0.7444414358
0.7274041982	0.0170372376
0.6773169273	0.6974846193
0.6773169273	0.0201676920
0.8928174676	0.8995163759
0.8928174676	0.0066989083
0.2751380381	0.3204419108
0.2751380381	0.0453038726
0.8758913888	0.8836481770
0.8758913888	0.0077567882
0.4617986527	0.4954362369
0.4617986527	0.0336375842
0.8751011746	0.8829073512
0.8751011746	0.0078061766
0.6180712369	0.6419417846
0.6180712369	0.0238705477
0.0714357907	0.1294710538
0.0714357907	0.0580352631
0.3325351886	0.3742517393
0.3325351886	0.0417165507
0.3728492951	0.4120462142
0.3728492951	0.0391969191
0.3578882914	0.3980202732
0.3578882914	0.0401319818
0.8993686252	0.9056580861
0.8993686252	0.0062894609
0.7885087181	0.8017269232
0.7885087181	0.0132182051
0.3211339134	0.3635630438
0.3211339134	0.0424291304
0.0251747729	0.0861013496
0.0251747729	0.0609265767
0.3352506978	0.3767975292
0.3352506978	0.0415468314
0.6367353776	0.6594394165
0.6367353776	0.0227040389
0.2523394299	0.2990682155
0.2523394299	0.0467287856
0.7422404477	0.7583504197
0.7422404477	0.0161099720
0.5367032822	0.5656593270
0.5367032822	0.0289560449
0.8391488655	0.8492020614
0.8391488655	0.0100531959
0.8178023079	0.8291896636
0.8178023079	0.0113873558
0.6895602619	0.7089627456
0.6895602619	0.0194024836
0.5530070470	0.5809441066
0.5530070470	0.0279370596
0.4376112227	0.4727605213
0.4376112227	0.0351492986
0.7797533175	0.7935187351
0.7797533175	0.0137654177
0.5886235883	0.6143346140
0.5886235883	0.0257110257
0.6526688288	0.6743770270
0.6526688288	0.0217081982
0.8395902785	0.8496158861
0.8395902785	0.0100256076
0.1920454927	0.2425426494
0.1920454927	0.0504971567
0.7090634397	0.7272469747
0.7090634397	0.0181835350
0.8603174828	0.8690476401
0.8603174828	0.0087301573
0.1664614030	0.2185575653
0.1664614030	0.0520961623
0.3052618722	0.3486830052
0.3052618722	0.0434211330
0.8807093536	0.8881650190
0.8807093536	0.0074556654
0.5431023306	0.5716584349
0.5431023306	0.0285561043
0.7113563896	0.7293966153
0.7113563896	0.0180402256
0.3962313698	0.4339669092
0.3962313698	0.0377355394
0.3784013090	0.4172512272
0.3784013090	0.0388499182
0.0759798635	0.1337311221
0.0759798635	0.0577512585
0.3740287719	0.4131519736
0.3740287719	0.0391232018
0.7478696497	0.7636277966
0.7478696497	0.0157581469
0.9603078313	0.9627885918
0.9603078313	0.0024807605
0.3070549990	0.3503640616
0.3070549990	0.0433090626
0.0600681026	0.1188138462
0.0600681026	0.0587457436
0.0878441606	0.1448539005
0.0878441606	0.0570097400
0.0583433600	0.1171969000
0.0583433600	0.0588535400
0.6910570194	0.7103659557
0.6910570194	0.0193089363
0.3823484128	0.4209516370
0.3823484128	0.0386032242
0.1717226087	0.2234899457
0.1717226087	0.0517673370
0.5187426381	0.5488212232
0.5187426381	0.0300785851
0.6032854855	0.6280801426
0.6032854855	0.0247946572
0.2081509634	0.2576415282
0.2081509634	0.0494905648
0.8119508032	0.8237038780
0.8119508032	0.0117530748
0.2166125901	0.2655743033
0.2166125901	0.0489617131
0.6745317854	0.6948735488
0.6745317854	0.0203417634
0.7726049596	0.7868171496
0.7726049596	0.0142121900
0.1874571101	0.2382410407
0.1874571101	0.0507839306
0.4901190938	0.5219866504
0.4901190938	0.0318675566
0.6025169002	0.6273595939
0.6025169002	0.0248426937
0.2632445223	0.3092917396
0.2632445223	0.0460472174
0.8622197157	0.8708309835
0.8622197157	0.0086112678
0.7457924864	0.7616804560
0.7457924864	0.0158879696
0.4377488857	0.4728895803
0.4377488857	0.0351406946
0.2693164088	0.3149841332
0.2693164088	0.0456677245
0.9296605774	0.9340567913
0.9296605774	0.0043962139
0.0759147538	0.1336700817
0.0759147538	0.0577553279
0.9625694856	0.9649088927
0.9625694856	0.0023394072
0.5941472895	0.6195130839
0.5941472895	0.0253657944
0.4406589855	0.4756177989
0.4406589855	0.0349588134
0.8337129009	0.8441058446
0.8337129009	0.0103929437
0.4786330391	0.5112184742
0.4786330391	0.0325854351
0.0192978525	0.0805917367
0.0192978525	0.0612938842
0.2034529695	0.2532371589
0.2034529695	0.0497841894
0.9196428889	0.9246652084
0.9196428889	0.0050223194
0.0146719501	0.0762549532
0.0146719501	0.0615830031
0.6738166368	0.6942030970
0.6738166368	0.0203864602
0.9333787920	0.9375426175
0.9333787920	0.0041638255
0.8436249297	0.8533983716
0.8436249297	0.0097734419
0.4099658795	0.4468430121
0.4099658795	0.0368771325
0.8382773544	0.8483850197
0.8382773544	0.0101076654
0.4081610936	0.4451510252
0.4081610936	0.0369899317
0.7409239325	0.7571161867
0.7409239325	0.0161922542
0.4067819189	0.4438580490
0.4067819189	0.0370761301
0.0283299674	0.0890593444
0.0283299674	0.0607293770
0.3564212702	0.3966449408
0.3564212702	0.0402236706
0.1287780188	0.1832293927
0.1287780188	0.0544513738
0.5167974326	0.5469975931
0.5167974326	0.0302001605
0.0039268982	0.0661814670
0.0039268982	0.0622545689
0.3443108984	0.3852914672
0.3443108984	0.0409805689
0.8121806812	0.8239193886
0.8121806812	0.0117387074
0.9194769421	0.9245096332
0.9194769421	0.0050326911
0.7021116052	0.7207296299
0.7021116052	0.0186180247
0.2451568764	0.2923345716
0.2451568764	0.0471776952
0.9146444899	0.9199792093
0.9146444899	0.0053347194
0.5217444875	0.5516354570
0.5217444875	0.0298909695
0.6081962218	0.6326839579
0.6081962218	0.0244877361
0.7168278413	0.7345261012
0.7168278413	0.0176982599
0.4027148643	0.4400451853
0.4027148643	0.0373303210
0.7235039391	0.7407849429
0.7235039391	0.0172810038
0.2167642606	0.2657164943
0.2167642606	0.0489522337
0.1252146542	0.1798887383
0.1252146542	0.0546740841
0.8679452342	0.8761986571
0.8679452342	0.0082534229
0.3234243395	0.3657103183
0.3234243395	0.0422859788
0.7648952471	0.7795892941
0.7648952471	0.0146940471
0.4775722560	0.5102239900
0.4775722560	0.0326517340
0.0490223587	0.1084584613
0.0490223587	0.0594361026
0.7170758115	0.7347585733
0.7170758115	0.0176827618
0.0325065070	0.0929748503
0.0325065070	0.0604683433
0.4906331066	0.5224685374
0.4906331066	0.0318354308
0.2000782204	0.2500733317
0.2000782204	0.0499951112
0.8193845755	0.8306730395
0.8193845755	0.0112884640
0.7065047869	0.7248482377
0.7065047869	0.0183434508
0.4188255679	0.4551489699
0.4188255679	0.0363234020
0.4816401877	0.5140376759
0.4816401877	0.0323974883
0.8849409334	0.8921321251
0.8849409334	0.0071911917
0.1393471526	0.1931379556
0.1393471526	0.0537908030
0.7404458573	0.7566679912
0.7404458573	0.0162221339
0.8803399388	0.8878186926
0.8803399388	0.0074787538
0.9052007749	0.9111257264
0.9052007749	0.0059249516
0.9237030175	0.9284715789
0.9237030175	0.0047685614
0.4135152159	0.4501705149
0.4135152159	0.0366552990
0.0966296771	0.1530903223
0.0966296771	0.0564606452
0.7860973440	0.7994662600
0.7860973440	0.0133689160
0.1408911683	0.1945854703
0.1408911683	0.0536943020
0.8775460844	0.8851994541
0.8775460844	0.0076533697
0.9635696147	0.9658465138
0.9635696147	0.0022768991
0.7427227267	0.7588025563
0.7427227267	0.0160798296
0.6257228470	0.6491151691
0.6257228470	0.0233923221
0.1260908667	0.1807101875
0.1260908667	0.0546193208
0.1757738059	0.2272879430
0.1757738059	0.0515141371
0.1717905066	0.2235535999
0.1717905066	0.0517630933
0.7904464032	0.8035435030
0.7904464032	0.0130970998
0.1848415152	0.2357889205
0.1848415152	0.0509474053
0.2366798842	0.2843873914
0.2366798842	0.0477075072
0.9383597236	0.9422122409
0.9383597236	0.0038525173
0.2238532307	0.2723624038
0.2238532307	0.0485091731
0.7537717622	0.7691610271
0.7537717622	0.0153892649
0.5975661208	0.6227182382
0.5975661208	0.0251521175
0.7484359443	0.7641586977
0.7484359443	0.0157227535
0.6833966204	0.7031843316
0.6833966204	0.0197877112
0.6113103932	0.6356034937
0.6113103932	0.0242931004
0.7395367174	0.7558156726
0.7395367174	0.0162789552
0.0963685048	0.1528454732
0.0963685048	0.0564769685
0.8706543670	0.8787384691
0.8706543670	0.0080841021
0.0207572795	0.0819599495
0.0207572795	0.0612026700
0.1937521552	0.2441426455
0.1937521552	0.0503904903
0.0048971075	0.0670910383
0.0048971075	0.0621939308
0.3818582776	0.4204921352
0.3818582776	0.0386338577
0.2392447700	0.2867919719
0.2392447700	0.0475472019
0.0349244765	0.0952416967
0.0349244765	0.0603172202
0.5630879638	0.5903949661
0.5630879638	0.0273070023
0.5677731949	0.5947873702
0.5677731949	0.0270141753
0.6684647396	0.6891856934
0.6684647396	0.0207209538
0.2930172228	0.3372036463
0.2930172228	0.0441864236
0.7464539240	0.7623005538
0.7464539240	0.0158466297
0.5697728135	0.5966620126
0.5697728135	0.0268891992
0.1317407044	0.1860069104
0.1317407044	0.0542662060
0.0412364028	0.1011591276
0.0412364028	0.0599227248
0.0979913958	0.1543669335
0.0979913958	0.0563755378
0.5855658507	0.6114679850
0.5855658507	0.0259021343
0.9516994548	0.9547182389
0.9516994548	0.0030187841
0.5253493730	0.5550150372
0.5253493730	0.0296656642
0.8033249229	0.8156171153
0.8033249229	0.0122921923
0.8647851243	0.8732360540
0.8647851243	0.0084509297
0.9489910344	0.9521790947
0.9489910344	0.0031880604
0.8565776001	0.8655415001
0.8565776001	0.0089639000
0.0162426334	0.0777274688
0.0162426334	0.0614848354
0.8804398372	0.8879123474
0.8804398372	0.0074725102
0.0210070628	0.0821941214
0.0210070628	0.0611870586
0.4792480607	0.5117950569
0.4792480607	0.0325469962
0.8052302998	0.8174034061
0.8052302998	0.0121731063
0.1082184880	0.1639548325
0.1082184880	0.0557363445
0.6064553867	0.6310519250
0.6064553867	0.0245965383
0.2619142464	0.3080446060
0.2619142464	0.0461303596
0.5654455634	0.5926052157
0.5654455634	0.0271596523
0.5224107439	0.5522600724
0.5224107439	0.0298493285
0.4683426850	0.5015712672
0.4683426850	0.0332285822
0.6551416356	0.6766952834
0.6551416356	0.0215536478
0.6842432678	0.7039780636
0.6842432678	0.0197347958
0.0809664773	0.1384060724
0.0809664773	0.0574395952
0.7856120923	0.7990113365
0.7856120923	0.0133992442
0.3063572786	0.3497099487
0.3063572786	0.0433526701
0.1722806271	0.2240130879
0.1722806271	0.0517324608
0.6552429853	0.6767902987
0.6552429853	0.0215473134
0.5999053420	0.6249112581
0.5999053420	0.0250059161
0.0195495674	0.0808277194
0.0195495674	0.0612781520
0.6784676114	0.6985633857
0.6784676114	0.0200957743
0.1716848810	0.2234545760
0.1716848810	0.0517696949
0.7247311814	0.7419354826
0.7247311814	0.0172043012
0.8944918659	0.9010861243
0.8944918659	0.0065942584
0.9173250374	0.9224922225
0.9173250374	0.0051671852
0.8149583111	0.8265234166
0.8149583111	0.0115651056
0.4920239636	0.5237724659
0.4920239636	0.0317485023
0.1440691127	0.1975647931
0.1440691127	0.0534956805
0.6243399303	0.6478186847
0.6243399303	0.0234787544
0.4178875278	0.4542695573
0.4178875278	0.0363820295
0.3476019651	0.3883768423
0.3476019651	0.0407748772
0.8373886483	0.8475518578
0.8373886483	0.0101632095
0.0615518399	0.1202048499
0.0615518399	0.0586530100
0.0362203156	0.0964565459
0.0362203156	0.0602362303
0.2767625634	0.3219649032
0.2767625634	0.0452023398
0.9089931460	0.9146810744
0.9089931460	0.0056879284
0.5624380339	0.5897856568
0.5624380339	0.0273476229
0.3850341205	0.4234694879
0.3850341205	0.0384353675
0.9516879485	0.9547074517
0.9516879485	0.0030195032
0.8096576046	0.8215540043
0.8096576046	0.0118963997
0.2376679088	0.2853136645
0.2376679088	0.0476457557
0.5337387701	0.5628800970
0.5337387701	0.0291413269
0.7980334703	0.8106563784
0.7980334703	0.0126229081
0.2117455399	0.2610114436
0.2117455399	0.0492659038
0.6308900182	0.6539593921
0.6308900182	0.0230693739
0.0903547995	0.1472076245
0.0903547995	0.0568528250
0.7309875251	0.7478008048
0.7309875251	0.0168132797
0.6405976036	0.6630602534
0.6405976036	0.0224626498
0.6622038862	0.6833161434
0.6622038862	0.0211122571
0.3355922621	0.3771177457
0.3355922621	0.0415254836
0.6568550630	0.6783016216
0.6568550630	0.0214465586
0.5180677533	0.5481885188
0.5180677533	0.0301207654
0.1226751349	0.1775079389
0.1226751349	0.0548328041
0.4203612944	0.4565887135
0.4203612944	0.0362274191
0.5207688287	0.5507207769
0.5207688287	0.0299519482
0.3845344189	0.4230010177
0.3845344189	0.0384665988
0.6166321807	0.6405926694
0.6166321807	0.0239604887
0.3860784777	0.4244485728
0.3860784777	0.0383700951
0.1530879239	0.2060199286
0.1530879239	0.0529320048
0.8646503810	0.8731097322
0.8646503810	0.0084593512
0.2375856744	0.2852365697
0.2375856744	0.0476508954
0.7697491381	0.7841398169
0.7697491381	0.0143906789
0.2893583675	0.3337734695
0.2893583675	0.0444151020
0.6844996603	0.7042184315
0.6844996603	0.0197187712
0.8440764235	0.8538216471
0.8440764235	0.0097452235
0.7648025389	0.7795023802
0.7648025389	0.0146998413
0.5202492572	0.5502336786
0.5202492572	0.0299844214
0.8545906964	0.8636787779
0.8545906964	0.0090880815
0.0086059320	0.0705680612
0.0086059320	0.0619621293
0.6680257856	0.6887741740
0.6680257856	0.0207483884
0.0073171851	0.0693598610
0.0073171851	0.0620426759
0.3891361906	0.4273151787
0.3891361906	0.0381789881
0.8753449942	0.8831359321
0.8753449942	0.0077909379
0.1514907781	0.2045226045
0.1514907781	0.0530318264
0.7657645768	0.7804042908
0.7657645768	0.0146397139
0.1398411304	0.1936010597
0.1398411304	0.0537599294
0.8323667619	0.8428438393
0.8323667619	0.0104770774
0.7220491371	0.7394210661
0.7220491371	0.0173719289
0.1089672553	0.1646568018
0.1089672553	0.0556895465
0.0830121664	0.1403239060
0.0830121664	0.0573117396
0.1527537165	0.2057066092
0.1527537165	0.0529528927
0.3828227989	0.4213963739
0.3828227989	0.0385735751
0.0183283127	0.0796827932
0.0183283127	0.0613544805
0.1919125721	0.2424180363
0.1919125721	0.0505054642
0.7299668177	0.7468438916
0.7299668177	0.0168770739
0.3158135137	0.3585751691
0.3158135137	0.0427616554
0.1930412825	0.2434762024
0.1930412825	0.0504349198
0.8514984284	0.8607797766
0.8514984284	0.0092813482
0.8821198960	0.8894874025
0.8821198960	0.0073675065
0.2420810291	0.2894509648
0.2420810291	0.0473699357
0.7588976212	0.7739665199
0.7588976212	0.0150688987
0.5755169921	0.6020471801
0.5755169921	0.0265301880
0.1005729032	0.1567870968
0.1005729032	0.0562141935
0.5311012978	0.5604074667
0.5311012978	0.0293061689
0.8001790674	0.8126678757
0.8001790674	0.0124888083
0.7732040651	0.7873788110
0.7732040651	0.0141747459
0.4972165593	0.5286405243
0.4972165593	0.0314239650
0.5709581002	0.5977732189
0.5709581002	0.0268151187
0.1403555648	0.1940833420
0.1403555648	0.0537277772
0.4641101089	0.4976032271
0.4641101089	0.0334931182
0.1413789411	0.1950427573
0.1413789411	0.0536638162
0.6679156909	0.6886709602
0.6679156909	0.0207552693
0.7103358147	0.7284398263
0.7103358147	0.0181040116
0.8945888889	0.9011770833
0.8945888889	0.0065881944
0.6112299330	0.6355280622
0.6112299330	0.0242981292
0.4427040004	0.4775350003
0.4427040004	0.0348310000
0.8749309489	0.8827477646
0.8749309489	0.0078168157
0.0729326411	0.1308743510
0.0729326411	0.0579417099
0.6284675552	0.6516883330
0.6284675552	0.0232207778
0.4806208634	0.5130820594
0.4806208634	0.0324611960
0.3048576457	0.3483040428
0.3048576457	0.0434463971
0.5940349335	0.6194077501
0.5940349335	0.0253728167
0.2999528342	0.3437057821
0.2999528342	0.0437529479
0.1439501143	0.1974532322
0.1439501143	0.0535031179
0.1172069003	0.1723814691
0.1172069003	0.0551745687
0.0364603957	0.0966816210
0.0364603957	0.0602212253
0.4762431321	0.5089779363
0.4762431321	0.0327348042
0.2001081584	0.2501013985
0.2001081584	0.0499932401
0.0440058166	0.1037554530
0.0440058166	0.0597496365
0.4371747082	0.4723512890
0.4371747082	0.0351765807
0.5423769511	0.5709783916
0.5423769511	0.0286014406
0.2658560781	0.3117400732
0.2658560781	0.0458839951
0.5016991032	0.5328429093
0.5016991032	0.0311438060
0.0157895594	0.0773027119
0.0157895594	0.0615131525
0.1451506333	0.1985787187
0.1451506333	0.0534280854
0.6319041523	0.6549101428
0.6319041523	0.0230059905
0.6024411169	0.6272885471
0.6024411169	0.0248474302
0.4776355302	0.5102833096
0.4776355302	0.0326477794
0.2498685274	0.2967517445
0.2498685274	0.0468832170
0.9479717638	0.9512235286
0.9479717638	0.0032517648
0.4562482884	0.4902327704
0.4562482884	0.0339844820
0.1464390436	0.1997866034
0.1464390436	0.0533475598
0.8533654199	0.8625300811
0.8533654199	0.0091646613
0.6164872568	0.6404568033
0.6164872568	0.0239695464
0.0340756141	0.0944458883
0.0340756141	0.0603702741
0.5444437205	0.5729159880
0.5444437205	0.0284722675
0.1987358895	0.2488148964
0.1987358895	0.0500790069
0.8595029459	0.8682840118
0.8595029459	0.0087810659
0.0036936609	0.0659628071
0.0036936609	0.0622691462
0.2995700649	0.3433469359
0.2995700649	0.0437768709
0.0008645113	0.0633104793
0.0008645113	0.0624459680
0.3073954659	0.3506832493
0.3073954659	0.0432877834
0.9308190374	0.9351428476
0.9308190374	0.0043238102
0.8062809271	0.8183883692
0.8062809271	0.0121074421
0.6248826750	0.6483275078
0.6248826750	0.0234448328
0.5134003898	0.5438128654
0.5134003898	0.0304124756
0.8781942168	0.8858070783
0.8781942168	0.0076128614
0.7012353677	0.7199081572
0.7012353677	0.0186727895
0.5605484250	0.5880141485
0.5605484250	0.0274657234
0.0395670354	0.0995940956
0.0395670354	0.0600270603
0.6043139412	0.6290443198
0.6043139412	0.0247303787
0.2282088550	0.2764458016
0.2282088550	0.0482369466
0.0470653908	0.1066238038
0.0470653908	0.0595584131
0.0620277594	0.1206510244
0.0620277594	0.0586232650
0.3503077484	0.3909135141
0.3503077484	0.0406057657
0.3340236613	0.3756471824
0.3340236613	0.0416235212
0.5923470931	0.6178253998
0.5923470931	0.0254783067
0.7060393548	0.7244118951
0.7060393548	0.0183725403
0.3985962113	0.4361839481
0.3985962113	0.0375877368
0.2314680633	0.2795013093
0.2314680633	0.0480332460
0.0572692076	0.1161898821
0.0572692076	0.0589206745
0.3813822435	0.4200458533
0.3813822435	0.0386636098
0.4455860449	0.4802369171
0.4455860449	0.0346508722
0.0607346425	0.1194387273
0.0607346425	0.0587040848
0.7444431946	0.7604154950
0.7444431946	0.0159723003
0.2170129343	0.2659496259
0.2170129343	0.0489366916
0.8991986613	0.9054987450
0.8991986613	0.0063000837
0.0887639669	0.1457162190
0.0887639669	0.0569522521
0.1035891294	0.1596148088
0.1035891294	0.0560256794
0.3473813322	0.3881699989
0.3473813322	0.0407886667
0.6519787155	0.6737300458
0.6519787155	0.0217513303
0.2107004933	0.2600317124
0.2107004933	0.0493312192
0.2562505792	0.3027349180
0.2562505792	0.0464843388
0.1065973497	0.1624350153
0.1065973497	0.0558376656
0.4195007758	0.4557819774
0.4195007758	0.0362812015
0.9117140965	0.9172319655
0.9117140965	0.0055178690
0.2048125625	0.2545117774
0.2048125625	0.0496992148
0.4238804402	0.4598879127
0.4238804402	0.0360074725
0.9042940490	0.9102756709
0.9042940490	0.0059816219
0.8478678279	0.8573760886
0.8478678279	0.0095082608
0.4210680056	0.4572512553
0.4210680056	0.0361832496
0.9637972334	0.9660599063
0.9637972334	0.0022626729
0.1112682839	0.1668140161
0.1112682839	0.0555457323
0.5631929784	0.5904934173
0.5631929784	0.0273004388
0.3748633092	0.4139343523
0.3748633092	0.0390710432
0.4616626751	0.4953087579
0.4616626751	0.0336460828
0.7308543903	0.7476759909
0.7308543903	0.0168216006
0.9643018977	0.9665330291
0.9643018977	0.0022311314
0.8197233938	0.8309906817
0.8197233938	0.0112672879
0.7386300709	0.7549656915
0.7386300709	0.0163356206
0.9335170190	0.9376722053
0.9335170190	0.0041551863
0.2146601194	0.2637438619
0.2146601194	0.0490837425
0.5567009204	0.5844071129
0.5567009204	0.0277061925
0.7539074760	0.7692882588
0.7539074760	0.0153807827
0.5757869668	0.6023002814
0.5757869668	0.0265133146
0.0219170508	0.0830472351
0.0219170508	0.0611301843
0.0981234909	0.1544907727
0.0981234909	0.0563672818
0.3629933698	0.4028062842
0.3629933698	0.0398129144
0.3904374013	0.4285350637
0.3904374013	0.0380976624
0.6360516388	0.6587984114
0.6360516388	0.0227467726
0.6162802528	0.6402627370
0.6162802528	0.0239824842
0.4180981450	0.4544670109
0.4180981450	0.0363688659
0.4910607516	0.5228694546
0.4910607516	0.0318087030
0.8537225591	0.8628648992
0.8537225591	0.0091423401
0.6493580307	0.6712731538
0.6493580307	0.0219151231
0.1489926554	0.2021806145
0.1489926554	0.0531879590
0.8335852790	0.8439861991
0.8335852790	0.0104009201
0.3424905044	0.3835848479
0.3424905044	0.0410943435
0.2050754808	0.2547582633
0.2050754808	0.0496827824
0.4404304420	0.4754035394
0.4404304420	0.0349730974
0.7001426920	0.7188837738
0.7001426920	0.0187410817
0.1336772150	0.1878223891
0.1336772150	0.0541451741
0.0172579936	0.0786793690
0.0172579936	0.0614213754
0.8650547521	0.8734888301
0.8650547521	0.0084340780
0.0253295798	0.0862464811
0.0253295798	0.0609169013
0.9161946802	0.9214325127
0.9161946802	0.0052378325
0.5211004155	0.5510316396
0.5211004155	0.0299312240
0.3843616832	0.4228390780
0.3843616832	0.0384773948
0.1444229269	0.1978964940
0.1444229269	0.0534735671
0.5272643015	0.5568102826
0.5272643015	0.0295459812
