0.0372216116	0.0973952609	0.0208200086	-0.0318563410
0.0372216116	0.0601736493	0.0228508697	0.0323090237
0.0757368514	0.1335032981	0.0423636115	-0.0648198415
0.0757368514	0.0577664468	0.0464959158	0.0657409398
0.0584433293	0.1172906212	0.0326904334	-0.0500190762
0.0584433293	0.0588472919	0.0358791800	0.0507298537
0.1148742951	0.1701946517	0.0642552459	-0.0983158590
0.1148742951	0.0553203566	0.0705229418	0.0997129401
0.0116898486	0.0734592331	0.0065387482	-0.0100048275
0.0116898486	0.0617693845	0.0071765621	0.0101469974
0.1123269528	0.1678065183	0.0628303832	-0.0961357008
0.1123269528	0.0554795654	0.0689590926	0.0975018015
0.0197883790	0.0810516053	0.0110686830	-0.0169360037
0.0197883790	0.0612632263	0.0121483636	0.0171766665
0.0696793194	0.1278243620	0.0389753147	-0.0596354662
0.0696793194	0.0581450425	0.0427771120	0.0604828939
0.0725880179	0.1305512668	0.0406023030	-0.0621248934
0.0725880179	0.0579632489	0.0445628028	0.0630076961
0.0152105910	0.0767599291	0.0085080850	-0.0130180761
0.0152105910	0.0615493381	0.0093379953	0.0132030647
0.0799198947	0.1374249013	0.0447034081	-0.0683999244
0.0799198947	0.0575050066	0.0490639449	0.0693718962
0.0322383871	0.0927234879	0.0180326286	-0.0275914183
0.0322383871	0.0604851008	0.0197915983	0.0279834959
0.0660789500	0.1244490157	0.0369614384	-0.0565540683
0.0660789500	0.0583700656	0.0405667947	0.0573577089
0.1128051432	0.1682548217	0.0630978602	-0.0965449628
0.1128051432	0.0554496786	0.0692526604	0.0979168792
0.0473115505	0.1068545786	0.0264638430	-0.0404918761
0.0473115505	0.0595430281	0.0290452247	0.0410672709
0.0071599653	0.0692124675	0.0040049458	-0.0061278995
0.0071599653	0.0620525022	0.0043956032	0.0062149778
0.0148002329	0.0763752184	0.0082785501	-0.0126668687
0.0148002329	0.0615749854	0.0090860707	0.0128468666
0.0529649337	0.1121546253	0.0296260781	-0.0453303583
0.0529649337	0.0591896916	0.0325159160	0.0459745085
0.0710295355	0.1290901895	0.0397305617	-0.0607910568
0.0710295355	0.0580606540	0.0436060286	0.0616549055
0.0965803364	0.1530440654	0.0540224710	-0.0826588641
0.0965803364	0.0564637290	0.0592920238	0.0838334572
0.1049981367	0.1609357532	0.0587309902	-0.0898632893
0.1049981367	0.0559376165	0.0644598296	0.0911402582
0.0603353537	0.1190643941	0.0337487423	-0.0516383767
0.0603353537	0.0587290404	0.0370407203	0.0523721647
0.1039057247	0.1599116169	0.0581199466	-0.0889283418
0.1039057247	0.0560058922	0.0637891825	0.0901920250
0.0529077216	0.1121009890	0.0295940764	-0.0452813929
0.0529077216	0.0591932674	0.0324807927	0.0459248474
0.0247612636	0.0857136846	0.0138502794	-0.0211920769
0.0247612636	0.0609524210	0.0152012872	0.0214932191
0.1111440687	0.1666975644	0.0621687337	-0.0951233222
0.1111440687	0.0555534957	0.0682329034	0.0964750369
0.0846616312	0.1418702793	0.0473557111	-0.0724581683
0.0846616312	0.0572086480	0.0519749635	0.0734878082
0.0618034984	0.1204407797	0.0345699530	-0.0528948972
0.0618034984	0.0586372814	0.0379420349	0.0536465405
0.0425651922	0.1024048677	0.0238089548	-0.0364296768
0.0425651922	0.0598396755	0.0261313688	0.0369473472
0.0212164297	0.0823904029	0.0118674670	-0.0181582095
0.0212164297	0.0611739731	0.0130250639	0.0184162400
0.0813408505	0.1387570474	0.0454982235	-0.0696160580
0.0813408505	0.0574161968	0.0499362896	0.0706053112
0.0921939673	0.1489318443	0.0515689435	-0.0789047635
0.0921939673	0.0567378770	0.0565991702	0.0800260104
0.0111642567	0.0729664907	0.0062447570	-0.0095549965
0.0111642567	0.0618022340	0.0068538939	0.0096907743
0.0775673989	0.1352194365	0.0433875332	-0.0663865267
0.0775673989	0.0576520376	0.0476197147	0.0673298878
0.0679873862	0.1262381746	0.0380289273	-0.0581874150
0.0679873862	0.0582507884	0.0417384104	0.0590142656
0.0629299480	0.1214968262	0.0352000356	-0.0538589759
0.0629299480	0.0585668783	0.0386335781	0.0546243189
0.1107889829	0.1663646715	0.0619701156	-0.0948194199
0.1107889829	0.0555756886	0.0680149113	0.0961668161
0.0771544466	0.1348322937	0.0431565472	-0.0660330989
0.0771544466	0.0576778471	0.0473661974	0.0669714378
0.0706262493	0.1287121087	0.0395049825	-0.0604459018
0.0706262493	0.0580858594	0.0433584455	0.0613048459
0.0606622223	0.1193708334	0.0339315772	-0.0519181292
0.0606622223	0.0587086111	0.0372413895	0.0526558925
0.0574650161	0.1163734526	0.0321432113	-0.0491817809
0.0574650161	0.0589084365	0.0352785798	0.0498806604
0.0365209558	0.0967383961	0.0204280949	-0.0312566805
0.0365209558	0.0602174403	0.0224207273	0.0317008420
0.0173218486	0.0787392331	0.0096890226	-0.0148250087
0.0173218486	0.0614173845	0.0106341259	0.0150356740
0.0140665183	0.0756873609	0.0078681449	-0.0120389146
0.0140665183	0.0616208426	0.0086356330	0.0122099892
0.0502617421	0.1096203833	0.0281140407	-0.0430168155
0.0502617421	0.0593586411	0.0308563888	0.0436280900
0.0946921117	0.1512738547	0.0529662873	-0.0810428155
0.0946921117	0.0565817430	0.0581328161	0.0821944443
0.0958387308	0.1523488102	0.0536076519	-0.0820241564
0.0958387308	0.0565100793	0.0588367417	0.0831897303
0.0753434656	0.1331344990	0.0421435701	-0.0644831599
0.0753434656	0.0577910334	0.0462544108	0.0653994740
0.0961490950	0.1526397766	0.0537812549	-0.0822897835
0.0961490950	0.0564906816	0.0590272787	0.0834591319
0.0626982845	0.1212796417	0.0350704541	-0.0536607053
0.0626982845	0.0585813572	0.0384913567	0.0544232309
0.0970348635	0.1534701846	0.0542767119	-0.0830478738
0.0970348635	0.0564353210	0.0595710644	0.0842279948
0.0880366122	0.1450343239	0.0492435158	-0.0753466661
0.0880366122	0.0569977117	0.0540469116	0.0764173519
0.0621413722	0.1207575364	0.0347589437	-0.0531840686
0.0621413722	0.0586161642	0.0381494604	0.0539398211
0.0915799537	0.1483562066	0.0512254934	-0.0783792563
0.0915799537	0.0567762529	0.0562222187	0.0794930356
0.0237247775	0.0847419789	0.0132705181	-0.0203049941
0.0237247775	0.0610172014	0.0145649738	0.0205935307
0.0404024216	0.1003772703	0.0225992032	-0.0345786565
0.0404024216	0.0599748486	0.0248036136	0.0350700236
0.0286432652	0.0893530611	0.0160216874	-0.0245145115
0.0286432652	0.0607097959	0.0175845024	0.0248628658
0.0343654376	0.0947175977	0.0192223999	-0.0294118672
0.0343654376	0.0603521602	0.0210974244	0.0298298137
0.0980495307	0.1544214350	0.0548442687	-0.0839162828
0.0980495307	0.0563719043	0.0601939828	0.0851087440
0.1014425446	0.1576023856	0.0567421602	-0.0868202143
0.1014425446	0.0561598410	0.0622770017	0.0880539407
0.1073404722	0.1631316927	0.0600411819	-0.0918679912
0.1073404722	0.0557912205	0.0658978222	0.0931734473
0.0763479144	0.1340761697	0.0427054113	-0.0653428235
0.0763479144	0.0577282554	0.0468710560	0.0662713534
0.0945462755	0.1511371333	0.0528847135	-0.0809180007
0.0945462755	0.0565908578	0.0580432853	0.0820678559
0.0028681277	0.0651888697	0.0016042949	-0.0024547044
0.0028681277	0.0623207420	0.0017607838	0.0024895860
0.0176631594	0.0790592119	0.0098799357	-0.0151171216
0.0176631594	0.0613960525	0.0108436614	0.0153319379
0.0095242851	0.0714290173	0.0053274345	-0.0081514169
0.0095242851	0.0619047322	0.0058470923	0.0082672496
0.0707142500	0.1287946093	0.0395542059	-0.0605212178
0.0707142500	0.0580803594	0.0434124704	0.0613812321
0.0251290104	0.0860584472	0.0140559795	-0.0215068153
0.0251290104	0.0609294369	0.0154270521	0.0218124299
0.0422766724	0.1021343804	0.0236475704	-0.0361827453
0.0422766724	0.0598577080	0.0259542425	0.0366969068
0.0081763561	0.0701653339	0.0045734668	-0.0069977838
0.0081763561	0.0619889777	0.0050195798	0.0070972232
0.0530449538	0.1122296442	0.0296708376	-0.0453988440
0.0530449538	0.0591846904	0.0325650415	0.0460439674
0.1077660911	0.1635307104	0.0602792529	-0.0922322597
0.1077660911	0.0557646193	0.0661591156	0.0935428920
0.0229133659	0.0839812805	0.0128166528	-0.0196105425
0.0229133659	0.0610679146	0.0140668369	0.0198892109
0.0814627691	0.1388713460	0.0455664190	-0.0697204028
0.0814627691	0.0574085769	0.0500111371	0.0707111387
0.0727285551	0.1306830204	0.0406809129	-0.0622451730
0.0727285551	0.0579544653	0.0446490806	0.0631296850
0.0934682417	0.1501264766	0.0522817124	-0.0799953590
0.0934682417	0.0566582349	0.0573814652	0.0811321033
0.0963944957	0.1528698398	0.0539185204	-0.0824998112
0.0963944957	0.0564753440	0.0591779336	0.0836721441
0.0362429596	0.0964777746	0.0202725969	-0.0310187558
0.0362429596	0.0602348150	0.0222500615	0.0314595363
0.0741591366	0.1320241905	0.0414811125	-0.0634695448
0.0741591366	0.0578650540	0.0455273346	0.0643714552
0.0878104893	0.1448223337	0.0491170334	-0.0751531374
0.0878104893	0.0570118444	0.0539080916	0.0762210732
0.0271368496	0.0879407965	0.0151790698	-0.0232252366
0.0271368496	0.0608039469	0.0166596928	0.0235552702
0.1056220477	0.1615206697	0.0590799764	-0.0903972672
0.1056220477	0.0558986220	0.0648428572	0.0916818240
0.1168806415	0.1720756015	0.0653775012	-0.1000330027
0.1168806415	0.0551949599	0.0717546660	0.1014544846
0.0183731837	0.0797248597	0.0102770897	-0.0157248002
0.0183731837	0.0613516760	0.0112795553	0.0159482516
0.0662464682	0.1246060639	0.0370551402	-0.0566974398
0.0662464682	0.0583595957	0.0406696364	0.0575031177
0.0007760932	0.0632275873	0.0004341098	-0.0006642240
0.0007760932	0.0624514942	0.0004764545	0.0006736627
0.0948345272	0.1514073693	0.0530459479	-0.0811647027
0.0948345272	0.0565728420	0.0582202471	0.0823180636
0.1144563613	0.1698028387	0.0640214735	-0.0979581679
0.1144563613	0.0553464774	0.0702663664	0.0993501661
0.0766242081	0.1343351951	0.0428599569	-0.0655792911
0.0766242081	0.0577109870	0.0470406766	0.0665111813
0.0897369701	0.1466284095	0.0501946156	-0.0768019277
0.0897369701	0.0568914394	0.0550907852	0.0778932930
0.0409543220	0.1008946769	0.0229079102	-0.0350510037
0.0409543220	0.0599403549	0.0251424330	0.0355490830
0.0319887532	0.0924894561	0.0178929951	-0.0273777675
0.0319887532	0.0605007029	0.0196383445	0.0277668091
0.0507407051	0.1100694110	0.0283819499	-0.0434267388
0.0507407051	0.0593287059	0.0311504309	0.0440438384
0.0477345601	0.1072511501	0.0267004546	-0.0408539115
0.0477345601	0.0595165900	0.0293049163	0.0414344509
0.0583627530	0.1172150809	0.0326453629	-0.0499501145
0.0583627530	0.0588523279	0.0358297131	0.0506599121
0.0615190728	0.1201741308	0.0344108588	-0.0526514699
0.0615190728	0.0586550579	0.0377674221	0.0533996541
0.0817063309	0.1390996852	0.0457026559	-0.0699288566
0.0817063309	0.0573933543	0.0501606631	0.0709225547
0.0610695474	0.1197527007	0.0341594156	-0.0522667408
0.0610695474	0.0586831533	0.0374914521	0.0530094580
0.0747639888	0.1325912395	0.0418194382	-0.0639872112
0.0747639888	0.0578272507	0.0458986619	0.0648964778
0.0100310399	0.0719040999	0.0056108891	-0.0085851260
0.0100310399	0.0618730600	0.0061581961	0.0087071218
0.0962472013	0.1527317512	0.0538361309	-0.0823737484
0.0962472013	0.0564845499	0.0590875075	0.0835442899
0.0768841597	0.1345788997	0.0430053615	-0.0658017723
0.0768841597	0.0576947400	0.0472002646	0.0667368240
0.1162621872	0.1714958005	0.0650315671	-0.0995036949
0.1162621872	0.0552336133	0.0713749882	0.1009176552
0.0590358625	0.1178461211	0.0330218685	-0.0505261994
0.0590358625	0.0588102586	0.0362429445	0.0512441832
0.0142899601	0.0758968376	0.0079931276	-0.0122301486
0.0142899601	0.0616068775	0.0087728070	0.0124039406
0.0135254686	0.0751801268	0.0075655073	-0.0115758540
0.0135254686	0.0616546582	0.0083034750	0.0117403484
0.0476633462	0.1071843871	0.0266606209	-0.0407929626
0.0476633462	0.0595210409	0.0292611971	0.0413726359
0.0383619780	0.0984643544	0.0214578756	-0.0328323305
0.0383619780	0.0601023764	0.0235509566	0.0332988822
0.0729775419	0.1309164455	0.0408201843	-0.0624582698
0.0729775419	0.0579389036	0.0448019370	0.0633458099
0.0025439889	0.0648849896	0.0014229870	-0.0021772882
0.0025439889	0.0623410007	0.0015617905	0.0022082278
0.0928771257	0.1495723054	0.0519510701	-0.0794894488
0.0928771257	0.0566951796	0.0570185708	0.0806190041
0.0342391912	0.0945992417	0.0191517837	-0.0293038185
0.0342391912	0.0603600506	0.0210199199	0.0297202295
0.0797363245	0.1372528042	0.0446007276	-0.0682428147
0.0797363245	0.0575164797	0.0489512485	0.0692125539
0.0346581046	0.0949919731	0.0193861040	-0.0296623481
0.0346581046	0.0603338685	0.0212770968	0.0300838539
0.0326145286	0.0930761206	0.0182430243	-0.0279133413
0.0326145286	0.0604615920	0.0200225168	0.0283099934
0.1104538419	0.1660504767	0.0617826535	-0.0945325874
0.1104538419	0.0555966349	0.0678091635	0.0958759077
0.0606989917	0.1194053047	0.0339521443	-0.0519495985
0.0606989917	0.0587063130	0.0372639628	0.0526878090
0.0668619819	0.1251831080	0.0373994294	-0.0572242309
0.0668619819	0.0583211261	0.0410475089	0.0580373946
0.0777779920	0.1354168675	0.0435053290	-0.0665667641
0.0777779920	0.0576388755	0.0477490007	0.0675126864
0.0972313612	0.1536544011	0.0543866234	-0.0832160475
0.0972313612	0.0564230399	0.0596916970	0.0843985583
0.0386163721	0.0987028489	0.0216001716	-0.0330500552
0.0386163721	0.0600864767	0.0237071328	0.0335197008
0.0982899947	0.1546468700	0.0549787729	-0.0841220854
0.0982899947	0.0563568753	0.0603416070	0.0853174711
0.1172005621	0.1723755269	0.0655564496	-0.1003068087
0.1172005621	0.0551749649	0.0719510697	0.1017321814
0.0580876400	0.1169571625	0.0324914777	-0.0497146574
0.0580876400	0.0588695225	0.0356608173	0.0504211091
0.0662981743	0.1246545384	0.0370840621	-0.0567416927
0.0662981743	0.0583563641	0.0407013795	0.0575479995
0.0890586795	0.1459925121	0.0498152119	-0.0762214086
0.0890586795	0.0569338325	0.0546743731	0.0773045246
0.0622712211	0.1208792698	0.0348315750	-0.0532952006
0.0622712211	0.0586080487	0.0382291765	0.0540525322
0.0619761944	0.1206026822	0.0346665510	-0.0530427002
0.0619761944	0.0586264879	0.0380480554	0.0537964438
0.0870826982	0.1441400296	0.0487099415	-0.0745302531
0.0870826982	0.0570573314	0.0534612905	0.0755893376
0.0392795002	0.0993245314	0.0219710941	-0.0336175974
0.0392795002	0.0600450312	0.0241142364	0.0340953078
0.0375437303	0.0976972471	0.0210001865	-0.0321320282
0.0375437303	0.0601535169	0.0230486228	0.0325886285
0.0375754788	0.0977270113	0.0210179451	-0.0321592004
0.0375754788	0.0601515326	0.0230681137	0.0326161867
0.0567068758	0.1156626960	0.0317191435	-0.0485329220
0.0567068758	0.0589558203	0.0348131468	0.0492225811
0.0129719506	0.0746612037	0.0072558955	-0.0111021223
0.0129719506	0.0616892531	0.0079636625	0.0112598848
0.1149078964	0.1702261528	0.0642740409	-0.0983446169
0.1149078964	0.0553182565	0.0705435700	0.0997421066
0.0794971704	0.1370285973	0.0444669561	-0.0680381333
0.0794971704	0.0575314268	0.0488044285	0.0690049639
0.0160741612	0.0775695261	0.0089911253	-0.0137571679
0.0160741612	0.0614953649	0.0098681531	0.0139526590
0.0450471227	0.1047316775	0.0251972292	-0.0385538519
0.0450471227	0.0596845548	0.0276550607	0.0391017071
0.0780922962	0.1357115277	0.0436811359	-0.0668357632
0.0780922962	0.0576192315	0.0479419565	0.0677855080
0.1016761964	0.1578214341	0.0568728539	-0.0870201866
0.1016761964	0.0561452377	0.0624204438	0.0882567547
0.0394063754	0.0994434769	0.0220420621	-0.0337261843
0.0394063754	0.0600371015	0.0241921268	0.0342054377
0.0024918182	0.0648360795	0.0013938052	-0.0021326376
0.0024918182	0.0623442614	0.0015297621	0.0021629427
0.0446105599	0.1043223999	0.0249530367	-0.0381802170
0.0446105599	0.0597118400	0.0273870487	0.0387227629
0.0485615146	0.1080264199	0.0271630138	-0.0415616654
0.0485615146	0.0594649053	0.0298125952	0.0421522621
0.1117766798	0.1672906373	0.0625225865	-0.0956647463
0.1117766798	0.0555139575	0.0686212723	0.0970241547
0.0349362989	0.0952527802	0.0195417128	-0.0299004424
0.0349362989	0.0603164813	0.0214478842	0.0303253315
0.0938444473	0.1504791693	0.0524921440	-0.0803173368
0.0938444473	0.0566347220	0.0576124231	0.0814586565
0.0806330071	0.1380934442	0.0451022894	-0.0690102460
0.0806330071	0.0574604371	0.0495017346	0.0699908905
0.0704757419	0.1285710080	0.0394207958	-0.0603170892
0.0704757419	0.0580952661	0.0432660469	0.0611742028
0.0058425880	0.0679774262	0.0032680673	-0.0050004142
0.0058425880	0.0621348383	0.0035868468	0.0050714707
0.0990718039	0.1553798161	0.0554160800	-0.0847912015
0.0990718039	0.0563080123	0.0608215707	0.0859960954
0.0501911483	0.1095542016	0.0280745538	-0.0429563973
0.0501911483	0.0593630532	0.0308130503	0.0435668133
0.0062807210	0.0683881760	0.0035131382	-0.0053753930
0.0062807210	0.0621074549	0.0038558228	0.0054517780
0.1097793360	0.1654181275	0.0614053669	-0.0939553075
0.1097793360	0.0556387915	0.0673950749	0.0952904246
0.0387588509	0.0988364227	0.0216798675	-0.0331719965
0.0387588509	0.0600775718	0.0237946024	0.0336433749
0.0955363348	0.1520653139	0.0534385058	-0.0817653490
0.0955363348	0.0565289791	0.0586510966	0.0829272451
0.0063824040	0.0684835037	0.0035700148	-0.0054624190
0.0063824040	0.0621010998	0.0039182474	0.0055400407
0.0761708674	0.1339101882	0.0426063795	-0.0651912967
0.0761708674	0.0577393208	0.0467623644	0.0661176735
0.1149321327	0.1702488744	0.0642875976	-0.0983653597
0.1149321327	0.0553167417	0.0705584491	0.0997631442
0.0645619252	0.1230268049	0.0361128865	-0.0552557135
0.0645619252	0.0584648797	0.0396354719	0.0560409043
0.0787039707	0.1362849725	0.0440232777	-0.0673592685
0.0787039707	0.0575810018	0.0483174720	0.0683164524
0.0746338317	0.1324692172	0.0417466345	-0.0638758154
0.0746338317	0.0578353855	0.0458187566	0.0647834990
0.0765485506	0.1342642662	0.0428176377	-0.0655145392
0.0765485506	0.0577157156	0.0469942294	0.0664455092
0.0186519027	0.0799861587	0.0104329919	-0.0159633435
0.0186519027	0.0613342561	0.0114506648	0.0161901847
0.0816426244	0.1390399604	0.0456670215	-0.0698743330
0.0816426244	0.0573973360	0.0501215528	0.0708672563
0.0261667875	0.0870313633	0.0146364630	-0.0223950031
0.0261667875	0.0608645758	0.0160641581	0.0227132390
0.1159879226	0.1712386774	0.0648781565	-0.0992689638
0.1159879226	0.0552507548	0.0712066133	0.1006795886
0.0151244572	0.0766791786	0.0084599058	-0.0129443580
0.0151244572	0.0615547214	0.0092851165	0.0131282990
0.0200462063	0.0812933184	0.0112128994	-0.0171566667
0.0200462063	0.0612471121	0.0123066474	0.0174004652
0.0333105270	0.0937286191	0.0186323329	-0.0285090156
0.0333105270	0.0604180921	0.0204498000	0.0289141324
0.1079760469	0.1637275440	0.0603966922	-0.0924119516
0.1079760469	0.0557514971	0.0662880104	0.0937251374
0.0923345962	0.1490636840	0.0516476047	-0.0790251217
0.0923345962	0.0567290877	0.0566855043	0.0801480788
0.0388815176	0.0989514227	0.0217484814	-0.0332769816
0.0388815176	0.0600699052	0.0238699092	0.0337498518
0.0722516915	0.1302359608	0.0404141780	-0.0618370464
0.0722516915	0.0579842693	0.0443563273	0.0627157588
0.1052700738	0.1611906942	0.0588830989	-0.0900960282
0.1052700738	0.0559206204	0.0646267755	0.0913763044
0.0437921017	0.1035550953	0.0244952299	-0.0374797346
0.0437921017	0.0597629936	0.0268845857	0.0380123265
0.0275964276	0.0883716508	0.0154361360	-0.0236185691
0.0275964276	0.0607752233	0.0169418341	0.0239541921
0.0049156256	0.0671083990	0.0027495684	-0.0042070679
0.0049156256	0.0621927734	0.0030177716	0.0042668508
0.0365337179	0.0967503606	0.0204352334	-0.0312676031
0.0365337179	0.0602166426	0.0224285621	0.0317119197
0.0487600077	0.1082125073	0.0272740415	-0.0417315470
0.0487600077	0.0594524995	0.0299344530	0.0423245577
0.0455675003	0.1052195315	0.0254883038	-0.0389992202
0.0455675003	0.0596520312	0.0279745279	0.0395534042
0.0061842247	0.0682977106	0.0034591627	-0.0052928060
0.0061842247	0.0621134860	0.0037965823	0.0053680175
0.0261030174	0.0869715788	0.0146007930	-0.0223404250
0.0261030174	0.0608685614	0.0160250087	0.0226578854
0.0547785390	0.1138548803	0.0306405231	-0.0468825434
0.0547785390	0.0590763413	0.0336293138	0.0475487504
0.0499999814	0.1093749825	0.0279676241	-0.0427927859
0.0499999814	0.0593750012	0.0306956902	0.0434008770
0.1129529805	0.1683934192	0.0631805534	-0.0966714903
0.1129529805	0.0554404387	0.0693434198	0.0980452047
0.1097243788	0.1653666051	0.0613746264	-0.0939082720
0.1097243788	0.0556422263	0.0673613359	0.0952427207
0.0646869038	0.1231439723	0.0361827936	-0.0553626771
0.0646869038	0.0584570685	0.0397121980	0.0561493879
0.1000823226	0.1563271774	0.0559813163	-0.0856560600
0.1000823226	0.0562448548	0.0614419423	0.0868732437
0.0117063124	0.0734746679	0.0065479573	-0.0100189182
0.0117063124	0.0617683555	0.0071866695	0.0101612883
0.1037204365	0.1597379092	0.0580163051	-0.0887697618
0.1037204365	0.0560174727	0.0636754314	0.0900311916
0.0142379396	0.0758480683	0.0079640298	-0.0121856265
0.0142379396	0.0616101288	0.0087408709	0.0123587859
0.0533055632	0.1124739655	0.0298166102	-0.0456218881
0.0533055632	0.0591684023	0.0327250333	0.0462701810
0.0890458911	0.1459805229	0.0498080587	-0.0762104635
0.0890458911	0.0569346318	0.0546665221	0.0772934240
0.0909234932	0.1477407749	0.0508583005	-0.0778174206
0.0909234932	0.0568172817	0.0558192084	0.0789232162
0.0745973236	0.1324349909	0.0417262136	-0.0638445698
0.0745973236	0.0578376673	0.0457963438	0.0647518094
0.1158986308	0.1711549664	0.0648282108	-0.0991925429
0.1158986308	0.0552563356	0.0711517958	0.1006020817
0.0950973075	0.1516537258	0.0531929347	-0.0813896048
0.0950973075	0.0565564183	0.0583815715	0.0825461615
0.1123122173	0.1677927037	0.0628221408	-0.0961230893
0.1123122173	0.0554804864	0.0689500463	0.0974890108
0.0086841154	0.0706413582	0.0048574833	-0.0074323526
0.0086841154	0.0619572428	0.0053313003	0.0075379673
0.0890769777	0.1460096666	0.0498254470	-0.0762370691
0.0890769777	0.0569326889	0.0546856066	0.0773204077
0.0957487632	0.1522644655	0.0535573282	-0.0819471571
0.0957487632	0.0565157023	0.0587815094	0.0831116368
0.0592356178	0.1180333917	0.0331336021	-0.0506971611
0.0592356178	0.0587977739	0.0363655770	0.0514175744
0.0879015981	0.1449077482	0.0491679953	-0.0752311134
0.0879015981	0.0570061501	0.0539640246	0.0763001573
0.0080294087	0.0700275707	0.0044912714	-0.0068720179
0.0080294087	0.0619981620	0.0049293667	0.0069696702
0.0761682898	0.1339077717	0.0426049378	-0.0651890907
0.0761682898	0.0577394819	0.0467607820	0.0661154361
0.0921950494	0.1489328588	0.0515695488	-0.0789056896
0.0921950494	0.0567378094	0.0565998346	0.0800269497
0.0916439207	0.1484161757	0.0512612735	-0.0784340028
0.0916439207	0.0567722550	0.0562614889	0.0795485602
0.0171144445	0.0785447917	0.0095730106	-0.0146475007
0.0171144445	0.0614303472	0.0105067976	0.0148556435
0.1053063068	0.1612246626	0.0589033659	-0.0901270385
0.1053063068	0.0559183558	0.0646490195	0.0914077553
0.0806179992	0.1380793742	0.0450938947	-0.0689974013
0.0806179992	0.0574613751	0.0494925210	0.0699778633
0.0481385050	0.1076298485	0.0269264023	-0.0411996302
0.0481385050	0.0594913434	0.0295529038	0.0417850822
0.0225592022	0.0836492521	0.0126185504	-0.0193074294
0.0225592022	0.0610900499	0.0138494108	0.0195817905
0.1070731230	0.1628810528	0.0598916393	-0.0916391787
0.1070731230	0.0558079298	0.0657336927	0.0929413833
0.1105712554	0.1661605520	0.0618483291	-0.0946330765
0.1105712554	0.0555892965	0.0678812453	0.0959778248
0.0169294306	0.0783713412	0.0094695225	-0.0144891554
0.0169294306	0.0614419106	0.0103932150	0.0146950481
0.0233005546	0.0843442699	0.0130332279	-0.0199419203
0.0233005546	0.0610437153	0.0143045374	0.0202252976
0.0307482123	0.0913264490	0.0171990953	-0.0263160432
0.0307482123	0.0605782367	0.0188767590	0.0266899975
0.0914455500	0.1482302031	0.0511503143	-0.0782642261
0.0914455500	0.0567846531	0.0561397064	0.0793763708
0.0950107413	0.1515725700	0.0531445137	-0.0813155166
0.0950107413	0.0565618287	0.0583284273	0.0824710206
0.0804812663	0.1379511872	0.0450174128	-0.0688803777
0.0804812663	0.0574699209	0.0494085788	0.0698591767
0.0453819640	0.1050455912	0.0253845236	-0.0388404279
0.0453819640	0.0596636273	0.0278606245	0.0393923554
0.0734454225	0.1313550836	0.0410818946	-0.0628587082
0.0734454225	0.0579096611	0.0450891755	0.0637519386
0.0470509980	0.1066103106	0.0263181023	-0.0402688807
0.0470509980	0.0595593126	0.0288852679	0.0408411067
0.0496598072	0.1090560692	0.0277773467	-0.0425016458
0.0496598072	0.0593962621	0.0304868525	0.0431055997
0.1110909326	0.1666477493	0.0621390119	-0.0950778454
0.1110909326	0.0555568167	0.0682002824	0.0964289139
0.0808494695	0.1382963776	0.0452233682	-0.0691955066
0.0808494695	0.0574469082	0.0496346238	0.0701787837
0.1166348468	0.1718451689	0.0652400152	-0.0998226378
0.1166348468	0.0552103221	0.0716037691	0.1012411304
0.0406055570	0.1005677097	0.0227128275	-0.0347525111
0.0406055570	0.0599621527	0.0249283212	0.0352463488
0.0589814783	0.1177951359	0.0329914485	-0.0504796543
0.0589814783	0.0588136576	0.0362095572	0.0511969767
0.0711697924	0.1292216804	0.0398090148	-0.0609110965
0.0711697924	0.0580518880	0.0436921343	0.0617766511
0.0968681193	0.1533138619	0.0541834431	-0.0829051648
0.0968681193	0.0564457425	0.0594686978	0.0840832579
0.1094109990	0.1650728116	0.0611993366	-0.0936400641
0.1094109990	0.0556618126	0.0671689476	0.0949707015
0.1035472776	0.1595755728	0.0579194482	-0.0886215627
0.1035472776	0.0560282951	0.0635691268	0.0898808866
0.0753026676	0.1330962509	0.0421207497	-0.0644482427
0.0753026676	0.0577935833	0.0462293643	0.0653640606
0.1164453829	0.1716675465	0.0651340381	-0.0996604840
0.1164453829	0.0552221636	0.0714874546	0.1010766723
0.0010596976	0.0634934665	0.0005927447	-0.0009069486
0.0010596976	0.0624337689	0.0006505632	0.0009198364
0.0386689326	0.0987521243	0.0216295715	-0.0330950394
0.0386689326	0.0600831917	0.0237394004	0.0335653242
0.0437796008	0.1035433758	0.0244882375	-0.0374690357
0.0437796008	0.0597637749	0.0268769113	0.0380014755
0.0092899166	0.0712092968	0.0051963398	-0.0079508312
0.0092899166	0.0619193802	0.0057032101	0.0080638135
0.0873679486	0.1444074518	0.0488694970	-0.0747743863
0.0873679486	0.0570395032	0.0536364096	0.0758369400
0.0955075454	0.1520383238	0.0534224024	-0.0817407093
0.0955075454	0.0565307784	0.0586334223	0.0829022554
0.0685979087	0.1268105394	0.0383704247	-0.0587099343
0.0685979087	0.0582126307	0.0421132188	0.0595442101
0.0710757986	0.1291335611	0.0397564391	-0.0608306513
0.0710757986	0.0580577626	0.0436344301	0.0616950627
0.0473993116	0.1069368547	0.0265129324	-0.0405669870
0.0473993116	0.0595375430	0.0290991026	0.0411434492
0.0485595951	0.1080246204	0.0271619401	-0.0415600226
0.0485595951	0.0594650253	0.0298114169	0.0421505959
0.0823630437	0.1397153534	0.0460699900	-0.0704909082
0.0823630437	0.0573523098	0.0505638283	0.0714925931
0.0765487459	0.1342644493	0.0428177469	-0.0655147063
0.0765487459	0.0577157034	0.0469943493	0.0664456788
0.0948556529	0.1514271746	0.0530577646	-0.0811827832
0.0948556529	0.0565715217	0.0582332164	0.0823364010
0.0010273031	0.0634630967	0.0005746248	-0.0008792236
0.0010273031	0.0624357936	0.0006306758	0.0008917174
0.0719520837	0.1299550785	0.0402465915	-0.0615806253
0.0719520837	0.0580029948	0.0441723939	0.0624556939
0.0429902635	0.1028033720	0.0240467195	-0.0367934765
0.0429902635	0.0598131085	0.0263923260	0.0373163166
0.0651518486	0.1235798581	0.0364428617	-0.0557606030
0.0651518486	0.0584280095	0.0399976341	0.0565529683
0.1068455785	0.1626677299	0.0597643617	-0.0914444335
0.1068455785	0.0558221513	0.0655940000	0.0927438707
0.0846431366	0.1418529406	0.0473453661	-0.0724423395
0.0846431366	0.0572098040	0.0519636093	0.0734717545
0.0315919605	0.0921174630	0.0176710481	-0.0270381701
0.0315919605	0.0605255025	0.0193947479	0.0274223860
0.0525211428	0.1117385713	0.0293778425	-0.0449505371
0.0525211428	0.0592174286	0.0322434666	0.0455892901
0.1015245026	0.1576792212	0.0567880036	-0.0868903585
0.1015245026	0.0561547186	0.0623273168	0.0881250817
0.0312085695	0.0917580339	0.0174565973	-0.0267100426
0.0312085695	0.0605494644	0.0191593788	0.0270895958
0.0502332784	0.1095936985	0.0280981194	-0.0429924546
0.0502332784	0.0593604201	0.0308389145	0.0436033830
0.0315390561	0.0920678651	0.0176414558	-0.0269928916
0.0315390561	0.0605288090	0.0193622691	0.0273764640
0.0723553745	0.1303331636	0.0404721734	-0.0619257841
0.0723553745	0.0579777891	0.0444199798	0.0628057575
0.0076180775	0.0696419477	0.0042611921	-0.0065199776
0.0076180775	0.0620238702	0.0046768447	0.0066126274
0.0912906704	0.1480850035	0.0510636820	-0.0781316714
0.0912906704	0.0567943331	0.0560446236	0.0792419326
0.0745506871	0.1323912691	0.0417001273	-0.0638046556
0.0745506871	0.0578405821	0.0457677129	0.0647113280
0.0355717042	0.0958484727	0.0198971284	-0.0304442578
0.0355717042	0.0602767685	0.0218379684	0.0308768747
0.1009446434	0.1571356032	0.0564636578	-0.0863940825
0.1009446434	0.0561909598	0.0619713331	0.0876217535
0.0370078937	0.0971949003	0.0207004649	-0.0316734293
0.0370078937	0.0601870066	0.0227196653	0.0321235128
0.0064452446	0.0685424168	0.0036051649	-0.0055162015
0.0064452446	0.0620971722	0.0039568261	0.0055945874
0.1135466972	0.1689500286	0.0635126504	-0.0971796263
0.1135466972	0.0554033314	0.0697079108	0.0985605613
0.0390458133	0.0991054500	0.0218403807	-0.0334175951
0.0390458133	0.0600596367	0.0239707727	0.0338924634
0.0499816221	0.1093577708	0.0279573548	-0.0427770731
0.0499816221	0.0593761486	0.0306844192	0.0433849408
0.0769902020	0.1346783143	0.0430646765	-0.0658925292
0.0769902020	0.0576881124	0.0472653654	0.0668288705
0.1007667644	0.1569688416	0.0563641607	-0.0862418437
0.1007667644	0.0562020772	0.0618621307	0.0874673514
0.0269769018	0.0877908455	0.0150896026	-0.0230883443
0.0269769018	0.0608139436	0.0165614986	0.0234164327
0.0666665828	0.1249999214	0.0372901324	-0.0570569974
0.0666665828	0.0583333386	0.0409275507	0.0578677847
0.0264717621	0.0873172770	0.0148070514	-0.0226560175
0.0264717621	0.0608455149	0.0162513863	0.0229779624
0.0200885629	0.0813330277	0.0112365917	-0.0171929178
0.0200885629	0.0612444648	0.0123326507	0.0174372314
0.0685495193	0.1267651744	0.0383433580	-0.0586685200
0.0685495193	0.0582156550	0.0420835119	0.0595022072
0.0141278351	0.0757448454	0.0079024425	-0.0120913929
0.0141278351	0.0616170103	0.0086732762	0.0122632132
0.0128564986	0.0745529675	0.0071913171	-0.0110033120
0.0128564986	0.0616964688	0.0078927849	0.0111596705
0.0676823156	0.1259521708	0.0378582852	-0.0579263184
0.0676823156	0.0582698553	0.0415511233	0.0587494589
0.0929669087	0.1496564769	0.0520012904	-0.0795662901
0.0929669087	0.0566895682	0.0570736898	0.0806969373
0.0522540998	0.1114882185	0.0292284713	-0.0447219868
0.0522540998	0.0592341188	0.0320795251	0.0453574920
0.0057871602	0.0679254627	0.0032370636	-0.0049529760
0.0057871602	0.0621383025	0.0035528189	0.0050233585
0.0288992227	0.0895930213	0.0161648579	-0.0247335742
0.0288992227	0.0606937986	0.0177416383	0.0250850415
0.0008581362	0.0633045027	0.0004800008	-0.0007344411
0.0008581362	0.0624463665	0.0005268219	0.0007448776
0.0102486521	0.0721081114	0.0057326111	-0.0087713708
0.0102486521	0.0618594592	0.0062917914	0.0088960131
0.0434241624	0.1032101523	0.0242894221	-0.0371648316
0.0434241624	0.0597859898	0.0266587027	0.0376929487
0.0290741370	0.0897570034	0.0162626967	-0.0248832757
0.0290741370	0.0606828664	0.0178490207	0.0252368702
0.0033650066	0.0656546937	0.0018822255	-0.0028799612
0.0033650066	0.0622896871	0.0020658248	0.0029208858
0.0732443996	0.1311666246	0.0409694519	-0.0626866616
0.0732443996	0.0579222250	0.0449657647	0.0635774471
0.0578170158	0.1167034523	0.0323401033	-0.0494830421
0.0578170158	0.0588864365	0.0354946773	0.0501862025
0.1166232092	0.1718342587	0.0652335057	-0.0998126777
0.1166232092	0.0552110494	0.0715966247	0.1012310288
0.0548701579	0.1139407731	0.0306917704	-0.0469609560
0.0548701579	0.0590706151	0.0336855599	0.0476282772
0.0722354448	0.1302207295	0.0404050903	-0.0618231415
0.0722354448	0.0579852847	0.0443463532	0.0627016563
0.0874463070	0.1444809128	0.0489133270	-0.0748414498
0.0874463070	0.0570346058	0.0536845150	0.0759049564
0.0276260918	0.0883994611	0.0154527287	-0.0236439574
0.0276260918	0.0607733693	0.0169600454	0.0239799411
0.0557197647	0.1147372794	0.0311670002	-0.0476880970
0.0557197647	0.0590175147	0.0342071455	0.0483657510
0.1117802782	0.1672940108	0.0625245993	-0.0956678260
0.1117802782	0.0555137326	0.0686234814	0.0970272782
0.0600879212	0.1188324261	0.0336103403	-0.0514266101
0.0600879212	0.0587445049	0.0368888180	0.0521573889
0.0150163550	0.0765778328	0.0083994386	-0.0128518381
0.0150163550	0.0615614778	0.0092187511	0.0130344644
0.0286680291	0.0893762773	0.0160355392	-0.0245357058
0.0286680291	0.0607082482	0.0175997054	0.0248843614
0.0196357090	0.0809084772	0.0109832866	-0.0168053401
0.0196357090	0.0612727682	0.0120546373	0.0170441462
0.0003297350	0.0628091265	0.0001844381	-0.0002822057
0.0003297350	0.0624793916	0.0002024289	0.0002862158
0.0334654140	0.0938738256	0.0187189693	-0.0286415766
0.0334654140	0.0604084116	0.0205448872	0.0290485771
0.0394643496	0.0994978277	0.0220744901	-0.0337758019
0.0394643496	0.0600334782	0.0242277180	0.0342557604
0.0826234940	0.1399595256	0.0462156736	-0.0707138161
0.0826234940	0.0573360316	0.0507237224	0.0717186686
0.1102191965	0.1658304967	0.0616514040	-0.0943317647
0.1102191965	0.0556113002	0.0676651114	0.0956722313
0.0877618257	0.1447767116	0.0490898132	-0.0751114884
0.0877618257	0.0570148859	0.0538782163	0.0761788323
0.1168533406	0.1720500069	0.0653622304	-0.1000096371
0.1168533406	0.0551966662	0.0717379056	0.1014307870
0.0984628700	0.1548089406	0.0550754712	-0.0842700418
0.0984628700	0.0563460706	0.0604477376	0.0854675299
0.0609928850	0.1196808297	0.0341165343	-0.0522011289
0.0609928850	0.0586879447	0.0374443880	0.0529429137
0.0338584839	0.0942423287	0.0189388340	-0.0289779879
0.0338584839	0.0603838448	0.0207861984	0.0293897688
0.0831343811	0.1404384822	0.0465014396	-0.0711510619
0.0831343811	0.0573041012	0.0510373631	0.0721621277
0.0862317997	0.1433423122	0.0482339891	-0.0738020064
0.0862317997	0.0571105125	0.0529389119	0.0748507424
0.0282956285	0.0890271517	0.0158272359	-0.0242169845
0.0282956285	0.0607315232	0.0173710834	0.0245611110
0.0959123992	0.1524178742	0.0536488584	-0.0820872059
0.0959123992	0.0565054751	0.0588819678	0.0832536757
0.0443604715	0.1040879421	0.0248131491	-0.0379661774
0.0443604715	0.0597274705	0.0272335160	0.0385056817
0.0376566231	0.0978030842	0.0210633334	-0.0322286482
0.0376566231	0.0601464611	0.0231179293	0.0326866215
0.0928399247	0.1495374294	0.0519302616	-0.0794576101
0.0928399247	0.0566975047	0.0569957326	0.0805867130
0.0576795166	0.1165745468	0.0322631928	-0.0493653626
0.0576795166	0.0588950302	0.0354102647	0.0500668507
0.0645681630	0.1230326529	0.0361163757	-0.0552610522
0.0645681630	0.0584644898	0.0396393014	0.0560463189
0.0035925276	0.0658679947	0.0020094900	-0.0030746865
0.0035925276	0.0622754670	0.0022055031	0.0031183782
0.0813564895	0.1387717089	0.0455069712	-0.0696294427
0.0813564895	0.0574152194	0.0499458905	0.0706188861
0.0496052817	0.1090049516	0.0277468477	-0.0424549798
0.0496052817	0.0593996699	0.0304533785	0.0430582706
0.0766293642	0.1343400290	0.0428628410	-0.0655837040
0.0766293642	0.0577106647	0.0470438420	0.0665156569
0.0173696040	0.0787840038	0.0097157347	-0.0148658805
0.0173696040	0.0614143997	0.0106634437	0.0150771266
0.0473201719	0.1068626611	0.0264686654	-0.0404992548
0.0473201719	0.0595424893	0.0290505176	0.0410747544
0.0644356880	0.1229084575	0.0360422754	-0.0551476726
0.0644356880	0.0584727695	0.0395579731	0.0559313281
0.0332381379	0.0936607543	0.0185918418	-0.0284470610
0.0332381379	0.0604226164	0.0204053593	0.0288512974
0.0018905427	0.0642723838	0.0010574801	-0.0016180324
0.0018905427	0.0623818411	0.0011606307	0.0016410248
0.0131542935	0.0748321502	0.0073578895	-0.0112581815
0.0131542935	0.0616778567	0.0080756054	0.0114181617
0.0222654788	0.0833738863	0.0124542554	-0.0190560444
0.0222654788	0.0611084076	0.0136690899	0.0193268333
0.0889426025	0.1458836899	0.0497502840	-0.0761220634
0.0889426025	0.0569410873	0.0546031118	0.0772037677
0.0381544830	0.0982698279	0.0213418127	-0.0326547447
0.0381544830	0.0601153448	0.0234235726	0.0331187728
0.0297184044	0.0903610042	0.0166230694	-0.0254346759
0.0297184044	0.0606425997	0.0182445455	0.0257961059
0.0486673676	0.1081256571	0.0272222230	-0.0416522604
0.0486673676	0.0594582895	0.0298775799	0.0422441444
0.0718263466	0.1298371999	0.0401762601	-0.0614730124
0.0718263466	0.0580108533	0.0440952021	0.0623465518
0.0099321081	0.0718113513	0.0055555514	-0.0085004547
0.0099321081	0.0618792432	0.0060974605	0.0086212472
0.0479694686	0.1074713768	0.0268318513	-0.0410549593
0.0479694686	0.0595019082	0.0294491299	0.0416383556
0.0172013214	0.0786262388	0.0096216054	-0.0147218547
0.0172013214	0.0614249174	0.0105601326	0.0149310542
0.0567056816	0.1156615765	0.0317184755	-0.0485318999
0.0567056816	0.0589558949	0.0348124137	0.0492215445
0.0100870765	0.0719566342	0.0056422334	-0.0086330853
0.0100870765	0.0618695577	0.0061925978	0.0087557626
0.0291907734	0.0898663501	0.0163279376	-0.0249830996
0.0291907734	0.0606755767	0.0179206254	0.0253381127
0.0543970744	0.1134972572	0.0304271498	-0.0465560645
0.0543970744	0.0591001829	0.0333951273	0.0472176322
0.0939496813	0.1505778262	0.0525510069	-0.0804074020
0.0939496813	0.0566281449	0.0576770277	0.0815500016
0.0115971979	0.0733723730	0.0064869238	-0.0099255319
0.0115971979	0.0617751751	0.0071196825	0.0100665749
0.0223168573	0.0834220537	0.0124829941	-0.0191000170
0.0223168573	0.0611051964	0.0137006319	0.0193714308
0.1057189696	0.1616115340	0.0591341900	-0.0904802184
0.1057189696	0.0558925644	0.0649023590	0.0917659540
0.1176179672	0.1727668442	0.0657899263	-0.1006640473
0.1176179672	0.0551488771	0.0722073205	0.1020944964
0.1068613954	0.1626825582	0.0597732089	-0.0914579704
0.1068613954	0.0558211628	0.0656037102	0.0927576000
0.0504638893	0.1098098962	0.0282271122	-0.0431898244
0.0504638893	0.0593460069	0.0309804898	0.0438035573
0.0634419702	0.1219768471	0.0354864367	-0.0542971933
0.0634419702	0.0585348769	0.0389479158	0.0550687634
0.0123687674	0.0740957194	0.0069185033	-0.0105858843
0.0123687674	0.0617269520	0.0075933599	0.0107363110
0.0628738513	0.1214442356	0.0351686578	-0.0538109652
0.0628738513	0.0585703843	0.0385991396	0.0545756260
0.0207407782	0.0819444795	0.0116014100	-0.0177511202
0.0207407782	0.0612037014	0.0127330548	0.0180033659
0.1169554702	0.1721457534	0.0654193568	-0.1000970453
0.1169554702	0.0551902831	0.0718006044	0.1015194373
0.1102620131	0.1658706373	0.0616753536	-0.0943684096
0.1102620131	0.0556086242	0.0676913971	0.0957093969
0.0628568539	0.1214283005	0.0351591503	-0.0537964179
0.0628568539	0.0585714466	0.0385887047	0.0545608720
0.1009068443	0.1571001666	0.0564425148	-0.0863617320
0.1009068443	0.0561933222	0.0619481277	0.0875889433
0.0675926049	0.1258680671	0.0378081054	-0.0578495390
0.0675926049	0.0582754622	0.0414960487	0.0586715884
0.0513642592	0.1106539930	0.0287307365	-0.0439604113
0.0513642592	0.0592897338	0.0315332395	0.0445850945
0.1067139799	0.1625443562	0.0596907517	-0.0913318040
0.1067139799	0.0558303763	0.0655132098	0.0926296408
0.0913122692	0.1481052524	0.0510757634	-0.0781501569
0.0913122692	0.0567929832	0.0560578834	0.0792606807
0.1139691671	0.1693460942	0.0637489602	-0.0975411998
0.1139691671	0.0553769271	0.0699672710	0.0989272728
0.0205198790	0.0817373866	0.0114778495	-0.0175620623
0.0205198790	0.0612175076	0.0125974417	0.0178116215
0.0823012954	0.1396574645	0.0460354510	-0.0704380606
0.0823012954	0.0573561690	0.0505259202	0.0714389945
0.0930574658	0.1497413742	0.0520519438	-0.0796437939
0.0930574658	0.0566839084	0.0571292841	0.0807755425
0.0481446930	0.1076356497	0.0269298635	-0.0412049262
0.0481446930	0.0594909567	0.0295567026	0.0417904535
0.0159218409	0.0774267258	0.0089059245	-0.0136268037
0.0159218409	0.0615048849	0.0097746416	0.0138204423
0.1171304587	0.1723098051	0.0655172371	-0.1002468103
0.1171304587	0.0551793463	0.0719080323	0.1016713304
0.0076024807	0.0696273256	0.0042524680	-0.0065066290
0.0076024807	0.0620248450	0.0046672696	0.0065990890
0.0277498307	0.0885154663	0.0155219425	-0.0237498602
0.0277498307	0.0607656356	0.0170360105	0.0240873488
0.0357980117	0.0960606359	0.0200237141	-0.0306379444
0.0357980117	0.0602626243	0.0219769017	0.0310733136
0.1095706091	0.1652224460	0.0612886149	-0.0937766673
0.1095706091	0.0556518369	0.0672669345	0.0951092459
0.1034700382	0.1595031608	0.0578762441	-0.0885554569
0.1034700382	0.0560331226	0.0635217084	0.0898138413
0.0324150152	0.0928890768	0.0181314260	-0.0277425865
0.0324150152	0.0604740615	0.0199000327	0.0281368122
0.0885888756	0.1455520709	0.0495524258	-0.0758193241
0.0885888756	0.0569631953	0.0543859539	0.0768967264
0.1091043703	0.1647853472	0.0610278230	-0.0933776341
0.1091043703	0.0556809769	0.0669807040	0.0947045423
0.0580605109	0.1169317290	0.0324763029	-0.0496914388
0.0580605109	0.0588712181	0.0356441624	0.0503975606
0.0945995865	0.1511871123	0.0529145331	-0.0809636273
0.0945995865	0.0565875258	0.0580760136	0.0821141308
0.0368458768	0.0970430095	0.0206098403	-0.0315347661
0.0368458768	0.0601971327	0.0226202008	0.0319828792
0.0913477384	0.1481385047	0.0510956032	-0.0781805134
0.0913477384	0.0567907664	0.0560796585	0.0792914686
0.0942427355	0.1508525646	0.0527149276	-0.0806582142
0.0942427355	0.0566098290	0.0578569378	0.0818043778
0.0685474921	0.1267632738	0.0383422241	-0.0586667850
0.0685474921	0.0582157817	0.0420822673	0.0595004475
0.0187594898	0.0800870217	0.0104931711	-0.0160554226
0.0187594898	0.0613275319	0.0115167140	0.0162835722
0.1047431969	0.1606967471	0.0585883889	-0.0896450975
0.1047431969	0.0559535502	0.0643033184	0.0909189659
0.0826281921	0.1399639301	0.0462183015	-0.0707178371
0.0826281921	0.0573357380	0.0507266066	0.0717227467
0.1027125493	0.1587930149	0.0574525407	-0.0879071554
0.1027125493	0.0560804657	0.0630566753	0.0891563274
0.1096175962	0.1652664965	0.0613148973	-0.0938168816
0.1096175962	0.0556489002	0.0672957806	0.0951500315
0.0906270386	0.1474628487	0.0506924778	-0.0775636981
0.0906270386	0.0568358101	0.0556372107	0.0786658883
0.1084210302	0.1641447158	0.0606455948	-0.0927927933
0.1084210302	0.0557236856	0.0665611919	0.0941113909
0.0083278499	0.0703073593	0.0046582052	-0.0071274406
0.0083278499	0.0619795094	0.0051125839	0.0072287225
0.0323912999	0.0928668436	0.0181181607	-0.0277222896
0.0323912999	0.0604755438	0.0198854735	0.0281162269
0.0365136356	0.0967315334	0.0204240003	-0.0312504155
0.0365136356	0.0602178978	0.0224162333	0.0316944880
0.0221509445	0.0832665105	0.0123901904	-0.0189580196
0.0221509445	0.0611155660	0.0135987757	0.0192274155
0.1131786033	0.1686049406	0.0633067562	-0.0968645910
0.1131786033	0.0554263373	0.0694819328	0.0982410493
0.0258692439	0.0867524162	0.0144700312	-0.0221403486
0.0258692439	0.0608831723	0.0158814918	0.0224549658
0.0473266406	0.1068687256	0.0264722837	-0.0405047911
0.0473266406	0.0595420850	0.0290544888	0.0410803694
