0.2169254173	0.2413964980
0.2169254173	0.0244710807
0.5027767748	0.5183150006
0.5027767748	0.0155382258
0.4931465689	0.5089857386
0.4931465689	0.0158391697
0.2292652706	0.2533507309
0.2292652706	0.0240854603
0.8729180070	0.8768893192
0.8729180070	0.0039713123
0.3971688091	0.4160072838
0.3971688091	0.0188384747
0.7508677861	0.7586531678
0.7508677861	0.0077853817
0.3524710456	0.3727063255
0.3524710456	0.0202352798
0.5628484063	0.5765093936
0.5628484063	0.0136609873
0.5420881080	0.5563978546
0.5420881080	0.0143097466
0.8080428038	0.8140414661
0.8080428038	0.0059986624
0.2819684070	0.3044068943
0.2819684070	0.0224384873
0.0892598195	0.1177204501
0.0892598195	0.0284606306
0.4878105697	0.5038164894
0.4878105697	0.0160059197
0.0574577067	0.0869121534
0.0574577067	0.0294544467
0.5311022444	0.5457552993
0.5311022444	0.0146530549
0.2123355158	0.2369500309
0.2123355158	0.0246145151
0.5336465884	0.5482201325
0.5336465884	0.0145735441
0.1660131268	0.1920752166
0.1660131268	0.0260620898
0.6101254251	0.6223090056
0.6101254251	0.0121835805
0.6930611464	0.7026529856
0.6930611464	0.0095918392
0.1104391613	0.1382379375
0.1104391613	0.0277987762
0.4152117344	0.4334863677
0.4152117344	0.0182746333
0.2895770838	0.3117777999
0.2895770838	0.0222007161
0.1469918108	0.1736483167
0.1469918108	0.0266565059
0.8044843829	0.8105942459
0.8044843829	0.0061098630
0.3605622291	0.3805446594
0.3605622291	0.0199824303
0.4419669199	0.4594054537
0.4419669199	0.0174385338
0.1141931284	0.1418745931
0.1141931284	0.0276814647
0.8630392980	0.8673193199
0.8630392980	0.0042800219
0.5761361172	0.5893818636
0.5761361172	0.0132457463
0.2849184637	0.3072647617
0.2849184637	0.0223462980
0.7074568556	0.7165988288
0.7074568556	0.0091419733
0.1878490412	0.2132287586
0.1878490412	0.0253797175
0.3268838141	0.3479186949
0.3268838141	0.0210348808
0.1147605075	0.1424242416
0.1147605075	0.0276637341
0.9607463480	0.9619730246
0.9607463480	0.0012266766
0.6119617115	0.6240879080
0.6119617115	0.0121261965
0.6520197010	0.6628940853
0.6520197010	0.0108743843
0.2679876096	0.2908629968
0.2679876096	0.0228753872
0.7318664071	0.7402455818
0.7318664071	0.0083791748
0.9633418283	0.9644873962
0.9633418283	0.0011455679
0.2042764246	0.2291427863
0.2042764246	0.0248663617
0.4555868390	0.4725997503
0.4555868390	0.0170129113
0.8182211651	0.8239017537
0.8182211651	0.0056805886
0.5437133050	0.5579722642
0.5437133050	0.0142589592
0.5710551392	0.5844596661
0.5710551392	0.0134045269
0.1288836377	0.1561060240
0.1288836377	0.0272223863
0.2263442105	0.2505209540
0.2263442105	0.0241767434
0.8281247217	0.8334958242
0.8281247217	0.0053711024
0.0059924825	0.0370552175
0.0059924825	0.0310627349
0.8307240279	0.8360139020
0.8307240279	0.0052898741
0.1081385593	0.1360092293
0.1081385593	0.0278706700
0.7631412298	0.7705430664
0.7631412298	0.0074018366
0.7106095539	0.7196530053
0.7106095539	0.0090434514
0.8971306689	0.9003453355
0.8971306689	0.0032146666
0.0150068489	0.0457878848
0.0150068489	0.0307810360
0.2608747107	0.2839723760
0.2608747107	0.0230976653
0.1277505320	0.1550083279
0.1277505320	0.0272577959
0.2646216503	0.2876022237
0.2646216503	0.0229805734
0.6162168976	0.6282101196
0.6162168976	0.0119932219
0.2442326764	0.2678504052
0.2442326764	0.0236177289
0.9634686160	0.9646102217
0.9634686160	0.0011416058
0.8860336495	0.8895950980
0.8860336495	0.0035614485
0.0530147656	0.0826080541
0.0530147656	0.0295932886
0.8523116351	0.8569268965
0.8523116351	0.0046152614
0.5710321180	0.5844373643
0.5710321180	0.0134052463
0.6938373119	0.7034048959
0.6938373119	0.0095675840
0.5865490452	0.5994693875
0.5865490452	0.0129203423
0.4984242375	0.5140984801
0.4984242375	0.0156742426
0.5618554805	0.5755474968
0.5618554805	0.0136920162
0.8689448639	0.8730403369
0.8689448639	0.0040954730
0.3635551246	0.3834440270
0.3635551246	0.0198889024
0.7731436776	0.7802329377
0.7731436776	0.0070892601
0.7432010877	0.7512260537
0.7432010877	0.0080249660
0.2474246954	0.2709426737
0.2474246954	0.0235179783
0.8252278153	0.8306894461
0.8252278153	0.0054616308
0.6063701097	0.6186710437
0.6063701097	0.0123009341
0.6037605202	0.6161430039
0.6037605202	0.0123824837
0.7039788801	0.7132295401
0.7039788801	0.0092506600
0.6399459343	0.6511976238
0.6399459343	0.0112516896
0.6304535594	0.6420018857
0.6304535594	0.0115483263
0.5012291318	0.5168157214
0.5012291318	0.0155865896
0.0025973671	0.0337661994
0.0025973671	0.0311688323
0.4441080780	0.4614797006
0.4441080780	0.0173716226
0.1372397366	0.1642009948
0.1372397366	0.0269612582
0.4235855463	0.4415984979
0.4235855463	0.0180129517
0.8868251826	0.8903618956
0.8868251826	0.0035367130
0.3550586000	0.3752130187
0.3550586000	0.0201544188
0.4339646079	0.4516532139
0.4339646079	0.0176886060
0.3962708717	0.4151374070
0.3962708717	0.0188665353
0.1311169622	0.1582695571
0.1311169622	0.0271525949
0.8441394139	0.8490100572
0.8441394139	0.0048706433
0.2537172814	0.2770386163
0.2537172814	0.0233213350
0.5525956908	0.5665770755
0.5525956908	0.0139813847
0.6524326682	0.6632941473
0.6524326682	0.0108614791
0.6045122774	0.6168712687
0.6045122774	0.0123589913
0.7997062636	0.8059654429
0.7997062636	0.0062591793
0.8196213261	0.8252581596
0.8196213261	0.0056368336
0.0078771404	0.0388809798
0.0078771404	0.0310038394
0.5125628021	0.5277952145
0.5125628021	0.0152324124
0.2948570554	0.3168927724
0.2948570554	0.0220357170
0.6292804727	0.6408654580
0.6292804727	0.0115849852
0.3311490739	0.3520506653
0.3311490739	0.0209015914
0.6808877777	0.6908600346
0.6808877777	0.0099722569
0.9134070017	0.9161130329
0.9134070017	0.0027060312
0.9461072652	0.9477914132
0.9461072652	0.0016841480
0.8737496867	0.8776950090
0.8737496867	0.0039453223
0.6337244478	0.6451705588
0.6337244478	0.0114461110
0.1745696042	0.2003643041
0.1745696042	0.0257946999
0.5134474067	0.5286521752
0.5134474067	0.0152047685
0.4875215603	0.5035365115
0.4875215603	0.0160149512
0.5845870353	0.5975686904
0.5845870353	0.0129816551
0.8055801025	0.8116557242
0.8055801025	0.0060756218
0.8445892931	0.8494458777
0.8445892931	0.0048565846
0.2199876843	0.2443630692
0.2199876843	0.0243753849
0.6696145392	0.6799390848
0.6696145392	0.0103245457
0.5529475672	0.5669179558
0.5529475672	0.0139703885
0.9482902590	0.9499061884
0.9482902590	0.0016159294
0.0560390679	0.0855378470
0.0560390679	0.0294987791
0.0781248770	0.1069334746
0.0781248770	0.0288085976
0.2743879551	0.2970633315
0.2743879551	0.0226753764
0.4740470712	0.4904831002
0.4740470712	0.0164360290
0.0650496818	0.0942668793
0.0650496818	0.0292171974
0.6999577867	0.7093341059
0.6999577867	0.0093763192
0.7998216156	0.8060771901
0.7998216156	0.0062555745
0.4615088654	0.4783367134
0.4615088654	0.0168278480
0.1571903657	0.1835281668
0.1571903657	0.0263378011
0.4473739083	0.4646434737
0.4473739083	0.0172695654
0.2870273503	0.3093077456
0.2870273503	0.0222803953
0.6426004576	0.6537691933
0.6426004576	0.0111687357
0.8795951020	0.8833577550
0.8795951020	0.0037626531
0.1694212542	0.1953768400
0.1694212542	0.0259555858
0.4358153395	0.4534461101
0.4358153395	0.0176307706
0.1125518485	0.1402846033
0.1125518485	0.0277327547
0.6635698518	0.6740832939
0.6635698518	0.0105134421
0.8971140179	0.9003292048
0.8971140179	0.0032151869
0.3943633867	0.4132895308
0.3943633867	0.0189261442
0.5207969366	0.5357720323
0.5207969366	0.0149750957
0.9587161690	0.9600062888
0.9587161690	0.0012901197
0.4512925282	0.4684396367
0.4512925282	0.0171471085
0.4982720895	0.5139510867
0.4982720895	0.0156789972
0.7404853829	0.7485952147
0.7404853829	0.0081098318
0.9782495482	0.9789292498
0.9782495482	0.0006797016
0.6389223678	0.6502060438
0.6389223678	0.0112836760
0.8799075833	0.8836604713
0.8799075833	0.0037528880
0.9210670700	0.9235337241
0.9210670700	0.0024666541
0.7368481991	0.7450716929
0.7368481991	0.0082234938
0.0116558487	0.0425416035
0.0116558487	0.0308857547
0.5865095983	0.5994311734
0.5865095983	0.0129215751
