0.0000000000	0.0312500000
0.0002195000	0.0314626406
0.0004390000	0.0316752812
0.0006585000	0.0318879219
0.0008780000	0.0321005625
0.0010975000	0.0323132031
0.0013170000	0.0325258437
0.0015365000	0.0327384844
0.0017560000	0.0329511250
0.0019755000	0.0331637656
0.0021950000	0.0333764063
0.0024145000	0.0335890469
0.0026340000	0.0338016875
0.0028535000	0.0340143281
0.0030730000	0.0342269687
0.0032925000	0.0344396094
0.0035120000	0.0346522500
0.0037315000	0.0348648906
0.0039510000	0.0350775312
0.0041705000	0.0352901719
0.0043900000	0.0355028125
0.0046095000	0.0357154531
0.0048290000	0.0359280938
0.0050485000	0.0361407344
0.0052680000	0.0363533750
0.0054875000	0.0365660156
0.0057070000	0.0367786562
0.0059265000	0.0369912969
0.0061460000	0.0372039375
0.0063655000	0.0374165781
0.0065850000	0.0376292187
0.0068045000	0.0378418594
0.0070240000	0.0380545000
0.0072435000	0.0382671406
0.0074630000	0.0384797812
0.0076825000	0.0386924219
0.0079020000	0.0389050625
0.0081215000	0.0391177031
0.0083410000	0.0393303437
0.0085605000	0.0395429844
0.0087800000	0.0397556250
0.0089995000	0.0399682656
0.0092190000	0.0401809062
0.0094385000	0.0403935469
0.0096580000	0.0406061875
0.0098775000	0.0408188281
0.0100970000	0.0410314687
0.0103165000	0.0412441094
0.0105360000	0.0414567500
0.0107555000	0.0416693906
0.0109750000	0.0418820312
0.0111945000	0.0420946719
0.0114140000	0.0423073125
0.0116335000	0.0425199531
0.0118530000	0.0427325937
0.0120725000	0.0429452344
0.0122920000	0.0431578750
0.0125115000	0.0433705156
0.0127310000	0.0435831562
0.0129505000	0.0437957969
0.0131700000	0.0440084375
0.0133895000	0.0442210781
0.0136090000	0.0444337187
0.0138285000	0.0446463594
0.0140480000	0.0448590000
0.0142675000	0.0450716406
0.0144870000	0.0452842812
0.0147065000	0.0454969219
0.0149260000	0.0457095625
0.0151455000	0.0459222031
0.0153650000	0.0461348438
0.0155845000	0.0463474844
0.0158040000	0.0465601250
0.0160235000	0.0467727656
0.0162430000	0.0469854063
0.0164625000	0.0471980469
0.0166820000	0.0474106875
0.0169015000	0.0476233281
0.0171210000	0.0478359687
0.0173405000	0.0480486094
0.0175600000	0.0482612500
0.0177795000	0.0484738906
0.0179990000	0.0486865312
0.0182185000	0.0488991719
0.0184380000	0.0491118125
0.0186575000	0.0493244531
0.0188770000	0.0495370937
0.0190965000	0.0497497344
0.0193160000	0.0499623750
0.0195355000	0.0501750156
0.0197550000	0.0503876562
0.0199745000	0.0506002969
0.0201940000	0.0508129375
0.0204135000	0.0510255781
0.0206330000	0.0512382187
0.0208525000	0.0514508594
0.0210720000	0.0516635000
0.0212915000	0.0518761406
0.0215110000	0.0520887812
0.0217305000	0.0523014219
0.0219500000	0.0525140625
0.0221695000	0.0527267031
0.0223890000	0.0529393437
0.0226085000	0.0531519844
0.0228280000	0.0533646250
0.0230475000	0.0535772656
0.0232670000	0.0537899062
0.0234865000	0.0540025469
0.0237060000	0.0542151875
0.0239255000	0.0544278281
0.0241450000	0.0546404687
0.0243645000	0.0548531094
0.0245840000	0.0550657500
0.0248035000	0.0552783906
0.0250230000	0.0554910312
0.0252425000	0.0557036719
0.0254620000	0.0559163125
0.0256815000	0.0561289531
0.0259010000	0.0563415937
0.0261205000	0.0565542344
0.0263400000	0.0567668750
0.0265595000	0.0569795156
0.0267790000	0.0571921562
0.0269985000	0.0574047969
0.0272180000	0.0576174375
0.0274375000	0.0578300781
0.0276570000	0.0580427187
0.0278765000	0.0582553594
0.0280960000	0.0584680000
0.0283155000	0.0586806406
0.0285350000	0.0588932812
0.0287545000	0.0591059219
0.0289740000	0.0593185625
0.0291935000	0.0595312031
0.0294130000	0.0597438437
0.0296325000	0.0599564844
0.0298520000	0.0601691250
0.0300715000	0.0603817656
0.0302910000	0.0605944062
0.0305105000	0.0608070469
0.0307300000	0.0610196875
0.0309495000	0.0612323281
0.0311690000	0.0614449687
0.0313885000	0.0616576094
0.0316080000	0.0618702500
0.0318275000	0.0620828906
0.0320470000	0.0622955312
0.0322665000	0.0625081719
0.0324860000	0.0627208125
0.0327055000	0.0629334531
0.0329250000	0.0631460937
0.0331445000	0.0633587344
0.0333640000	0.0635713750
0.0335835000	0.0637840156
0.0338030000	0.0639966562
0.0340225000	0.0642092969
0.0342420000	0.0644219375
0.0344615000	0.0646345781
0.0346810000	0.0648472187
0.0349005000	0.0650598594
0.0351200000	0.0652725000
0.0353395000	0.0654851406
0.0355590000	0.0656977812
0.0357785000	0.0659104219
0.0359980000	0.0661230625
0.0362175000	0.0663357031
0.0364370000	0.0665483437
0.0366565000	0.0667609844
0.0368760000	0.0669736250
0.0370955000	0.0671862656
0.0373150000	0.0673989063
0.0375345000	0.0676115469
0.0377540000	0.0678241875
0.0379735000	0.0680368281
0.0381930000	0.0682494687
0.0384125000	0.0684621094
0.0386320000	0.0686747500
0.0388515000	0.0688873906
0.0390710000	0.0691000312
0.0392905000	0.0693126719
0.0395100000	0.0695253125
0.0397295000	0.0697379531
0.0399490000	0.0699505937
0.0401685000	0.0701632344
0.0403880000	0.0703758750
0.0406075000	0.0705885156
0.0408270000	0.0708011562
0.0410465000	0.0710137969
0.0412660000	0.0712264375
0.0414855000	0.0714390781
0.0417050000	0.0716517187
0.0419245000	0.0718643594
0.0421440000	0.0720770000
0.0423635000	0.0722896406
0.0425830000	0.0725022812
0.0428025000	0.0727149219
0.0430220000	0.0729275625
0.0432415000	0.0731402031
0.0434610000	0.0733528437
0.0436805000	0.0735654844
0.0439000000	0.0737781250
0.0441195000	0.0739907656
0.0443390000	0.0742034062
0.0445585000	0.0744160469
0.0447780000	0.0746286875
0.0449975000	0.0748413281
0.0452170000	0.0750539687
0.0454365000	0.0752666094
0.0456560000	0.0754792500
0.0458755000	0.0756918906
0.0460950000	0.0759045312
0.0463145000	0.0761171719
0.0465340000	0.0763298125
0.0467535000	0.0765424531
0.0469730000	0.0767550937
0.0471925000	0.0769677344
0.0474120000	0.0771803750
0.0476315000	0.0773930156
0.0478510000	0.0776056562
0.0480705000	0.0778182969
0.0482900000	0.0780309375
0.0485095000	0.0782435781
0.0487290000	0.0784562187
0.0489485000	0.0786688594
0.0491680000	0.0788815000
0.0493875000	0.0790941406
0.0496070000	0.0793067812
0.0498265000	0.0795194219
0.0500460000	0.0797320625
0.0502655000	0.0799447031
0.0504850000	0.0801573437
0.0507045000	0.0803699844
0.0509240000	0.0805826250
0.0511435000	0.0807952656
0.0513630000	0.0810079062
0.0515825000	0.0812205469
0.0518020000	0.0814331875
0.0520215000	0.0816458281
0.0522410000	0.0818584687
0.0524605000	0.0820711094
0.0526800000	0.0822837500
0.0528995000	0.0824963906
0.0531190000	0.0827090312
0.0533385000	0.0829216719
0.0535580000	0.0831343125
0.0537775000	0.0833469531
0.0539970000	0.0835595937
0.0542165000	0.0837722344
0.0544360000	0.0839848750
0.0546555000	0.0841975156
0.0548750000	0.0844101562
0.0550945000	0.0846227969
0.0553140000	0.0848354375
0.0555335000	0.0850480781
0.0557530000	0.0852607187
0.0559725000	0.0854733594
0.0561920000	0.0856860000
0.0564115000	0.0858986406
0.0566310000	0.0861112812
0.0568505000	0.0863239219
0.0570700000	0.0865365625
0.0572895000	0.0867492031
0.0575090000	0.0869618437
0.0577285000	0.0871744844
0.0579480000	0.0873871250
0.0581675000	0.0875997656
0.0583870000	0.0878124062
0.0586065000	0.0880250469
0.0588260000	0.0882376875
0.0590455000	0.0884503281
0.0592650000	0.0886629687
0.0594845000	0.0888756094
0.0597040000	0.0890882500
0.0599235000	0.0893008906
0.0601430000	0.0895135312
0.0603625000	0.0897261719
0.0605820000	0.0899388125
0.0608015000	0.0901514531
0.0610210000	0.0903640937
0.0612405000	0.0905767344
0.0614600000	0.0907893750
0.0616795000	0.0910020156
0.0618990000	0.0912146562
0.0621185000	0.0914272969
0.0623380000	0.0916399375
0.0625575000	0.0918525781
0.0627770000	0.0920652187
0.0629965000	0.0922778594
0.0632160000	0.0924905000
0.0634355000	0.0927031406
0.0636550000	0.0929157812
0.0638745000	0.0931284219
0.0640940000	0.0933410625
0.0643135000	0.0935537031
0.0645330000	0.0937663437
0.0647525000	0.0939789844
0.0649720000	0.0941916250
0.0651915000	0.0944042656
0.0654110000	0.0946169062
0.0656305000	0.0948295469
0.0658500000	0.0950421875
0.0660695000	0.0952548281
0.0662890000	0.0954674687
0.0665085000	0.0956801094
0.0667280000	0.0958927500
0.0669475000	0.0961053906
0.0671670000	0.0963180312
0.0673865000	0.0965306719
0.0676060000	0.0967433125
0.0678255000	0.0969559531
0.0680450000	0.0971685937
0.0682645000	0.0973812344
0.0684840000	0.0975938750
0.0687035000	0.0978065156
0.0689230000	0.0980191562
0.0691425000	0.0982317969
0.0693620000	0.0984444375
0.0695815000	0.0986570781
0.0698010000	0.0988697187
0.0700205000	0.0990823594
0.0702400000	0.0992950000
0.0704595000	0.0995076406
0.0706790000	0.0997202812
0.0708985000	0.0999329219
0.0711180000	0.1001455625
0.0713375000	0.1003582031
0.0715570000	0.1005708437
0.0717765000	0.1007834844
0.0719960000	0.1009961250
0.0722155000	0.1012087656
0.0724350000	0.1014214062
0.0726545000	0.1016340469
0.0728740000	0.1018466875
0.0730935000	0.1020593281
0.0733130000	0.1022719687
0.0735325000	0.1024846094
0.0737520000	0.1026972500
0.0739715000	0.1029098906
0.0741910000	0.1031225312
0.0744105000	0.1033351719
0.0746300000	0.1035478125
0.0748495000	0.1037604531
0.0750690000	0.1039730937
0.0752885000	0.1041857344
0.0755080000	0.1043983750
0.0757275000	0.1046110156
0.0759470000	0.1048236562
0.0761665000	0.1050362969
0.0763860000	0.1052489375
0.0766055000	0.1054615781
0.0768250000	0.1056742187
0.0770445000	0.1058868594
0.0772640000	0.1060995000
0.0774835000	0.1063121406
0.0777030000	0.1065247812
0.0779225000	0.1067374219
0.0781420000	0.1069500625
0.0783615000	0.1071627031
0.0785810000	0.1073753437
0.0788005000	0.1075879844
0.0790200000	0.1078006250
0.0792395000	0.1080132656
0.0794590000	0.1082259062
0.0796785000	0.1084385469
0.0798980000	0.1086511875
0.0801175000	0.1088638281
0.0803370000	0.1090764687
0.0805565000	0.1092891094
0.0807760000	0.1095017500
0.0809955000	0.1097143906
0.0812150000	0.1099270312
0.0814345000	0.1101396719
0.0816540000	0.1103523125
0.0818735000	0.1105649531
0.0820930000	0.1107775937
0.0823125000	0.1109902344
0.0825320000	0.1112028750
0.0827515000	0.1114155156
0.0829710000	0.1116281562
0.0831905000	0.1118407969
0.0834100000	0.1120534375
0.0836295000	0.1122660781
0.0838490000	0.1124787187
0.0840685000	0.1126913594
0.0842880000	0.1129040000
0.0845075000	0.1131166406
0.0847270000	0.1133292812
0.0849465000	0.1135419219
0.0851660000	0.1137545625
0.0853855000	0.1139672031
0.0856050000	0.1141798437
0.0858245000	0.1143924844
0.0860440000	0.1146051250
0.0862635000	0.1148177656
0.0864830000	0.1150304062
0.0867025000	0.1152430469
0.0869220000	0.1154556875
0.0871415000	0.1156683281
0.0873610000	0.1158809687
0.0875805000	0.1160936094
0.0878000000	0.1163062500
0.0880195000	0.1165188906
0.0882390000	0.1167315312
0.0884585000	0.1169441719
0.0886780000	0.1171568125
0.0888975000	0.1173694531
0.0891170000	0.1175820937
0.0893365000	0.1177947344
0.0895560000	0.1180073750
0.0897755000	0.1182200156
0.0899950000	0.1184326562
0.0902145000	0.1186452969
0.0904340000	0.1188579375
0.0906535000	0.1190705781
0.0908730000	0.1192832187
0.0910925000	0.1194958594
0.0913120000	0.1197085000
0.0915315000	0.1199211406
0.0917510000	0.1201337812
0.0919705000	0.1203464219
0.0921900000	0.1205590625
0.0924095000	0.1207717031
0.0926290000	0.1209843437
0.0928485000	0.1211969844
0.0930680000	0.1214096250
0.0932875000	0.1216222656
0.0935070000	0.1218349062
0.0937265000	0.1220475469
0.0939460000	0.1222601875
0.0941655000	0.1224728281
0.0943850000	0.1226854687
0.0946045000	0.1228981094
0.0948240000	0.1231107500
0.0950435000	0.1233233906
0.0952630000	0.1235360312
0.0954825000	0.1237486719
0.0957020000	0.1239613125
0.0959215000	0.1241739531
0.0961410000	0.1243865937
0.0963605000	0.1245992344
0.0965800000	0.1248118750
0.0967995000	0.1250245156
0.0970190000	0.1252371562
0.0972385000	0.1254497969
0.0974580000	0.1256624375
0.0976775000	0.1258750781
0.0978970000	0.1260877187
0.0981165000	0.1263003594
0.0983360000	0.1265130000
0.0985555000	0.1267256406
0.0987750000	0.1269382812
0.0989945000	0.1271509219
0.0992140000	0.1273635625
0.0994335000	0.1275762031
0.0996530000	0.1277888437
0.0998725000	0.1280014844
0.1000920000	0.1282141250
0.1003115000	0.1284267656
0.1005310000	0.1286394062
0.1007505000	0.1288520469
0.1009700000	0.1290646875
0.1011895000	0.1292773281
0.1014090000	0.1294899687
0.1016285000	0.1297026094
0.1018480000	0.1299152500
0.1020675000	0.1301278906
0.1022870000	0.1303405312
0.1025065000	0.1305531719
0.1027260000	0.1307658125
0.1029455000	0.1309784531
0.1031650000	0.1311910937
0.1033845000	0.1314037344
0.1036040000	0.1316163750
0.1038235000	0.1318290156
0.1040430000	0.1320416562
0.1042625000	0.1322542969
0.1044820000	0.1324669375
0.1047015000	0.1326795781
0.1049210000	0.1328922187
0.1051405000	0.1331048594
0.1053600000	0.1333175000
0.1055795000	0.1335301406
0.1057990000	0.1337427812
0.1060185000	0.1339554219
0.1062380000	0.1341680625
0.1064575000	0.1343807031
0.1066770000	0.1345933437
0.1068965000	0.1348059844
0.1071160000	0.1350186250
0.1073355000	0.1352312656
0.1075550000	0.1354439062
0.1077745000	0.1356565469
0.1079940000	0.1358691875
0.1082135000	0.1360818281
0.1084330000	0.1362944687
0.1086525000	0.1365071094
0.1088720000	0.1367197500
0.1090915000	0.1369323906
0.1093110000	0.1371450312
0.1095305000	0.1373576719
0.1097500000	0.1375703125
0.1099695000	0.1377829531
0.1101890000	0.1379955937
0.1104085000	0.1382082344
0.1106280000	0.1384208750
0.1108475000	0.1386335156
0.1110670000	0.1388461562
0.1112865000	0.1390587969
0.1115060000	0.1392714375
0.1117255000	0.1394840781
0.1119450000	0.1396967187
0.1121645000	0.1399093594
0.1123840000	0.1401220000
0.1126035000	0.1403346406
0.1128230000	0.1405472812
0.1130425000	0.1407599219
0.1132620000	0.1409725625
0.1134815000	0.1411852031
0.1137010000	0.1413978437
0.1139205000	0.1416104844
0.1141400000	0.1418231250
0.1143595000	0.1420357656
0.1145790000	0.1422484062
0.1147985000	0.1424610469
0.1150180000	0.1426736875
0.1152375000	0.1428863281
0.1154570000	0.1430989687
0.1156765000	0.1433116094
0.1158960000	0.1435242500
0.1161155000	0.1437368906
0.1163350000	0.1439495312
0.1165545000	0.1441621719
0.1167740000	0.1443748125
0.1169935000	0.1445874531
0.1172130000	0.1448000937
0.1174325000	0.1450127344
0.1176520000	0.1452253750
0.1178715000	0.1454380156
0.1180910000	0.1456506562
0.1183105000	0.1458632969
0.1185300000	0.1460759375
0.1187495000	0.1462885781
0.1189690000	0.1465012187
0.1191885000	0.1467138594
0.1194080000	0.1469265000
0.1196275000	0.1471391406
0.1198470000	0.1473517812
0.1200665000	0.1475644219
0.1202860000	0.1477770625
0.1205055000	0.1479897031
0.1207250000	0.1482023437
0.1209445000	0.1484149844
0.1211640000	0.1486276250
0.1213835000	0.1488402656
0.1216030000	0.1490529062
0.1218225000	0.1492655469
0.1220420000	0.1494781875
0.1222615000	0.1496908281
0.1224810000	0.1499034687
0.1227005000	0.1501161094
0.1229200000	0.1503287500
0.1231395000	0.1505413906
0.1233590000	0.1507540312
0.1235785000	0.1509666719
0.1237980000	0.1511793125
0.1240175000	0.1513919531
0.1242370000	0.1516045937
0.1244565000	0.1518172344
0.1246760000	0.1520298750
0.1248955000	0.1522425156
0.1251150000	0.1524551562
0.1253345000	0.1526677969
0.1255540000	0.1528804375
0.1257735000	0.1530930781
0.1259930000	0.1533057187
0.1262125000	0.1535183594
0.1264320000	0.1537310000
0.1266515000	0.1539436406
0.1268710000	0.1541562812
0.1270905000	0.1543689219
0.1273100000	0.1545815625
0.1275295000	0.1547942031
0.1277490000	0.1550068437
0.1279685000	0.1552194844
0.1281880000	0.1554321250
0.1284075000	0.1556447656
0.1286270000	0.1558574062
0.1288465000	0.1560700469
0.1290660000	0.1562826875
0.1292855000	0.1564953281
0.1295050000	0.1567079687
0.1297245000	0.1569206094
0.1299440000	0.1571332500
0.1301635000	0.1573458906
0.1303830000	0.1575585312
0.1306025000	0.1577711719
0.1308220000	0.1579838125
0.1310415000	0.1581964531
0.1312610000	0.1584090937
0.1314805000	0.1586217344
0.1317000000	0.1588343750
0.1319195000	0.1590470156
0.1321390000	0.1592596562
0.1323585000	0.1594722969
0.1325780000	0.1596849375
0.1327975000	0.1598975781
0.1330170000	0.1601102187
0.1332365000	0.1603228594
0.1334560000	0.1605355000
0.1336755000	0.1607481406
0.1338950000	0.1609607812
0.1341145000	0.1611734219
0.1343340000	0.1613860625
0.1345535000	0.1615987031
0.1347730000	0.1618113437
0.1349925000	0.1620239844
0.1352120000	0.1622366250
0.1354315000	0.1624492656
0.1356510000	0.1626619062
0.1358705000	0.1628745469
0.1360900000	0.1630871875
0.1363095000	0.1632998281
0.1365290000	0.1635124687
0.1367485000	0.1637251094
0.1369680000	0.1639377500
0.1371875000	0.1641503906
0.1374070000	0.1643630312
0.1376265000	0.1645756719
0.1378460000	0.1647883125
0.1380655000	0.1650009531
0.1382850000	0.1652135937
0.1385045000	0.1654262344
0.1387240000	0.1656388750
0.1389435000	0.1658515156
0.1391630000	0.1660641562
0.1393825000	0.1662767969
0.1396020000	0.1664894375
0.1398215000	0.1667020781
0.1400410000	0.1669147187
0.1402605000	0.1671273594
0.1404800000	0.1673400000
0.1406995000	0.1675526406
0.1409190000	0.1677652812
0.1411385000	0.1679779219
0.1413580000	0.1681905625
0.1415775000	0.1684032031
0.1417970000	0.1686158437
0.1420165000	0.1688284844
0.1422360000	0.1690411250
0.1424555000	0.1692537656
0.1426750000	0.1694664062
0.1428945000	0.1696790469
0.1431140000	0.1698916875
0.1433335000	0.1701043281
0.1435530000	0.1703169687
0.1437725000	0.1705296094
0.1439920000	0.1707422500
0.1442115000	0.1709548906
0.1444310000	0.1711675312
0.1446505000	0.1713801719
0.1448700000	0.1715928125
0.1450895000	0.1718054531
0.1453090000	0.1720180937
0.1455285000	0.1722307344
0.1457480000	0.1724433750
0.1459675000	0.1726560156
0.1461870000	0.1728686562
0.1464065000	0.1730812969
0.1466260000	0.1732939375
0.1468455000	0.1735065781
0.1470650000	0.1737192187
0.1472845000	0.1739318594
0.1475040000	0.1741445000
0.1477235000	0.1743571406
0.1479430000	0.1745697812
0.1481625000	0.1747824219
0.1483820000	0.1749950625
0.1486015000	0.1752077031
0.1488210000	0.1754203437
0.1490405000	0.1756329844
0.1492600000	0.1758456250
0.1494795000	0.1760582656
0.1496990000	0.1762709062
0.1499185000	0.1764835469
0.1501380000	0.1766961875
0.1503575000	0.1769088281
0.1505770000	0.1771214687
0.1507965000	0.1773341094
0.1510160000	0.1775467500
0.1512355000	0.1777593906
0.1514550000	0.1779720312
0.1516745000	0.1781846719
0.1518940000	0.1783973125
0.1521135000	0.1786099531
0.1523330000	0.1788225937
0.1525525000	0.1790352344
0.1527720000	0.1792478750
0.1529915000	0.1794605156
0.1532110000	0.1796731562
0.1534305000	0.1798857969
0.1536500000	0.1800984375
0.1538695000	0.1803110781
0.1540890000	0.1805237187
0.1543085000	0.1807363594
0.1545280000	0.1809490000
0.1547475000	0.1811616406
0.1549670000	0.1813742812
0.1551865000	0.1815869219
0.1554060000	0.1817995625
0.1556255000	0.1820122031
0.1558450000	0.1822248437
0.1560645000	0.1824374844
0.1562840000	0.1826501250
0.1565035000	0.1828627656
0.1567230000	0.1830754062
0.1569425000	0.1832880469
0.1571620000	0.1835006875
0.1573815000	0.1837133281
0.1576010000	0.1839259687
0.1578205000	0.1841386094
0.1580400000	0.1843512500
0.1582595000	0.1845638906
0.1584790000	0.1847765312
0.1586985000	0.1849891719
0.1589180000	0.1852018125
0.1591375000	0.1854144531
0.1593570000	0.1856270937
0.1595765000	0.1858397344
0.1597960000	0.1860523750
0.1600155000	0.1862650156
0.1602350000	0.1864776562
0.1604545000	0.1866902969
0.1606740000	0.1869029375
0.1608935000	0.1871155781
0.1611130000	0.1873282187
0.1613325000	0.1875408594
0.1615520000	0.1877535000
0.1617715000	0.1879661406
0.1619910000	0.1881787812
0.1622105000	0.1883914219
0.1624300000	0.1886040625
0.1626495000	0.1888167031
0.1628690000	0.1890293437
0.1630885000	0.1892419844
0.1633080000	0.1894546250
0.1635275000	0.1896672656
0.1637470000	0.1898799062
0.1639665000	0.1900925469
0.1641860000	0.1903051875
0.1644055000	0.1905178281
0.1646250000	0.1907304687
0.1648445000	0.1909431094
0.1650640000	0.1911557500
0.1652835000	0.1913683906
0.1655030000	0.1915810312
0.1657225000	0.1917936719
0.1659420000	0.1920063125
0.1661615000	0.1922189531
0.1663810000	0.1924315937
0.1666005000	0.1926442344
0.1668200000	0.1928568750
0.1670395000	0.1930695156
0.1672590000	0.1932821562
0.1674785000	0.1934947969
0.1676980000	0.1937074375
0.1679175000	0.1939200781
0.1681370000	0.1941327187
0.1683565000	0.1943453594
0.1685760000	0.1945580000
0.1687955000	0.1947706406
0.1690150000	0.1949832812
0.1692345000	0.1951959219
0.1694540000	0.1954085625
0.1696735000	0.1956212031
0.1698930000	0.1958338437
0.1701125000	0.1960464844
0.1703320000	0.1962591250
0.1705515000	0.1964717656
0.1707710000	0.1966844062
0.1709905000	0.1968970469
0.1712100000	0.1971096875
0.1714295000	0.1973223281
0.1716490000	0.1975349687
0.1718685000	0.1977476094
0.1720880000	0.1979602500
0.1723075000	0.1981728906
0.1725270000	0.1983855312
0.1727465000	0.1985981719
0.1729660000	0.1988108125
0.1731855000	0.1990234531
0.1734050000	0.1992360937
0.1736245000	0.1994487344
0.1738440000	0.1996613750
0.1740635000	0.1998740156
0.1742830000	0.2000866562
0.1745025000	0.2002992969
0.1747220000	0.2005119375
0.1749415000	0.2007245781
0.1751610000	0.2009372187
0.1753805000	0.2011498594
0.1756000000	0.2013625000
0.1758195000	0.2015751406
0.1760390000	0.2017877812
0.1762585000	0.2020004219
0.1764780000	0.2022130625
0.1766975000	0.2024257031
0.1769170000	0.2026383437
0.1771365000	0.2028509844
0.1773560000	0.2030636250
0.1775755000	0.2032762656
0.1777950000	0.2034889062
0.1780145000	0.2037015469
0.1782340000	0.2039141875
0.1784535000	0.2041268281
0.1786730000	0.2043394687
0.1788925000	0.2045521094
0.1791120000	0.2047647500
0.1793315000	0.2049773906
0.1795510000	0.2051900312
0.1797705000	0.2054026719
0.1799900000	0.2056153125
0.1802095000	0.2058279531
0.1804290000	0.2060405937
0.1806485000	0.2062532344
0.1808680000	0.2064658750
0.1810875000	0.2066785156
0.1813070000	0.2068911562
0.1815265000	0.2071037969
0.1817460000	0.2073164375
0.1819655000	0.2075290781
0.1821850000	0.2077417187
0.1824045000	0.2079543594
0.1826240000	0.2081670000
0.1828435000	0.2083796406
0.1830630000	0.2085922812
0.1832825000	0.2088049219
0.1835020000	0.2090175625
0.1837215000	0.2092302031
0.1839410000	0.2094428437
0.1841605000	0.2096554844
0.1843800000	0.2098681250
0.1845995000	0.2100807656
0.1848190000	0.2102934062
0.1850385000	0.2105060469
0.1852580000	0.2107186875
0.1854775000	0.2109313281
0.1856970000	0.2111439687
0.1859165000	0.2113566094
0.1861360000	0.2115692500
0.1863555000	0.2117818906
0.1865750000	0.2119945312
0.1867945000	0.2122071719
0.1870140000	0.2124198125
0.1872335000	0.2126324531
0.1874530000	0.2128450937
0.1876725000	0.2130577344
0.1878920000	0.2132703750
0.1881115000	0.2134830156
0.1883310000	0.2136956562
0.1885505000	0.2139082969
0.1887700000	0.2141209375
0.1889895000	0.2143335781
0.1892090000	0.2145462187
0.1894285000	0.2147588594
0.1896480000	0.2149715000
0.1898675000	0.2151841406
0.1900870000	0.2153967812
0.1903065000	0.2156094219
0.1905260000	0.2158220625
0.1907455000	0.2160347031
0.1909650000	0.2162473437
0.1911845000	0.2164599844
0.1914040000	0.2166726250
0.1916235000	0.2168852656
0.1918430000	0.2170979062
0.1920625000	0.2173105469
0.1922820000	0.2175231875
0.1925015000	0.2177358281
0.1927210000	0.2179484687
0.1929405000	0.2181611094
0.1931600000	0.2183737500
0.1933795000	0.2185863906
0.1935990000	0.2187990312
0.1938185000	0.2190116719
0.1940380000	0.2192243125
0.1942575000	0.2194369531
0.1944770000	0.2196495937
0.1946965000	0.2198622344
0.1949160000	0.2200748750
0.1951355000	0.2202875156
0.1953550000	0.2205001562
0.1955745000	0.2207127969
0.1957940000	0.2209254375
0.1960135000	0.2211380781
0.1962330000	0.2213507187
0.1964525000	0.2215633594
0.1966720000	0.2217760000
0.1968915000	0.2219886406
0.1971110000	0.2222012812
0.1973305000	0.2224139219
0.1975500000	0.2226265625
0.1977695000	0.2228392031
0.1979890000	0.2230518437
0.1982085000	0.2232644844
0.1984280000	0.2234771250
0.1986475000	0.2236897656
0.1988670000	0.2239024062
0.1990865000	0.2241150469
0.1993060000	0.2243276875
0.1995255000	0.2245403281
0.1997450000	0.2247529687
0.1999645000	0.2249656094
0.2001840000	0.2251782500
0.2004035000	0.2253908906
0.2006230000	0.2256035312
0.2008425000	0.2258161719
0.2010620000	0.2260288125
0.2012815000	0.2262414531
0.2015010000	0.2264540937
0.2017205000	0.2266667344
0.2019400000	0.2268793750
0.2021595000	0.2270920156
0.2023790000	0.2273046562
0.2025985000	0.2275172969
0.2028180000	0.2277299375
0.2030375000	0.2279425781
0.2032570000	0.2281552187
0.2034765000	0.2283678594
0.2036960000	0.2285805000
0.2039155000	0.2287931406
0.2041350000	0.2290057812
0.2043545000	0.2292184219
0.2045740000	0.2294310625
0.2047935000	0.2296437031
0.2050130000	0.2298563437
0.2052325000	0.2300689844
0.2054520000	0.2302816250
0.2056715000	0.2304942656
0.2058910000	0.2307069062
0.2061105000	0.2309195469
0.2063300000	0.2311321875
0.2065495000	0.2313448281
0.2067690000	0.2315574687
0.2069885000	0.2317701094
0.2072080000	0.2319827500
0.2074275000	0.2321953906
0.2076470000	0.2324080312
0.2078665000	0.2326206719
0.2080860000	0.2328333125
0.2083055000	0.2330459531
0.2085250000	0.2332585937
0.2087445000	0.2334712344
0.2089640000	0.2336838750
0.2091835000	0.2338965156
0.2094030000	0.2341091562
0.2096225000	0.2343217969
0.2098420000	0.2345344375
0.2100615000	0.2347470781
0.2102810000	0.2349597187
0.2105005000	0.2351723594
0.2107200000	0.2353850000
0.2109395000	0.2355976406
0.2111590000	0.2358102812
0.2113785000	0.2360229219
0.2115980000	0.2362355625
0.2118175000	0.2364482031
0.2120370000	0.2366608437
0.2122565000	0.2368734844
0.2124760000	0.2370861250
0.2126955000	0.2372987656
0.2129150000	0.2375114062
0.2131345000	0.2377240469
0.2133540000	0.2379366875
0.2135735000	0.2381493281
0.2137930000	0.2383619687
0.2140125000	0.2385746094
0.2142320000	0.2387872500
0.2144515000	0.2389998906
0.2146710000	0.2392125312
0.2148905000	0.2394251719
0.2151100000	0.2396378125
0.2153295000	0.2398504531
0.2155490000	0.2400630937
0.2157685000	0.2402757344
0.2159880000	0.2404883750
0.2162075000	0.2407010156
0.2164270000	0.2409136562
0.2166465000	0.2411262969
0.2168660000	0.2413389375
0.2170855000	0.2415515781
0.2173050000	0.2417642187
0.2175245000	0.2419768594
0.2177440000	0.2421895000
0.2179635000	0.2424021406
0.2181830000	0.2426147812
0.2184025000	0.2428274219
0.2186220000	0.2430400625
0.2188415000	0.2432527031
0.2190610000	0.2434653437
0.2192805000	0.2436779844
0.2195000000	0.2438906250
0.2197195000	0.2441032656
0.2199390000	0.2443159062
0.2201585000	0.2445285469
0.2203780000	0.2447411875
0.2205975000	0.2449538281
0.2208170000	0.2451664687
0.2210365000	0.2453791094
0.2212560000	0.2455917500
0.2214755000	0.2458043906
0.2216950000	0.2460170312
0.2219145000	0.2462296719
0.2221340000	0.2464423125
0.2223535000	0.2466549531
0.2225730000	0.2468675937
0.2227925000	0.2470802344
0.2230120000	0.2472928750
0.2232315000	0.2475055156
0.2234510000	0.2477181562
0.2236705000	0.2479307969
0.2238900000	0.2481434375
0.2241095000	0.2483560781
0.2243290000	0.2485687187
0.2245485000	0.2487813594
0.2247680000	0.2489940000
0.2249875000	0.2492066406
0.2252070000	0.2494192812
0.2254265000	0.2496319219
0.2256460000	0.2498445625
0.2258655000	0.2500572031
0.2260850000	0.2502698437
0.2263045000	0.2504824844
0.2265240000	0.2506951250
0.2267435000	0.2509077656
0.2269630000	0.2511204062
0.2271825000	0.2513330469
0.2274020000	0.2515456875
0.2276215000	0.2517583281
0.2278410000	0.2519709687
0.2280605000	0.2521836094
0.2282800000	0.2523962500
0.2284995000	0.2526088906
0.2287190000	0.2528215312
0.2289385000	0.2530341719
0.2291580000	0.2532468125
0.2293775000	0.2534594531
0.2295970000	0.2536720937
0.2298165000	0.2538847344
0.2300360000	0.2540973750
0.2302555000	0.2543100156
0.2304750000	0.2545226562
0.2306945000	0.2547352969
0.2309140000	0.2549479375
0.2311335000	0.2551605781
0.2313530000	0.2553732187
0.2315725000	0.2555858594
0.2317920000	0.2557985000
0.2320115000	0.2560111406
0.2322310000	0.2562237812
0.2324505000	0.2564364219
0.2326700000	0.2566490625
0.2328895000	0.2568617031
0.2331090000	0.2570743437
0.2333285000	0.2572869844
0.2335480000	0.2574996250
0.2337675000	0.2577122656
0.2339870000	0.2579249062
0.2342065000	0.2581375469
0.2344260000	0.2583501875
0.2346455000	0.2585628281
0.2348650000	0.2587754687
0.2350845000	0.2589881094
0.2353040000	0.2592007500
0.2355235000	0.2594133906
0.2357430000	0.2596260312
0.2359625000	0.2598386719
0.2361820000	0.2600513125
0.2364015000	0.2602639531
0.2366210000	0.2604765937
0.2368405000	0.2606892344
0.2370600000	0.2609018750
0.2372795000	0.2611145156
0.2374990000	0.2613271562
0.2377185000	0.2615397969
0.2379380000	0.2617524375
0.2381575000	0.2619650781
0.2383770000	0.2621777187
0.2385965000	0.2623903594
0.2388160000	0.2626030000
0.2390355000	0.2628156406
0.2392550000	0.2630282812
0.2394745000	0.2632409219
0.2396940000	0.2634535625
0.2399135000	0.2636662031
0.2401330000	0.2638788437
0.2403525000	0.2640914844
0.2405720000	0.2643041250
0.2407915000	0.2645167656
0.2410110000	0.2647294062
0.2412305000	0.2649420469
0.2414500000	0.2651546875
0.2416695000	0.2653673281
0.2418890000	0.2655799687
0.2421085000	0.2657926094
0.2423280000	0.2660052500
0.2425475000	0.2662178906
0.2427670000	0.2664305312
0.2429865000	0.2666431719
0.2432060000	0.2668558125
0.2434255000	0.2670684531
0.2436450000	0.2672810937
0.2438645000	0.2674937344
0.2440840000	0.2677063750
0.2443035000	0.2679190156
0.2445230000	0.2681316562
0.2447425000	0.2683442969
0.2449620000	0.2685569375
0.2451815000	0.2687695781
0.2454010000	0.2689822187
0.2456205000	0.2691948594
0.2458400000	0.2694075000
0.2460595000	0.2696201406
0.2462790000	0.2698327812
0.2464985000	0.2700454219
0.2467180000	0.2702580625
0.2469375000	0.2704707031
0.2471570000	0.2706833437
0.2473765000	0.2708959844
0.2475960000	0.2711086250
0.2478155000	0.2713212656
0.2480350000	0.2715339062
0.2482545000	0.2717465469
0.2484740000	0.2719591875
0.2486935000	0.2721718281
0.2489130000	0.2723844687
0.2491325000	0.2725971094
0.2493520000	0.2728097500
0.2495715000	0.2730223906
0.2497910000	0.2732350312
0.2500105000	0.2734476719
0.2502300000	0.2736603125
0.2504495000	0.2738729531
0.2506690000	0.2740855937
0.2508885000	0.2742982344
0.2511080000	0.2745108750
0.2513275000	0.2747235156
0.2515470000	0.2749361562
0.2517665000	0.2751487969
0.2519860000	0.2753614375
0.2522055000	0.2755740781
0.2524250000	0.2757867187
0.2526445000	0.2759993594
0.2528640000	0.2762120000
0.2530835000	0.2764246406
0.2533030000	0.2766372812
0.2535225000	0.2768499219
0.2537420000	0.2770625625
0.2539615000	0.2772752031
0.2541810000	0.2774878437
0.2544005000	0.2777004844
0.2546200000	0.2779131250
0.2548395000	0.2781257656
0.2550590000	0.2783384062
0.2552785000	0.2785510469
0.2554980000	0.2787636875
0.2557175000	0.2789763281
0.2559370000	0.2791889687
0.2561565000	0.2794016094
0.2563760000	0.2796142500
0.2565955000	0.2798268906
0.2568150000	0.2800395312
0.2570345000	0.2802521719
0.2572540000	0.2804648125
0.2574735000	0.2806774531
0.2576930000	0.2808900937
0.2579125000	0.2811027344
0.2581320000	0.2813153750
0.2583515000	0.2815280156
0.2585710000	0.2817406562
0.2587905000	0.2819532969
0.2590100000	0.2821659375
0.2592295000	0.2823785781
0.2594490000	0.2825912187
0.2596685000	0.2828038594
0.2598880000	0.2830165000
0.2601075000	0.2832291406
0.2603270000	0.2834417812
0.2605465000	0.2836544219
0.2607660000	0.2838670625
0.2609855000	0.2840797031
0.2612050000	0.2842923437
0.2614245000	0.2845049844
0.2616440000	0.2847176250
0.2618635000	0.2849302656
0.2620830000	0.2851429062
0.2623025000	0.2853555469
0.2625220000	0.2855681875
0.2627415000	0.2857808281
0.2629610000	0.2859934687
0.2631805000	0.2862061094
0.2634000000	0.2864187500
0.2636195000	0.2866313906
0.2638390000	0.2868440312
0.2640585000	0.2870566719
0.2642780000	0.2872693125
0.2644975000	0.2874819531
0.2647170000	0.2876945937
0.2649365000	0.2879072344
0.2651560000	0.2881198750
0.2653755000	0.2883325156
0.2655950000	0.2885451562
0.2658145000	0.2887577969
0.2660340000	0.2889704375
0.2662535000	0.2891830781
0.2664730000	0.2893957187
0.2666925000	0.2896083594
0.2669120000	0.2898210000
0.2671315000	0.2900336406
0.2673510000	0.2902462812
0.2675705000	0.2904589219
0.2677900000	0.2906715625
0.2680095000	0.2908842031
0.2682290000	0.2910968437
0.2684485000	0.2913094844
0.2686680000	0.2915221250
0.2688875000	0.2917347656
0.2691070000	0.2919474062
0.2693265000	0.2921600469
0.2695460000	0.2923726875
0.2697655000	0.2925853281
0.2699850000	0.2927979687
0.2702045000	0.2930106094
0.2704240000	0.2932232500
0.2706435000	0.2934358906
0.2708630000	0.2936485312
0.2710825000	0.2938611719
0.2713020000	0.2940738125
0.2715215000	0.2942864531
0.2717410000	0.2944990937
0.2719605000	0.2947117344
0.2721800000	0.2949243750
0.2723995000	0.2951370156
0.2726190000	0.2953496562
0.2728385000	0.2955622969
0.2730580000	0.2957749375
0.2732775000	0.2959875781
0.2734970000	0.2962002187
0.2737165000	0.2964128594
0.2739360000	0.2966255000
0.2741555000	0.2968381406
0.2743750000	0.2970507812
0.2745945000	0.2972634219
0.2748140000	0.2974760625
0.2750335000	0.2976887031
0.2752530000	0.2979013437
0.2754725000	0.2981139844
0.2756920000	0.2983266250
0.2759115000	0.2985392656
0.2761310000	0.2987519062
0.2763505000	0.2989645469
0.2765700000	0.2991771875
0.2767895000	0.2993898281
0.2770090000	0.2996024687
0.2772285000	0.2998151094
0.2774480000	0.3000277500
0.2776675000	0.3002403906
0.2778870000	0.3004530312
0.2781065000	0.3006656719
0.2783260000	0.3008783125
0.2785455000	0.3010909531
0.2787650000	0.3013035937
0.2789845000	0.3015162344
0.2792040000	0.3017288750
0.2794235000	0.3019415156
0.2796430000	0.3021541562
0.2798625000	0.3023667969
0.2800820000	0.3025794375
0.2803015000	0.3027920781
0.2805210000	0.3030047187
0.2807405000	0.3032173594
0.2809600000	0.3034300000
0.2811795000	0.3036426406
0.2813990000	0.3038552812
0.2816185000	0.3040679219
0.2818380000	0.3042805625
0.2820575000	0.3044932031
0.2822770000	0.3047058437
0.2824965000	0.3049184844
0.2827160000	0.3051311250
0.2829355000	0.3053437656
0.2831550000	0.3055564062
0.2833745000	0.3057690469
0.2835940000	0.3059816875
0.2838135000	0.3061943281
0.2840330000	0.3064069687
0.2842525000	0.3066196094
0.2844720000	0.3068322500
0.2846915000	0.3070448906
0.2849110000	0.3072575312
0.2851305000	0.3074701719
0.2853500000	0.3076828125
0.2855695000	0.3078954531
0.2857890000	0.3081080937
0.2860085000	0.3083207344
0.2862280000	0.3085333750
0.2864475000	0.3087460156
0.2866670000	0.3089586562
0.2868865000	0.3091712969
0.2871060000	0.3093839375
0.2873255000	0.3095965781
0.2875450000	0.3098092187
0.2877645000	0.3100218594
0.2879840000	0.3102345000
0.2882035000	0.3104471406
0.2884230000	0.3106597812
0.2886425000	0.3108724219
0.2888620000	0.3110850625
0.2890815000	0.3112977031
0.2893010000	0.3115103437
0.2895205000	0.3117229844
0.2897400000	0.3119356250
0.2899595000	0.3121482656
0.2901790000	0.3123609062
0.2903985000	0.3125735469
0.2906180000	0.3127861875
0.2908375000	0.3129988281
0.2910570000	0.3132114687
0.2912765000	0.3134241094
0.2914960000	0.3136367500
0.2917155000	0.3138493906
0.2919350000	0.3140620312
0.2921545000	0.3142746719
0.2923740000	0.3144873125
0.2925935000	0.3146999531
0.2928130000	0.3149125937
0.2930325000	0.3151252344
0.2932520000	0.3153378750
0.2934715000	0.3155505156
0.2936910000	0.3157631562
0.2939105000	0.3159757969
0.2941300000	0.3161884375
0.2943495000	0.3164010781
0.2945690000	0.3166137187
0.2947885000	0.3168263594
0.2950080000	0.3170390000
0.2952275000	0.3172516406
0.2954470000	0.3174642812
0.2956665000	0.3176769219
0.2958860000	0.3178895625
0.2961055000	0.3181022031
0.2963250000	0.3183148437
0.2965445000	0.3185274844
0.2967640000	0.3187401250
0.2969835000	0.3189527656
0.2972030000	0.3191654062
0.2974225000	0.3193780469
0.2976420000	0.3195906875
0.2978615000	0.3198033281
0.2980810000	0.3200159687
0.2983005000	0.3202286094
0.2985200000	0.3204412500
0.2987395000	0.3206538906
0.2989590000	0.3208665312
0.2991785000	0.3210791719
0.2993980000	0.3212918125
0.2996175000	0.3215044531
0.2998370000	0.3217170937
0.3000565000	0.3219297344
0.3002760000	0.3221423750
0.3004955000	0.3223550156
0.3007150000	0.3225676562
0.3009345000	0.3227802969
0.3011540000	0.3229929375
0.3013735000	0.3232055781
0.3015930000	0.3234182187
0.3018125000	0.3236308594
0.3020320000	0.3238435000
0.3022515000	0.3240561406
0.3024710000	0.3242687812
0.3026905000	0.3244814219
0.3029100000	0.3246940625
0.3031295000	0.3249067031
0.3033490000	0.3251193437
0.3035685000	0.3253319844
0.3037880000	0.3255446250
0.3040075000	0.3257572656
0.3042270000	0.3259699062
0.3044465000	0.3261825469
0.3046660000	0.3263951875
0.3048855000	0.3266078281
0.3051050000	0.3268204687
0.3053245000	0.3270331094
0.3055440000	0.3272457500
0.3057635000	0.3274583906
0.3059830000	0.3276710312
0.3062025000	0.3278836719
0.3064220000	0.3280963125
0.3066415000	0.3283089531
0.3068610000	0.3285215937
0.3070805000	0.3287342344
0.3073000000	0.3289468750
0.3075195000	0.3291595156
0.3077390000	0.3293721562
0.3079585000	0.3295847969
0.3081780000	0.3297974375
0.3083975000	0.3300100781
0.3086170000	0.3302227187
0.3088365000	0.3304353594
0.3090560000	0.3306480000
0.3092755000	0.3308606406
0.3094950000	0.3310732812
0.3097145000	0.3312859219
0.3099340000	0.3314985625
0.3101535000	0.3317112031
0.3103730000	0.3319238437
0.3105925000	0.3321364844
0.3108120000	0.3323491250
0.3110315000	0.3325617656
0.3112510000	0.3327744062
0.3114705000	0.3329870469
0.3116900000	0.3331996875
0.3119095000	0.3334123281
0.3121290000	0.3336249687
0.3123485000	0.3338376094
0.3125680000	0.3340502500
0.3127875000	0.3342628906
0.3130070000	0.3344755312
0.3132265000	0.3346881719
0.3134460000	0.3349008125
0.3136655000	0.3351134531
0.3138850000	0.3353260937
0.3141045000	0.3355387344
0.3143240000	0.3357513750
0.3145435000	0.3359640156
0.3147630000	0.3361766562
0.3149825000	0.3363892969
0.3152020000	0.3366019375
0.3154215000	0.3368145781
0.3156410000	0.3370272187
0.3158605000	0.3372398594
0.3160800000	0.3374525000
0.3162995000	0.3376651406
0.3165190000	0.3378777812
0.3167385000	0.3380904219
0.3169580000	0.3383030625
0.3171775000	0.3385157031
0.3173970000	0.3387283437
0.3176165000	0.3389409844
0.3178360000	0.3391536250
0.3180555000	0.3393662656
0.3182750000	0.3395789062
0.3184945000	0.3397915469
0.3187140000	0.3400041875
0.3189335000	0.3402168281
0.3191530000	0.3404294687
0.3193725000	0.3406421094
0.3195920000	0.3408547500
0.3198115000	0.3410673906
0.3200310000	0.3412800312
0.3202505000	0.3414926719
0.3204700000	0.3417053125
0.3206895000	0.3419179531
0.3209090000	0.3421305937
0.3211285000	0.3423432344
0.3213480000	0.3425558750
0.3215675000	0.3427685156
0.3217870000	0.3429811562
0.3220065000	0.3431937969
0.3222260000	0.3434064375
0.3224455000	0.3436190781
0.3226650000	0.3438317187
0.3228845000	0.3440443594
0.3231040000	0.3442570000
0.3233235000	0.3444696406
0.3235430000	0.3446822812
0.3237625000	0.3448949219
0.3239820000	0.3451075625
0.3242015000	0.3453202031
0.3244210000	0.3455328437
0.3246405000	0.3457454844
0.3248600000	0.3459581250
0.3250795000	0.3461707656
0.3252990000	0.3463834062
0.3255185000	0.3465960469
0.3257380000	0.3468086875
0.3259575000	0.3470213281
0.3261770000	0.3472339687
0.3263965000	0.3474466094
0.3266160000	0.3476592500
0.3268355000	0.3478718906
0.3270550000	0.3480845312
0.3272745000	0.3482971719
0.3274940000	0.3485098125
0.3277135000	0.3487224531
0.3279330000	0.3489350937
0.3281525000	0.3491477344
0.3283720000	0.3493603750
0.3285915000	0.3495730156
0.3288110000	0.3497856562
0.3290305000	0.3499982969
0.3292500000	0.3502109375
0.3294695000	0.3504235781
0.3296890000	0.3506362187
0.3299085000	0.3508488594
0.3301280000	0.3510615000
0.3303475000	0.3512741406
0.3305670000	0.3514867812
0.3307865000	0.3516994219
0.3310060000	0.3519120625
0.3312255000	0.3521247031
0.3314450000	0.3523373437
0.3316645000	0.3525499844
0.3318840000	0.3527626250
0.3321035000	0.3529752656
0.3323230000	0.3531879062
0.3325425000	0.3534005469
0.3327620000	0.3536131875
0.3329815000	0.3538258281
0.3332010000	0.3540384687
0.3334205000	0.3542511094
0.3336400000	0.3544637500
0.3338595000	0.3546763906
0.3340790000	0.3548890312
0.3342985000	0.3551016719
0.3345180000	0.3553143125
0.3347375000	0.3555269531
0.3349570000	0.3557395937
0.3351765000	0.3559522344
0.3353960000	0.3561648750
0.3356155000	0.3563775156
0.3358350000	0.3565901562
0.3360545000	0.3568027969
0.3362740000	0.3570154375
0.3364935000	0.3572280781
0.3367130000	0.3574407187
0.3369325000	0.3576533594
0.3371520000	0.3578660000
0.3373715000	0.3580786406
0.3375910000	0.3582912812
0.3378105000	0.3585039219
0.3380300000	0.3587165625
0.3382495000	0.3589292031
0.3384690000	0.3591418437
0.3386885000	0.3593544844
0.3389080000	0.3595671250
0.3391275000	0.3597797656
0.3393470000	0.3599924062
0.3395665000	0.3602050469
0.3397860000	0.3604176875
0.3400055000	0.3606303281
0.3402250000	0.3608429687
0.3404445000	0.3610556094
0.3406640000	0.3612682500
0.3408835000	0.3614808906
0.3411030000	0.3616935312
0.3413225000	0.3619061719
0.3415420000	0.3621188125
0.3417615000	0.3623314531
0.3419810000	0.3625440937
0.3422005000	0.3627567344
0.3424200000	0.3629693750
0.3426395000	0.3631820156
0.3428590000	0.3633946562
0.3430785000	0.3636072969
0.3432980000	0.3638199375
0.3435175000	0.3640325781
0.3437370000	0.3642452187
0.3439565000	0.3644578594
0.3441760000	0.3646705000
0.3443955000	0.3648831406
0.3446150000	0.3650957812
0.3448345000	0.3653084219
0.3450540000	0.3655210625
0.3452735000	0.3657337031
0.3454930000	0.3659463437
0.3457125000	0.3661589844
0.3459320000	0.3663716250
0.3461515000	0.3665842656
0.3463710000	0.3667969062
0.3465905000	0.3670095469
0.3468100000	0.3672221875
0.3470295000	0.3674348281
0.3472490000	0.3676474687
0.3474685000	0.3678601094
0.3476880000	0.3680727500
0.3479075000	0.3682853906
0.3481270000	0.3684980312
0.3483465000	0.3687106719
0.3485660000	0.3689233125
0.3487855000	0.3691359531
0.3490050000	0.3693485937
0.3492245000	0.3695612344
0.3494440000	0.3697738750
0.3496635000	0.3699865156
0.3498830000	0.3701991562
0.3501025000	0.3704117969
0.3503220000	0.3706244375
0.3505415000	0.3708370781
0.3507610000	0.3710497187
0.3509805000	0.3712623594
0.3512000000	0.3714750000
0.3514195000	0.3716876406
0.3516390000	0.3719002812
0.3518585000	0.3721129219
0.3520780000	0.3723255625
0.3522975000	0.3725382031
0.3525170000	0.3727508437
0.3527365000	0.3729634844
0.3529560000	0.3731761250
0.3531755000	0.3733887656
0.3533950000	0.3736014062
0.3536145000	0.3738140469
0.3538340000	0.3740266875
0.3540535000	0.3742393281
0.3542730000	0.3744519687
0.3544925000	0.3746646094
0.3547120000	0.3748772500
0.3549315000	0.3750898906
0.3551510000	0.3753025312
0.3553705000	0.3755151719
0.3555900000	0.3757278125
0.3558095000	0.3759404531
0.3560290000	0.3761530937
0.3562485000	0.3763657344
0.3564680000	0.3765783750
0.3566875000	0.3767910156
0.3569070000	0.3770036562
0.3571265000	0.3772162969
0.3573460000	0.3774289375
0.3575655000	0.3776415781
0.3577850000	0.3778542187
0.3580045000	0.3780668594
0.3582240000	0.3782795000
0.3584435000	0.3784921406
0.3586630000	0.3787047812
0.3588825000	0.3789174219
0.3591020000	0.3791300625
0.3593215000	0.3793427031
0.3595410000	0.3795553437
0.3597605000	0.3797679844
0.3599800000	0.3799806250
0.3601995000	0.3801932656
0.3604190000	0.3804059062
0.3606385000	0.3806185469
0.3608580000	0.3808311875
0.3610775000	0.3810438281
0.3612970000	0.3812564687
0.3615165000	0.3814691094
0.3617360000	0.3816817500
0.3619555000	0.3818943906
0.3621750000	0.3821070312
0.3623945000	0.3823196719
0.3626140000	0.3825323125
0.3628335000	0.3827449531
0.3630530000	0.3829575937
0.3632725000	0.3831702344
0.3634920000	0.3833828750
0.3637115000	0.3835955156
0.3639310000	0.3838081562
0.3641505000	0.3840207969
0.3643700000	0.3842334375
0.3645895000	0.3844460781
0.3648090000	0.3846587187
0.3650285000	0.3848713594
0.3652480000	0.3850840000
0.3654675000	0.3852966406
0.3656870000	0.3855092812
0.3659065000	0.3857219219
0.3661260000	0.3859345625
0.3663455000	0.3861472031
0.3665650000	0.3863598437
0.3667845000	0.3865724844
0.3670040000	0.3867851250
0.3672235000	0.3869977656
0.3674430000	0.3872104062
0.3676625000	0.3874230469
0.3678820000	0.3876356875
0.3681015000	0.3878483281
0.3683210000	0.3880609687
0.3685405000	0.3882736094
0.3687600000	0.3884862500
0.3689795000	0.3886988906
0.3691990000	0.3889115312
0.3694185000	0.3891241719
0.3696380000	0.3893368125
0.3698575000	0.3895494531
0.3700770000	0.3897620937
0.3702965000	0.3899747344
0.3705160000	0.3901873750
0.3707355000	0.3904000156
0.3709550000	0.3906126562
0.3711745000	0.3908252969
0.3713940000	0.3910379375
0.3716135000	0.3912505781
0.3718330000	0.3914632187
0.3720525000	0.3916758594
0.3722720000	0.3918885000
0.3724915000	0.3921011406
0.3727110000	0.3923137812
0.3729305000	0.3925264219
0.3731500000	0.3927390625
0.3733695000	0.3929517031
0.3735890000	0.3931643437
0.3738085000	0.3933769844
0.3740280000	0.3935896250
0.3742475000	0.3938022656
0.3744670000	0.3940149062
0.3746865000	0.3942275469
0.3749060000	0.3944401875
0.3751255000	0.3946528281
0.3753450000	0.3948654687
0.3755645000	0.3950781094
0.3757840000	0.3952907500
0.3760035000	0.3955033906
0.3762230000	0.3957160312
0.3764425000	0.3959286719
0.3766620000	0.3961413125
0.3768815000	0.3963539531
0.3771010000	0.3965665937
0.3773205000	0.3967792344
0.3775400000	0.3969918750
0.3777595000	0.3972045156
0.3779790000	0.3974171562
0.3781985000	0.3976297969
0.3784180000	0.3978424375
0.3786375000	0.3980550781
0.3788570000	0.3982677187
0.3790765000	0.3984803594
0.3792960000	0.3986930000
0.3795155000	0.3989056406
0.3797350000	0.3991182812
0.3799545000	0.3993309219
0.3801740000	0.3995435625
0.3803935000	0.3997562031
0.3806130000	0.3999688437
0.3808325000	0.4001814844
0.3810520000	0.4003941250
0.3812715000	0.4006067656
0.3814910000	0.4008194062
0.3817105000	0.4010320469
0.3819300000	0.4012446875
0.3821495000	0.4014573281
0.3823690000	0.4016699687
0.3825885000	0.4018826094
0.3828080000	0.4020952500
0.3830275000	0.4023078906
0.3832470000	0.4025205312
0.3834665000	0.4027331719
0.3836860000	0.4029458125
0.3839055000	0.4031584531
0.3841250000	0.4033710937
0.3843445000	0.4035837344
0.3845640000	0.4037963750
0.3847835000	0.4040090156
0.3850030000	0.4042216562
0.3852225000	0.4044342969
0.3854420000	0.4046469375
0.3856615000	0.4048595781
0.3858810000	0.4050722187
0.3861005000	0.4052848594
0.3863200000	0.4054975000
0.3865395000	0.4057101406
0.3867590000	0.4059227812
0.3869785000	0.4061354219
0.3871980000	0.4063480625
0.3874175000	0.4065607031
0.3876370000	0.4067733437
0.3878565000	0.4069859844
0.3880760000	0.4071986250
0.3882955000	0.4074112656
0.3885150000	0.4076239062
0.3887345000	0.4078365469
0.3889540000	0.4080491875
0.3891735000	0.4082618281
0.3893930000	0.4084744687
0.3896125000	0.4086871094
0.3898320000	0.4088997500
0.3900515000	0.4091123906
0.3902710000	0.4093250312
0.3904905000	0.4095376719
0.3907100000	0.4097503125
0.3909295000	0.4099629531
0.3911490000	0.4101755937
0.3913685000	0.4103882344
0.3915880000	0.4106008750
0.3918075000	0.4108135156
0.3920270000	0.4110261562
0.3922465000	0.4112387969
0.3924660000	0.4114514375
0.3926855000	0.4116640781
0.3929050000	0.4118767187
0.3931245000	0.4120893594
0.3933440000	0.4123020000
0.3935635000	0.4125146406
0.3937830000	0.4127272812
0.3940025000	0.4129399219
0.3942220000	0.4131525625
0.3944415000	0.4133652031
0.3946610000	0.4135778437
0.3948805000	0.4137904844
0.3951000000	0.4140031250
0.3953195000	0.4142157656
0.3955390000	0.4144284062
0.3957585000	0.4146410469
0.3959780000	0.4148536875
0.3961975000	0.4150663281
0.3964170000	0.4152789687
0.3966365000	0.4154916094
0.3968560000	0.4157042500
0.3970755000	0.4159168906
0.3972950000	0.4161295312
0.3975145000	0.4163421719
0.3977340000	0.4165548125
0.3979535000	0.4167674531
0.3981730000	0.4169800937
0.3983925000	0.4171927344
0.3986120000	0.4174053750
0.3988315000	0.4176180156
0.3990510000	0.4178306562
0.3992705000	0.4180432969
0.3994900000	0.4182559375
0.3997095000	0.4184685781
0.3999290000	0.4186812187
0.4001485000	0.4188938594
0.4003680000	0.4191065000
0.4005875000	0.4193191406
0.4008070000	0.4195317812
0.4010265000	0.4197444219
0.4012460000	0.4199570625
0.4014655000	0.4201697031
0.4016850000	0.4203823437
0.4019045000	0.4205949844
0.4021240000	0.4208076250
0.4023435000	0.4210202656
0.4025630000	0.4212329062
0.4027825000	0.4214455469
0.4030020000	0.4216581875
0.4032215000	0.4218708281
0.4034410000	0.4220834687
0.4036605000	0.4222961094
0.4038800000	0.4225087500
0.4040995000	0.4227213906
0.4043190000	0.4229340312
0.4045385000	0.4231466719
0.4047580000	0.4233593125
0.4049775000	0.4235719531
0.4051970000	0.4237845937
0.4054165000	0.4239972344
0.4056360000	0.4242098750
0.4058555000	0.4244225156
0.4060750000	0.4246351562
0.4062945000	0.4248477969
0.4065140000	0.4250604375
0.4067335000	0.4252730781
0.4069530000	0.4254857187
0.4071725000	0.4256983594
0.4073920000	0.4259110000
0.4076115000	0.4261236406
0.4078310000	0.4263362812
0.4080505000	0.4265489219
0.4082700000	0.4267615625
0.4084895000	0.4269742031
0.4087090000	0.4271868437
0.4089285000	0.4273994844
0.4091480000	0.4276121250
0.4093675000	0.4278247656
0.4095870000	0.4280374062
0.4098065000	0.4282500469
0.4100260000	0.4284626875
0.4102455000	0.4286753281
0.4104650000	0.4288879687
0.4106845000	0.4291006094
0.4109040000	0.4293132500
0.4111235000	0.4295258906
0.4113430000	0.4297385312
0.4115625000	0.4299511719
0.4117820000	0.4301638125
0.4120015000	0.4303764531
0.4122210000	0.4305890937
0.4124405000	0.4308017344
0.4126600000	0.4310143750
0.4128795000	0.4312270156
0.4130990000	0.4314396562
0.4133185000	0.4316522969
0.4135380000	0.4318649375
0.4137575000	0.4320775781
0.4139770000	0.4322902187
0.4141965000	0.4325028594
0.4144160000	0.4327155000
0.4146355000	0.4329281406
0.4148550000	0.4331407812
0.4150745000	0.4333534219
0.4152940000	0.4335660625
0.4155135000	0.4337787031
0.4157330000	0.4339913437
0.4159525000	0.4342039844
0.4161720000	0.4344166250
0.4163915000	0.4346292656
0.4166110000	0.4348419062
0.4168305000	0.4350545469
0.4170500000	0.4352671875
0.4172695000	0.4354798281
0.4174890000	0.4356924687
0.4177085000	0.4359051094
0.4179280000	0.4361177500
0.4181475000	0.4363303906
0.4183670000	0.4365430312
0.4185865000	0.4367556719
0.4188060000	0.4369683125
0.4190255000	0.4371809531
0.4192450000	0.4373935937
0.4194645000	0.4376062344
0.4196840000	0.4378188750
0.4199035000	0.4380315156
0.4201230000	0.4382441562
0.4203425000	0.4384567969
0.4205620000	0.4386694375
0.4207815000	0.4388820781
0.4210010000	0.4390947187
0.4212205000	0.4393073594
0.4214400000	0.4395200000
0.4216595000	0.4397326406
0.4218790000	0.4399452812
0.4220985000	0.4401579219
0.4223180000	0.4403705625
0.4225375000	0.4405832031
0.4227570000	0.4407958437
0.4229765000	0.4410084844
0.4231960000	0.4412211250
0.4234155000	0.4414337656
0.4236350000	0.4416464062
0.4238545000	0.4418590469
0.4240740000	0.4420716875
0.4242935000	0.4422843281
0.4245130000	0.4424969687
0.4247325000	0.4427096094
0.4249520000	0.4429222500
0.4251715000	0.4431348906
0.4253910000	0.4433475312
0.4256105000	0.4435601719
0.4258300000	0.4437728125
0.4260495000	0.4439854531
0.4262690000	0.4441980937
0.4264885000	0.4444107344
0.4267080000	0.4446233750
0.4269275000	0.4448360156
0.4271470000	0.4450486562
0.4273665000	0.4452612969
0.4275860000	0.4454739375
0.4278055000	0.4456865781
0.4280250000	0.4458992187
0.4282445000	0.4461118594
0.4284640000	0.4463245000
0.4286835000	0.4465371406
0.4289030000	0.4467497812
0.4291225000	0.4469624219
0.4293420000	0.4471750625
0.4295615000	0.4473877031
0.4297810000	0.4476003437
0.4300005000	0.4478129844
0.4302200000	0.4480256250
0.4304395000	0.4482382656
0.4306590000	0.4484509062
0.4308785000	0.4486635469
0.4310980000	0.4488761875
0.4313175000	0.4490888281
0.4315370000	0.4493014687
0.4317565000	0.4495141094
0.4319760000	0.4497267500
0.4321955000	0.4499393906
0.4324150000	0.4501520312
0.4326345000	0.4503646719
0.4328540000	0.4505773125
0.4330735000	0.4507899531
0.4332930000	0.4510025937
0.4335125000	0.4512152344
0.4337320000	0.4514278750
0.4339515000	0.4516405156
0.4341710000	0.4518531562
0.4343905000	0.4520657969
0.4346100000	0.4522784375
0.4348295000	0.4524910781
0.4350490000	0.4527037187
0.4352685000	0.4529163594
0.4354880000	0.4531290000
0.4357075000	0.4533416406
0.4359270000	0.4535542812
0.4361465000	0.4537669219
0.4363660000	0.4539795625
0.4365855000	0.4541922031
0.4368050000	0.4544048437
0.4370245000	0.4546174844
0.4372440000	0.4548301250
0.4374635000	0.4550427656
0.4376830000	0.4552554062
0.4379025000	0.4554680469
0.4381220000	0.4556806875
0.4383415000	0.4558933281
0.4385610000	0.4561059687
0.4387805000	0.4563186094
