0.0204192190	0.0510311184	0.0122330082	-0.0179591223
0.0204192190	0.0306118994	0.0130576236	0.0129804660
0.0008256541	0.0320498524	0.0004946435	-0.0007261797
0.0008256541	0.0312241983	0.0005279869	0.0005248670
0.0099430392	0.0408823192	0.0059568037	-0.0087451071
0.0099430392	0.0309392800	0.0063583462	0.0063207747
0.0267788282	0.0571919898	0.0160430047	-0.0235525292
0.0267788282	0.0304131616	0.0171244482	0.0170232598
0.0146330726	0.0454257891	0.0087665692	-0.0128700877
0.0146330726	0.0307927165	0.0093575153	0.0093022217
0.0051967397	0.0362843416	0.0031133296	-0.0045706392
0.0051967397	0.0310876019	0.0033231962	0.0033035594
0.0266005709	0.0570193031	0.0159362120	-0.0233957482
0.0266005709	0.0304187322	0.0170104568	0.0169099419
0.0237965582	0.0543029158	0.0142563480	-0.0209295615
0.0237965582	0.0305063576	0.0152173548	0.0151274353
0.0240523437	0.0545507080	0.0144095873	-0.0211545301
0.0240523437	0.0304983643	0.0153809238	0.0152900378
0.0269993183	0.0574055896	0.0161750987	-0.0237464547
0.0269993183	0.0304062713	0.0172654466	0.0171634250
0.0058942139	0.0369600197	0.0035311814	-0.0051840821
0.0058942139	0.0310658058	0.0037692150	0.0037469427
0.0119089781	0.0427868226	0.0071345837	-0.0104741908
0.0119089781	0.0308778444	0.0076155192	0.0075705190
0.0140752359	0.0448853847	0.0084323732	-0.0123794589
0.0140752359	0.0308101489	0.0090007914	0.0089476057
0.0290974627	0.0594381670	0.0174320820	-0.0255918158
0.0290974627	0.0303407043	0.0186071620	0.0184972121
0.0049892502	0.0360833361	0.0029890242	-0.0043881480
0.0049892502	0.0310940859	0.0031905114	0.0031716587
0.0135990221	0.0444240527	0.0081470770	-0.0119606191
0.0135990221	0.0308250306	0.0086962636	0.0086448774
0.0026629187	0.0338297025	0.0015953356	-0.0023420917
0.0026629187	0.0311667838	0.0017028756	0.0016928133
0.0156341830	0.0463956148	0.0093663274	-0.0137505849
0.0156341830	0.0307614318	0.0099977025	0.0099386260
0.0243971530	0.0548847419	0.0146161600	-0.0214577969
0.0243971530	0.0304875890	0.0156014214	0.0155092325
0.0096022285	0.0405521588	0.0057526265	-0.0084453570
0.0096022285	0.0309499304	0.0061404055	0.0061041218
0.0086278141	0.0396081950	0.0051688618	-0.0075883397
0.0086278141	0.0309803808	0.0055172898	0.0054846881
0.0027585670	0.0339223618	0.0016526378	-0.0024262163
0.0027585670	0.0311637948	0.0017640405	0.0017536168
0.0259139063	0.0563540967	0.0155248361	-0.0227918126
0.0259139063	0.0304401904	0.0165713505	0.0164734302
0.0017179909	0.0329143037	0.0010292361	-0.0015110082
0.0017179909	0.0311963128	0.0010986159	0.0010921241
0.0270869524	0.0574904852	0.0162275997	-0.0238235307
0.0270869524	0.0304035327	0.0173214866	0.0172191339
0.0241056973	0.0546023943	0.0144415510	-0.0212014556
0.0241056973	0.0304966970	0.0154150422	0.0153239546
0.0117382933	0.0426214717	0.0070323277	-0.0103240699
0.0117382933	0.0308831783	0.0075063701	0.0074620150
0.0062528173	0.0373074167	0.0037460181	-0.0054994811
0.0062528173	0.0310545995	0.0039985336	0.0039749063
0.0254966382	0.0559498682	0.0152748538	-0.0224248167
0.0254966382	0.0304532301	0.0163045170	0.0162081736
0.0074343456	0.0384520223	0.0044538633	-0.0065386596
0.0074343456	0.0310176767	0.0047540940	0.0047260020
0.0222623221	0.0528166246	0.0133371981	-0.0195801693
0.0222623221	0.0305543024	0.0142362459	0.0141521238
0.0012184497	0.0324303732	0.0007299645	-0.0010716516
0.0012184497	0.0312119234	0.0007791707	0.0007745666
0.0216592934	0.0522324405	0.0129759279	-0.0190497932
0.0216592934	0.0305731471	0.0138506228	0.0137687794
0.0067039680	0.0377444690	0.0040162993	-0.0058962774
0.0067039680	0.0310405010	0.0042870342	0.0042617021
0.0215052145	0.0520831765	0.0128836203	-0.0189142776
0.0215052145	0.0305779620	0.0137520928	0.0136708316
0.0302050009	0.0605110947	0.0180956002	-0.0265659184
0.0302050009	0.0303060937	0.0193154073	0.0192012725
0.0126340564	0.0434892421	0.0075689729	-0.0111119119
0.0126340564	0.0308551857	0.0080791901	0.0080314501
0.0060552167	0.0371159911	0.0036276370	-0.0053256874
0.0060552167	0.0310607745	0.0038721726	0.0038492919
0.0216329508	0.0522069211	0.0129601463	-0.0190266243
0.0216329508	0.0305739703	0.0138337773	0.0137520334
0.0204760897	0.0510862119	0.0122670791	-0.0180091413
0.0204760897	0.0306101222	0.0130939911	0.0130166186
0.0028347507	0.0339961648	0.0016982789	-0.0024932214
0.0028347507	0.0311614140	0.0018127583	0.0018020467
0.0033562527	0.0345013698	0.0020107070	-0.0029518932
0.0033562527	0.0311451171	0.0021462469	0.0021335647
0.0202155055	0.0508337709	0.0121109649	-0.0177799521
0.0202155055	0.0306182655	0.0129273534	0.0128509656
0.0249324506	0.0554033115	0.0149368530	-0.0219286021
0.0249324506	0.0304708609	0.0159437320	0.0158495203
0.0039336973	0.0350607692	0.0023566499	-0.0034597675
0.0039336973	0.0311270720	0.0025155095	0.0025006453
0.0065513290	0.0375966000	0.0039248544	-0.0057620284
0.0065513290	0.0310452710	0.0041894251	0.0041646698
0.0210209898	0.0516140839	0.0125935248	-0.0184883921
0.0210209898	0.0305930941	0.0134424423	0.0133630108
0.0037338124	0.0348671307	0.0022369003	-0.0032839646
0.0037338124	0.0311333184	0.0023876876	0.0023735788
0.0118628115	0.0427420987	0.0071069256	-0.0104335863
0.0118628115	0.0308792871	0.0075859967	0.0075411710
0.0302321485	0.0605373939	0.0181118642	-0.0265897953
0.0302321485	0.0303052454	0.0193327676	0.0192185302
0.0260120901	0.0564492123	0.0155836573	-0.0228781672
0.0260120901	0.0304371222	0.0166341367	0.0165358455
0.0288405092	0.0591892433	0.0172781430	-0.0253658199
0.0288405092	0.0303487341	0.0184428461	0.0183338672
0.0145693596	0.0453640671	0.0087283993	-0.0128140509
0.0145693596	0.0307947075	0.0093167723	0.0092617194
0.0047440607	0.0358458088	0.0028421329	-0.0041724988
0.0047440607	0.0311017481	0.0030337183	0.0030157921
0.0164493499	0.0471853077	0.0098546880	-0.0144675409
0.0164493499	0.0307359578	0.0105189831	0.0104568263
0.0004406714	0.0316769004	0.0002640031	-0.0003875795
0.0004406714	0.0312362290	0.0002817993	0.0002801341
0.0296217913	0.0599461103	0.0177462035	-0.0260529735
0.0296217913	0.0303243190	0.0189424581	0.0188305270
0.0278839571	0.0582625834	0.0167050794	-0.0245245127
0.0278839571	0.0303786263	0.0178311529	0.0177257885
0.0259097517	0.0563500719	0.0155223471	-0.0227881585
0.0259097517	0.0304403203	0.0165686937	0.0164707892
0.0044367817	0.0355481323	0.0026580442	-0.0039022406
0.0044367817	0.0311113506	0.0028372204	0.0028204553
0.0093045935	0.0402638250	0.0055743155	-0.0081835810
0.0093045935	0.0309592315	0.0059500748	0.0059149157
0.0292978190	0.0596322621	0.0175521140	-0.0257680332
0.0292978190	0.0303344432	0.0187352852	0.0186245783
0.0038347988	0.0349649613	0.0022974005	-0.0033727843
0.0038347988	0.0311301625	0.0024522661	0.0024377757
0.0126779413	0.0435317556	0.0075952640	-0.0111505096
0.0126779413	0.0308538143	0.0081072535	0.0080593477
0.0220946970	0.0526542377	0.0132367751	-0.0194327396
0.0220946970	0.0305595407	0.0141290534	0.0140455648
0.0288227873	0.0591720752	0.0172675259	-0.0253502331
0.0288227873	0.0303492879	0.0184315133	0.0183226014
0.0003596915	0.0315984511	0.0002154886	-0.0003163560
0.0003596915	0.0312387596	0.0002300145	0.0002286553
0.0026771228	0.0338434628	0.0016038452	-0.0023545845
0.0026771228	0.0311663399	0.0017119588	0.0017018429
0.0257350550	0.0561808345	0.0154176876	-0.0226345092
0.0257350550	0.0304457795	0.0164569791	0.0163597347
0.0047527135	0.0358541912	0.0028473167	-0.0041801091
0.0047527135	0.0311014777	0.0030392516	0.0030212926
0.0185116970	0.0491832065	0.0110902254	-0.0162814175
0.0185116970	0.0306715095	0.0118378069	0.0117678572
0.0279460723	0.0583227576	0.0167422923	-0.0245791443
0.0279460723	0.0303766852	0.0178708742	0.0177652751
0.0098839540	0.0408250804	0.0059214062	-0.0086931404
0.0098839540	0.0309411264	0.0063205625	0.0062832143
0.0103639090	0.0412900368	0.0062089438	-0.0091152707
0.0103639090	0.0309261278	0.0066274828	0.0065883209
0.0164136929	0.0471507650	0.0098333261	-0.0144361798
0.0164136929	0.0307370721	0.0104961812	0.0104341592
0.0045042404	0.0356134829	0.0026984582	-0.0039615719
0.0045042404	0.0311092425	0.0028803587	0.0028633387
0.0180625229	0.0487480690	0.0108211284	-0.0158863596
0.0180625229	0.0306855462	0.0115505703	0.0114823179
0.0098865573	0.0408276024	0.0059229658	-0.0086954301
0.0098865573	0.0309410451	0.0063222273	0.0062848692
0.0140209435	0.0448327890	0.0083998471	-0.0123317076
0.0140209435	0.0308118455	0.0089660727	0.0089130921
0.0268027271	0.0572151419	0.0160573223	-0.0235735487
0.0268027271	0.0304124148	0.0171397310	0.0170384523
0.0194224251	0.0500654744	0.0116358361	-0.0170824216
0.0194224251	0.0306430492	0.0124201967	0.0123468057
0.0275137808	0.0579039751	0.0164833095	-0.0241989350
0.0275137808	0.0303901944	0.0175944336	0.0174904680
0.0251048095	0.0555702842	0.0150401120	-0.0220801953
0.0251048095	0.0304654747	0.0160539516	0.0159590887
0.0077702550	0.0387774346	0.0046551043	-0.0068340988
0.0077702550	0.0310071795	0.0049689004	0.0049395391
0.0253983771	0.0558546778	0.0152159862	-0.0223383941
0.0253983771	0.0304563007	0.0162416813	0.0161457091
0.0184477775	0.0491212845	0.0110519317	-0.0162251990
0.0184477775	0.0306735070	0.0117969318	0.0117272237
0.0290993013	0.0594399481	0.0174331835	-0.0255934329
0.0290993013	0.0303406468	0.0186083377	0.0184983809
0.0006888552	0.0319173284	0.0004126882	-0.0006058623
0.0006888552	0.0312284733	0.0004405071	0.0004379042
0.0206111646	0.0512170657	0.0123480014	-0.0181279424
0.0206111646	0.0306059011	0.0131803684	0.0131024855
0.0040741659	0.0351968482	0.0024408037	-0.0035833126
0.0040741659	0.0311226823	0.0026053359	0.0025899410
0.0074080295	0.0384265285	0.0044380975	-0.0065155140
0.0074080295	0.0310184991	0.0047372654	0.0047092729
0.0265542583	0.0569744378	0.0159084664	-0.0233550153
0.0265542583	0.0304201794	0.0169808409	0.0168805010
0.0165252298	0.0472588163	0.0099001471	-0.0145342788
0.0165252298	0.0307335866	0.0105675065	0.0105050631
0.0104187471	0.0413431613	0.0062417970	-0.0091635020
0.0104187471	0.0309244142	0.0066625505	0.0066231815
0.0043589370	0.0354727203	0.0026114080	-0.0038337746
0.0043589370	0.0311137832	0.0027874406	0.0027709696
0.0252196875	0.0556815723	0.0151089346	-0.0221812329
0.0252196875	0.0304618848	0.0161274134	0.0160321164
0.0244300727	0.0549166330	0.0146358820	-0.0214867505
0.0244300727	0.0304865602	0.0156224728	0.0155301595
0.0258841753	0.0563252948	0.0155070245	-0.0227656635
0.0258841753	0.0304411195	0.0165523381	0.0164545303
0.0200189004	0.0506433098	0.0119931802	-0.0176070339
0.0200189004	0.0306244094	0.0128016290	0.0127259841
0.0089120730	0.0398835707	0.0053391592	-0.0078383511
0.0089120730	0.0309714977	0.0056990669	0.0056653910
