0.0052314590	0.0207747174	0.0033046204	-0.0046960094
0.0052314590	0.0155432585	0.0034637797	0.0021331645
0.0067003443	0.0222206514	0.0042324894	-0.0060145516
0.0067003443	0.0155203071	0.0044363373	0.0027321129
0.0054238500	0.0209641023	0.0034261504	-0.0048687089
0.0054238500	0.0155402523	0.0035911630	0.0022116133
0.0169218302	0.0322824266	0.0106892219	-0.0151898493
0.0169218302	0.0153605964	0.0112040432	0.0068999964
0.0038080907	0.0193735892	0.0024055037	-0.0034183255
0.0038080907	0.0155654986	0.0025213592	0.0015527760
0.0006199337	0.0162352472	0.0003916012	-0.0005564823
0.0006199337	0.0156153135	0.0004104617	0.0002527824
0.0043137698	0.0198713672	0.0027249324	-0.0038722475
0.0043137698	0.0155575973	0.0028561724	0.0017589703
0.0244088536	0.0396524653	0.0154186426	-0.0219105620
0.0244088536	0.0152436117	0.0161612454	0.0099528834
0.0247090056	0.0399479274	0.0156082433	-0.0221799929
0.0247090056	0.0152389218	0.0163599778	0.0100752724
0.0147907679	0.0301846622	0.0093430674	-0.0132769053
0.0147907679	0.0153938943	0.0097930543	0.0060310406
0.0035754348	0.0191445687	0.0022585392	-0.0032094824
0.0035754348	0.0155691338	0.0023673164	0.0014579089
0.0036844592	0.0192518895	0.0023274079	-0.0033073479
0.0036844592	0.0155674303	0.0024395021	0.0015023644
0.0242004017	0.0394472704	0.0152869672	-0.0217234455
0.0242004017	0.0152468687	0.0160232282	0.0098678856
0.0175598586	0.0329104858	0.0110922532	-0.0157625743
0.0175598586	0.0153506272	0.0116264855	0.0071601570
0.0022518663	0.0178416809	0.0014224643	-0.0020213836
0.0022518663	0.0155898146	0.0014909739	0.0009182145
0.0109728222	0.0264263718	0.0069313384	-0.0098497334
0.0109728222	0.0154535497	0.0072651700	0.0044742461
0.0240008808	0.0392508670	0.0151609334	-0.0215443460
0.0240008808	0.0152499862	0.0158911242	0.0097865295
0.0287612350	0.0439368407	0.0181679653	-0.0258174691
0.0287612350	0.0151756057	0.0190429827	0.0117275978
0.0156404051	0.0310210237	0.0098797682	-0.0140395805
0.0156404051	0.0153806187	0.0103556041	0.0063774862
0.0077110461	0.0232155610	0.0048709319	-0.0069218062
0.0077110461	0.0155045149	0.0051055289	0.0031442338
0.0106953649	0.0261532499	0.0067560735	-0.0096006744
0.0106953649	0.0154578849	0.0070814640	0.0043611110
0.0090364683	0.0245202735	0.0057081777	-0.0081115689
0.0090364683	0.0154838052	0.0059830988	0.0036846841
0.0267299058	0.0419372510	0.0168848104	-0.0239940502
0.0267299058	0.0152073452	0.0176980277	0.0108993088
0.0083352307	0.0238299927	0.0052652183	-0.0074821043
0.0083352307	0.0154947620	0.0055188052	0.0033987495
0.0249929450	0.0402274302	0.0157876028	-0.0224348706
0.0249929450	0.0152344852	0.0165479757	0.0101910507
0.0204905188	0.0357953545	0.0129434996	-0.0183932761
0.0204905188	0.0153048356	0.0135668929	0.0083551545
0.0020316956	0.0176249503	0.0012833863	-0.0018237478
0.0020316956	0.0155932548	0.0013451976	0.0008284383
0.0111088247	0.0265602493	0.0070172488	-0.0099718158
0.0111088247	0.0154514246	0.0073552181	0.0045297021
0.0135269125	0.0289405545	0.0085447122	-0.0121424078
0.0135269125	0.0154136420	0.0089562483	0.0055156946
0.0103022646	0.0257662917	0.0065077590	-0.0092478086
0.0103022646	0.0154640271	0.0068211899	0.0042008215
0.0121226987	0.0275582815	0.0076576951	-0.0108819179
0.0121226987	0.0154355828	0.0080265100	0.0049431164
0.0109819399	0.0264353471	0.0069370979	-0.0098579179
0.0109819399	0.0154534072	0.0072712069	0.0044779639
0.0091111335	0.0245937721	0.0057553425	-0.0081785920
0.0091111335	0.0154826385	0.0060325350	0.0037151294
0.0277476445	0.0429390876	0.0175276980	-0.0249076214
0.0277476445	0.0151914431	0.0183718785	0.0113142990
0.0118749809	0.0273144343	0.0075012161	-0.0106595545
0.0118749809	0.0154394534	0.0078624946	0.0048421078
0.0195029954	0.0348232611	0.0123196984	-0.0175068275
0.0195029954	0.0153202657	0.0129130479	0.0079524848
0.0289918099	0.0441638129	0.0183136153	-0.0260244442
0.0289918099	0.0151720030	0.0191956477	0.0118216163
0.0053866579	0.0209274914	0.0034026569	-0.0048353234
0.0053866579	0.0155408335	0.0035665379	0.0021964480
0.0238736505	0.0391256247	0.0150805642	-0.0214301379
0.0238736505	0.0152519742	0.0158068843	0.0097346505
0.0153915120	0.0307760196	0.0097225468	-0.0138161621
0.0153915120	0.0153845076	0.0101908105	0.0062759983
0.0277642137	0.0429553979	0.0175381645	-0.0249224948
0.0277642137	0.0151911842	0.0183828491	0.0113210552
0.0104702267	0.0259316294	0.0066138577	-0.0093985795
0.0104702267	0.0154614027	0.0069323986	0.0042693093
0.0240574279	0.0393065306	0.0151966532	-0.0215951054
0.0240574279	0.0152491027	0.0159285644	0.0098095870
0.0247307202	0.0399693027	0.0156219601	-0.0221994850
0.0247307202	0.0152385825	0.0163743552	0.0100841267
0.0238281094	0.0390807952	0.0150517967	-0.0213892581
0.0238281094	0.0152526858	0.0157767313	0.0097160808
0.0011497445	0.0167567798	0.0007262734	-0.0010320660
0.0011497445	0.0156070352	0.0007612526	0.0004688165
0.0066677346	0.0221885512	0.0042118904	-0.0059852795
0.0066677346	0.0155208166	0.0044147462	0.0027188161
0.0158960254	0.0312726500	0.0100412391	-0.0142690377
0.0158960254	0.0153766246	0.0105248519	0.0064817172
0.0239510910	0.0392018552	0.0151294821	-0.0214996523
0.0239510910	0.0152507642	0.0158581581	0.0097662274
0.0085145483	0.0240065085	0.0053784901	-0.0076430684
0.0085145483	0.0154919602	0.0056375325	0.0034718675
0.0148826553	0.0302751138	0.0094011110	-0.0133593878
0.0148826553	0.0153924585	0.0098538935	0.0060685084
0.0263339900	0.0415475214	0.0166347173	-0.0236386571
0.0263339900	0.0152135314	0.0174358895	0.0107378714
0.0011169279	0.0167244759	0.0007055437	-0.0010026082
0.0011169279	0.0156075480	0.0007395245	0.0004554353
0.0211008529	0.0363961521	0.0133290369	-0.0189411414
0.0211008529	0.0152952992	0.0139709987	0.0086040226
0.0204945691	0.0357993415	0.0129460581	-0.0183969118
0.0204945691	0.0153047724	0.0135695746	0.0083568060
0.0024153342	0.0180025946	0.0015257240	-0.0021681203
0.0024153342	0.0155872604	0.0015992070	0.0009848697
0.0132456628	0.0286636993	0.0083670517	-0.0118899445
0.0132456628	0.0154180365	0.0087700311	0.0054010130
0.0229787593	0.0382447162	0.0145152772	-0.0206268405
0.0229787593	0.0152659569	0.0152143715	0.0093697522
0.0028062508	0.0183874031	0.0017726592	-0.0025190258
0.0028062508	0.0155811523	0.0018580351	0.0011442687
0.0088654007	0.0243518788	0.0056001174	-0.0079580104
0.0088654007	0.0154864781	0.0058698339	0.0036149301
0.0304029335	0.0455528877	0.0192049972	-0.0272911367
0.0304029335	0.0151499542	0.0201299609	0.0123970120
0.0189282180	0.0342574646	0.0119566217	-0.0169908797
0.0189282180	0.0153292466	0.0125324844	0.0077181153
0.0135662071	0.0289792351	0.0085695339	-0.0121776805
0.0135662071	0.0154130280	0.0089822654	0.0055317172
0.0171734254	0.0325300906	0.0108481501	-0.0154156933
0.0171734254	0.0153566652	0.0113706258	0.0070025861
0.0082848122	0.0237803620	0.0052333698	-0.0074368462
0.0082848122	0.0154955498	0.0054854228	0.0033781910
0.0175087130	0.0328601394	0.0110599454	-0.0157166637
0.0175087130	0.0153514264	0.0115926218	0.0071393020
0.0290800808	0.0442507045	0.0183693745	-0.0261036804
0.0290800808	0.0151706237	0.0192540924	0.0118576094
0.0293459495	0.0445124190	0.0185373191	-0.0263423369
0.0293459495	0.0151664695	0.0194301256	0.0119660192
0.0238342123	0.0390868027	0.0150556518	-0.0213947363
0.0238342123	0.0152525904	0.0157807720	0.0097185693
0.0063697825	0.0218952547	0.0040236794	-0.0057178234
0.0063697825	0.0155254721	0.0042174704	0.0025973240
0.0137118275	0.0291225802	0.0086615198	-0.0123083964
0.0137118275	0.0154107527	0.0090786816	0.0055910950
0.0174972175	0.0328488235	0.0110526839	-0.0157063447
0.0174972175	0.0153516060	0.0115850105	0.0071346146
0.0027477140	0.0183297810	0.0017356825	-0.0024664804
0.0027477140	0.0155820670	0.0018192776	0.0011203999
0.0214968688	0.0367859802	0.0135791931	-0.0192966243
0.0214968688	0.0152891114	0.0142332032	0.0087655009
0.0140324599	0.0294382027	0.0088640576	-0.0125962115
0.0140324599	0.0154057428	0.0092909741	0.0057218351
0.0117937404	0.0272344632	0.0074498979	-0.0105866291
0.0117937404	0.0154407228	0.0078087048	0.0048089814
0.0169553872	0.0323154592	0.0107104192	-0.0152199717
0.0169553872	0.0153600721	0.0112262615	0.0069136795
0.0169203653	0.0322809846	0.0106882965	-0.0151885344
0.0169203653	0.0153606193	0.0112030733	0.0068993991
0.0055679936	0.0211059937	0.0035172034	-0.0049980991
0.0055679936	0.0155380001	0.0036866013	0.0022703889
0.0147840021	0.0301780021	0.0093387936	-0.0132708320
0.0147840021	0.0153940000	0.0097885747	0.0060282818
0.0092606313	0.0247409340	0.0058497776	-0.0083127885
0.0092606313	0.0154803026	0.0061315184	0.0037760882
0.0224330757	0.0377075589	0.0141705785	-0.0201370087
0.0224330757	0.0152744832	0.0148530713	0.0091472459
0.0088894688	0.0243755708	0.0056153208	-0.0079796151
0.0088894688	0.0154861021	0.0058857695	0.0036247440
0.0043146698	0.0198722531	0.0027255009	-0.0038730553
0.0043146698	0.0155575833	0.0028567683	0.0017593373
0.0021699568	0.0177610513	0.0013707235	-0.0019478577
0.0021699568	0.0155910944	0.0014367412	0.0008848153
0.0133326619	0.0287493391	0.0084220075	-0.0119680391
0.0133326619	0.0154166772	0.0088276338	0.0054364875
0.0234939432	0.0387518504	0.0148407098	-0.0210892944
0.0234939432	0.0152579071	0.0155554779	0.0095798221
0.0240214377	0.0392711028	0.0151739188	-0.0215627989
0.0240214377	0.0152496650	0.0159047351	0.0097949118
0.0196298122	0.0349480964	0.0123998064	-0.0176206644
0.0196298122	0.0153182842	0.0129970140	0.0080041953
0.0105268311	0.0259873494	0.0066496137	-0.0094493904
0.0105268311	0.0154605183	0.0069698768	0.0042923901
0.0027004918	0.0182832967	0.0017058531	-0.0024240915
0.0027004918	0.0155828048	0.0017880115	0.0011011447
0.0183325969	0.0336711501	0.0115803784	-0.0164562215
0.0183325969	0.0153385532	0.0121381202	0.0074752465
0.0225801899	0.0378523745	0.0142635080	-0.0202690655
0.0225801899	0.0152721845	0.0149504764	0.0092072327
0.0257444171	0.0409671606	0.0162622945	-0.0231094281
0.0257444171	0.0152227435	0.0170455298	0.0104974688
0.0148879787	0.0302803540	0.0094044737	-0.0133641664
0.0148879787	0.0153923753	0.0098574182	0.0060706790
0.0262565713	0.0414713124	0.0165858133	-0.0235691624
0.0262565713	0.0152147411	0.0173846302	0.0107063034
0.0121758897	0.0276106414	0.0076912949	-0.0109296647
0.0121758897	0.0154347517	0.0080617281	0.0049648054
0.0047384261	0.0202893882	0.0029931802	-0.0042534393
0.0047384261	0.0155509621	0.0031373397	0.0019321269
0.0263830791	0.0415958435	0.0166657261	-0.0236827218
0.0263830791	0.0152127644	0.0174683917	0.0107578878
0.0299529927	0.0451099772	0.0189207775	-0.0268872481
0.0299529927	0.0151569845	0.0198320525	0.0122135454
0.0204341302	0.0357398469	0.0129078799	-0.0183426590
0.0204341302	0.0153057167	0.0135295577	0.0083321617
0.0277559385	0.0429472519	0.0175329371	-0.0249150665
0.0277559385	0.0151913135	0.0183773700	0.0113176810
0.0230902113	0.0383544268	0.0145856795	-0.0207268852
0.0230902113	0.0152642154	0.0152881646	0.0094151976
0.0102211301	0.0256864250	0.0064565077	-0.0091749784
0.0102211301	0.0154652948	0.0067674703	0.0041677384
0.0055296911	0.0210682897	0.0034930084	-0.0049637169
0.0055296911	0.0155385986	0.0036612410	0.0022547708
0.0147137822	0.0301088793	0.0092944369	-0.0132077992
0.0147137822	0.0153950972	0.0097420816	0.0059996491
0.0123846528	0.0278161426	0.0078231669	-0.0111170606
0.0123846528	0.0154314898	0.0081999514	0.0050499301
0.0279547667	0.0431429734	0.0176585334	-0.0250935443
0.0279547667	0.0151882068	0.0185090153	0.0113987546
0.0285237815	0.0437030974	0.0180179700	-0.0256043193
0.0285237815	0.0151793159	0.0188857633	0.0116307744
0.0189290978	0.0342583307	0.0119571775	-0.0169916694
0.0189290978	0.0153292328	0.0125330669	0.0077184740
0.0142828408	0.0296846714	0.0090222188	-0.0128209655
0.0142828408	0.0154018306	0.0094567528	0.0058239297
0.0026104239	0.0181946360	0.0016489588	-0.0023432421
0.0026104239	0.0155842121	0.0017283770	0.0010644189
0.0025859024	0.0181704977	0.0016334690	-0.0023212305
0.0025859024	0.0155845953	0.0017121412	0.0010544201
0.0286878125	0.0438645654	0.0181215855	-0.0257515615
0.0286878125	0.0151767529	0.0189943692	0.0116976592
0.0139174691	0.0293250086	0.0087914199	-0.0124929902
0.0139174691	0.0154075395	0.0092148381	0.0056749468
0.0125417629	0.0279707978	0.0079224106	-0.0112580901
0.0125417629	0.0154290350	0.0083039749	0.0051139929
0.0230149852	0.0382803761	0.0145381605	-0.0206593586
0.0230149852	0.0152653909	0.0152383569	0.0093845236
0.0196413881	0.0349594914	0.0124071187	-0.0176310555
0.0196413881	0.0153181033	0.0130046785	0.0080089154
0.0132012751	0.0286200052	0.0083390128	-0.0118501000
0.0132012751	0.0154187301	0.0087406418	0.0053829136
0.0226709497	0.0379417162	0.0143208394	-0.0203505358
0.0226709497	0.0152707664	0.0150105690	0.0092442407
0.0027747853	0.0183564292	0.0017527829	-0.0024907808
0.0027747853	0.0155816440	0.0018372016	0.0011314384
0.0046376000	0.0201901375	0.0029294902	-0.0041629330
0.0046376000	0.0155525375	0.0030705822	0.0018910143
0.0139703118	0.0293770257	0.0088247998	-0.0125404244
0.0139703118	0.0154067139	0.0092498256	0.0056964938
0.0124186747	0.0278496329	0.0078446579	-0.0111476002
0.0124186747	0.0154309582	0.0082224775	0.0050638028
0.0203016134	0.0356094007	0.0128241714	-0.0182237055
0.0203016134	0.0153077873	0.0134418175	0.0082781270
0.0093105565	0.0247900791	0.0058813145	-0.0083576038
0.0093105565	0.0154795226	0.0061645742	0.0037964455
0.0115703883	0.0270146010	0.0073088104	-0.0103861375
0.0115703883	0.0154442127	0.0076608221	0.0047179080
0.0100338120	0.0255020337	0.0063381822	-0.0090068327
0.0100338120	0.0154682217	0.0066434459	0.0040913581
0.0091607414	0.0246426048	0.0057866789	-0.0082231225
0.0091607414	0.0154818634	0.0060653807	0.0037353573
0.0010346572	0.0166434907	0.0006535747	-0.0009287581
0.0010346572	0.0156088335	0.0006850526	0.0004218888
0.0234915360	0.0387494808	0.0148391892	-0.0210871336
0.0234915360	0.0152579447	0.0155538840	0.0095788406
0.0231888327	0.0384515072	0.0146479769	-0.0208154125
0.0231888327	0.0152626745	0.0153534624	0.0094554112
0.0302630839	0.0454152232	0.0191166567	-0.0271656010
0.0302630839	0.0151521393	0.0200373657	0.0123399873
0.0250978017	0.0403306485	0.0158538390	-0.0225289949
0.0250978017	0.0152328468	0.0166174020	0.0102338068
0.0028106924	0.0183917753	0.0017754648	-0.0025230128
0.0028106924	0.0155810829	0.0018609759	0.0011460798
0.0097139220	0.0251871419	0.0061361133	-0.0087196840
0.0097139220	0.0154732200	0.0064316448	0.0039609206
0.0102808619	0.0257452234	0.0064942392	-0.0092285965
0.0102808619	0.0154643615	0.0068070191	0.0041920944
0.0149169660	0.0303088884	0.0094227845	-0.0133901867
0.0149169660	0.0153919224	0.0098766108	0.0060824988
0.0246715343	0.0399110416	0.0155845734	-0.0221463569
0.0246715343	0.0152395073	0.0163351678	0.0100599933
0.0120625023	0.0274990257	0.0076196701	-0.0108278828
0.0120625023	0.0154365234	0.0079866537	0.0049185710
0.0124828301	0.0279127858	0.0078851837	-0.0112051892
0.0124828301	0.0154299558	0.0082649551	0.0050899626
0.0198973132	0.0352114177	0.0125687820	-0.0178607861
0.0198973132	0.0153141045	0.0131741280	0.0081132707
0.0128438645	0.0282681792	0.0081132429	-0.0115292711
0.0128438645	0.0154243146	0.0085039982	0.0052371769
0.0253286303	0.0405578705	0.0159996494	-0.0227361979
0.0253286303	0.0152292402	0.0167702350	0.0103279288
0.0080782351	0.0235770127	0.0051028787	-0.0072514127
0.0080782351	0.0154987776	0.0053486469	0.0032939577
0.0235394387	0.0387966350	0.0148694485	-0.0211301333
0.0235394387	0.0152571963	0.0155856007	0.0095983732
0.0070466170	0.0225615136	0.0044512237	-0.0063253826
0.0070466170	0.0155148966	0.0046656065	0.0028733081
0.0162967441	0.0316671075	0.0102943660	-0.0146287420
0.0162967441	0.0153703634	0.0107901700	0.0066451131
0.0235307557	0.0387880877	0.0148639637	-0.0211223391
0.0235307557	0.0152573319	0.0155798517	0.0095948327
0.0236807332	0.0389357217	0.0149587018	-0.0212569661
0.0236807332	0.0152549885	0.0156791526	0.0096559871
0.0133789902	0.0287949434	0.0084512723	-0.0120096256
0.0133789902	0.0154159533	0.0088583080	0.0054553782
0.0303742209	0.0455246237	0.0191868600	-0.0272653628
0.0303742209	0.0151504028	0.0201109501	0.0123853042
0.0036137592	0.0191822942	0.0022827480	-0.0032438842
0.0036137592	0.0155685350	0.0023926912	0.0014735360
0.0046360650	0.0201886265	0.0029285206	-0.0041615551
0.0046360650	0.0155525615	0.0030695659	0.0018903884
0.0019263007	0.0175212022	0.0012168102	-0.0017291402
0.0019263007	0.0155949016	0.0012754150	0.0007854628
0.0069962455	0.0225119291	0.0044194049	-0.0062801667
0.0069962455	0.0155156837	0.0046322552	0.0028527688
0.0045288665	0.0200831030	0.0028608052	-0.0040653286
0.0045288665	0.0155542365	0.0029985891	0.0018466775
0.0148463756	0.0302394010	0.0093781938	-0.0133268214
0.0148463756	0.0153930254	0.0098298725	0.0060537150
0.0151098366	0.0304987454	0.0095446175	-0.0135633167
0.0151098366	0.0153889088	0.0100043116	0.0061611431
0.0059958415	0.0215271565	0.0037874674	-0.0053821560
0.0059958415	0.0155313150	0.0039698819	0.0024448469
0.0086786400	0.0241680362	0.0054821439	-0.0077903650
0.0086786400	0.0154893963	0.0057461785	0.0035387771
0.0014820088	0.0170838524	0.0009361589	-0.0013303225
0.0014820088	0.0156018436	0.0009812467	0.0006042996
0.0120122904	0.0274495983	0.0075879521	-0.0107828101
0.0120122904	0.0154373080	0.0079534080	0.0048980967
0.0217152034	0.0370009034	0.0137171113	-0.0194926119
0.0217152034	0.0152856999	0.0143777638	0.0088545284
0.0219616729	0.0372435218	0.0138728017	-0.0197138548
0.0219616729	0.0152818489	0.0145409527	0.0089550280
0.0003295725	0.0159494229	0.0002081852	-0.0002958402
0.0003295725	0.0156198504	0.0002182119	0.0001343855
0.0300318341	0.0451875867	0.0189705803	-0.0269580200
0.0300318341	0.0151557526	0.0198842538	0.0122456935
0.0040482841	0.0196100296	0.0025572297	-0.0036339347
0.0040482841	0.0155617456	0.0026803927	0.0016507166
0.0027453296	0.0183274339	0.0017341763	-0.0024643400
0.0027453296	0.0155821042	0.0018176989	0.0011194277
0.0288983011	0.0440717651	0.0182545475	-0.0259405062
0.0288983011	0.0151734640	0.0191337350	0.0117834874
0.0039446533	0.0195080181	0.0024917680	-0.0035409107
0.0039446533	0.0155633648	0.0026117781	0.0016084604
0.0208852291	0.0361838974	0.0131928311	-0.0187475870
0.0208852291	0.0152986683	0.0138282329	0.0085161004
0.0200330797	0.0353450629	0.0126545434	-0.0179826567
0.0200330797	0.0153119831	0.0132640198	0.0081686305
0.0175855310	0.0329357571	0.0111084700	-0.0157856192
0.0175855310	0.0153502261	0.0116434834	0.0071706251
0.0267072985	0.0419149970	0.0168705298	-0.0239737568
0.0267072985	0.0152076985	0.0176830593	0.0108900906
0.0225268661	0.0377998838	0.0142298243	-0.0202211994
0.0225268661	0.0152730177	0.0149151704	0.0091854896
0.0151021722	0.0304912007	0.0095397760	-0.0135564367
0.0151021722	0.0153890286	0.0099992369	0.0061580179
0.0230881026	0.0383523510	0.0145843475	-0.0207249923
0.0230881026	0.0152642484	0.0152867684	0.0094143377
0.0039752658	0.0195381523	0.0025111054	-0.0035683900
0.0039752658	0.0155628865	0.0026320469	0.0016209429
0.0235780296	0.0388346229	0.0148938258	-0.0211647744
0.0235780296	0.0152565933	0.0156111520	0.0096141090
0.0130652758	0.0284861308	0.0082531044	-0.0117280205
0.0130652758	0.0154208551	0.0086505959	0.0053274590
0.0190483009	0.0343756712	0.0120324760	-0.0170986719
0.0190483009	0.0153273703	0.0126119920	0.0077670799
0.0123091956	0.0277418644	0.0077755019	-0.0110493265
0.0123091956	0.0154326688	0.0081499907	0.0050191619
0.0012273544	0.0168331770	0.0007752981	-0.0011017324
0.0012273544	0.0156058226	0.0008126385	0.0005004625
0.0214564762	0.0367462188	0.0135536779	-0.0192603660
0.0214564762	0.0152897426	0.0142064590	0.0087490305
0.0087389860	0.0242274393	0.0055202634	-0.0078445345
0.0087389860	0.0154884533	0.0057861340	0.0035633836
0.0208445103	0.0361438148	0.0131671098	-0.0187110359
0.0208445103	0.0152993045	0.0138012727	0.0084994970
0.0269472328	0.0421511823	0.0170220920	-0.0241891334
0.0269472328	0.0152039495	0.0178419212	0.0109879255
0.0292407416	0.0444088550	0.0184708611	-0.0262478973
0.0292407416	0.0151681134	0.0193604668	0.0119231200
0.0250981362	0.0403309778	0.0158540503	-0.0225292952
0.0250981362	0.0152328416	0.0166176234	0.0102339432
0.0303790022	0.0455293303	0.0191898802	-0.0272696548
0.0303790022	0.0151503281	0.0201141159	0.0123872538
0.0140049451	0.0294111178	0.0088466770	-0.0125715129
0.0140049451	0.0154061727	0.0092727565	0.0057106158
0.0223343005	0.0376103271	0.0141081840	-0.0200483433
0.0223343005	0.0152760266	0.0147876716	0.0091069696
0.0236130608	0.0388691068	0.0149159543	-0.0211962201
0.0236130608	0.0152560459	0.0156343463	0.0096283932
0.0077478767	0.0232518161	0.0048941971	-0.0069548671
0.0077478767	0.0155039394	0.0051299147	0.0031592517
0.0096887625	0.0251623756	0.0061202205	-0.0086970997
0.0096887625	0.0154736131	0.0064149866	0.0039506617
0.0159709679	0.0313464215	0.0100885789	-0.0143363096
0.0159709679	0.0153754536	0.0105744717	0.0065122755
0.0099657787	0.0254350634	0.0062952068	-0.0089457627
0.0099657787	0.0154692847	0.0065984007	0.0040636170
0.0186343749	0.0339682128	0.0117710062	-0.0167271119
0.0186343749	0.0153338379	0.0123379291	0.0075982987
0.0139155840	0.0293231530	0.0087902291	-0.0124912981
0.0139155840	0.0154075690	0.0092135899	0.0056741782
0.0253762201	0.0406047167	0.0160297110	-0.0227789167
0.0253762201	0.0152284966	0.0168017444	0.0103473339
0.0303098787	0.0454612869	0.0191462162	-0.0272076062
0.0303098787	0.0151514081	0.0200683488	0.0123590682
0.0075878951	0.0230943342	0.0047931396	-0.0068112599
0.0075878951	0.0155064391	0.0050239899	0.0030940181
0.0023657771	0.0179538118	0.0014944197	-0.0021236354
0.0023657771	0.0155880347	0.0015663949	0.0009646624
0.0059131637	0.0214457705	0.0037352413	-0.0053079404
0.0059131637	0.0155326068	0.0039151404	0.0024111345
0.0041793845	0.0197390816	0.0026400435	-0.0037516167
0.0041793845	0.0155596971	0.0027671950	0.0017041737
0.0108801340	0.0263351319	0.0068727889	-0.0097665320
0.0108801340	0.0154549979	0.0072038006	0.0044364519
0.0022921496	0.0178813347	0.0014479105	-0.0020575438
0.0022921496	0.0155891852	0.0015176457	0.0009346403
0.0107723660	0.0262290478	0.0068047137	-0.0096697943
0.0107723660	0.0154566818	0.0071324468	0.0043925087
0.0168553429	0.0322169782	0.0106472230	-0.0151301672
0.0168553429	0.0153616353	0.0111600216	0.0068728857
0.0035547601	0.0191242170	0.0022454793	-0.0031909238
0.0035547601	0.0155694569	0.0023536276	0.0014494787
0.0134212162	0.0288365097	0.0084779457	-0.0120475297
0.0134212162	0.0154152935	0.0088862661	0.0054725962
0.0165193335	0.0318862189	0.0104349718	-0.0148285489
0.0165193335	0.0153668854	0.0109375478	0.0067358755
0.0293168117	0.0444837365	0.0185189132	-0.0263161814
0.0293168117	0.0151669248	0.0194108333	0.0119541381
0.0124038375	0.0278350275	0.0078352855	-0.0111342816
0.0124038375	0.0154311900	0.0082126537	0.0050577528
0.0206813178	0.0359831723	0.0130640240	-0.0185645465
0.0206813178	0.0153018544	0.0136932221	0.0084329542
0.0141908008	0.0295940695	0.0089640787	-0.0127383459
0.0141908008	0.0154032687	0.0093958126	0.0057863998
0.0226083638	0.0378801081	0.0142813049	-0.0202943557
0.0226083638	0.0152717443	0.0149691305	0.0092187208
0.0063785679	0.0219039028	0.0040292289	-0.0057257096
0.0063785679	0.0155253349	0.0042232873	0.0026009063
0.0234227435	0.0386817631	0.0147957342	-0.0210253821
0.0234227435	0.0152590196	0.0155083361	0.0095507899
0.0196094470	0.0349280494	0.0123869421	-0.0176023836
0.0196094470	0.0153186024	0.0129835301	0.0079958912
0.0080492260	0.0235484569	0.0050845542	-0.0072253728
0.0080492260	0.0154992308	0.0053294399	0.0032821291
0.0024359701	0.0180229080	0.0015387594	-0.0021866440
0.0024359701	0.0155869380	0.0016128701	0.0009932841
0.0036849786	0.0192524008	0.0023277360	-0.0033078142
0.0036849786	0.0155674222	0.0024398460	0.0015025762
0.0031928529	0.0187679646	0.0020168689	-0.0028660584
0.0031928529	0.0155751117	0.0021140067	0.0013019084
0.0122009630	0.0276353230	0.0077071333	-0.0109521718
0.0122009630	0.0154343600	0.0080783293	0.0049750293
0.0109123532	0.0263668477	0.0068931412	-0.0097954536
0.0109123532	0.0154544945	0.0072251332	0.0044495895
0.0302320922	0.0453847158	0.0190970798	-0.0271377813
0.0302320922	0.0151526236	0.0200168459	0.0123273502
0.0116183427	0.0270618061	0.0073391023	-0.0104291837
0.0116183427	0.0154434634	0.0076925730	0.0047374617
0.0046116410	0.0201645841	0.0029130923	-0.0041396309
0.0046116410	0.0155529431	0.0030533946	0.0018804293
0.0005296356	0.0161463600	0.0003345615	-0.0004754264
0.0005296356	0.0156167244	0.0003506748	0.0002159627
0.0150708277	0.0304603460	0.0095199762	-0.0135283004
0.0150708277	0.0153895183	0.0099784836	0.0061452370
0.0074471990	0.0229558365	0.0047042643	-0.0066849643
0.0074471990	0.0155086375	0.0049308342	0.0030366483
0.0147901305	0.0301840348	0.0093426648	-0.0132763332
0.0147901305	0.0153939042	0.0097926323	0.0060307807
0.0279246080	0.0431132860	0.0176394827	-0.0250664724
0.0279246080	0.0151886780	0.0184890470	0.0113864572
0.0072697083	0.0227811191	0.0045921466	-0.0065256401
0.0072697083	0.0155114108	0.0048133166	0.0029642752
0.0085821049	0.0240730095	0.0054211644	-0.0077037105
0.0085821049	0.0154909046	0.0056822621	0.0034994142
0.0128434471	0.0282677683	0.0081129792	-0.0115288964
0.0128434471	0.0154243211	0.0085037218	0.0052370067
0.0107369942	0.0261942287	0.0067823700	-0.0096380429
0.0107369942	0.0154572345	0.0071090269	0.0043780856
0.0001791881	0.0158013883	0.0001131900	-0.0001608478
0.0001791881	0.0156222002	0.0001186415	0.0000730652
0.0067263853	0.0222462855	0.0042489390	-0.0060379272
0.0067263853	0.0155199002	0.0044535792	0.0027427314
0.0135600939	0.0289732174	0.0085656723	-0.0121721931
0.0135600939	0.0154131235	0.0089782179	0.0055292246
0.0189529760	0.0342818358	0.0119722609	-0.0170131036
0.0189529760	0.0153288597	0.0125488768	0.0077282105
0.0041657440	0.0197256543	0.0026314271	-0.0037393724
0.0041657440	0.0155599102	0.0027581636	0.0016986117
0.0137835161	0.0291931486	0.0087068042	-0.0123727475
0.0137835161	0.0154096326	0.0091261470	0.0056203265
0.0217259244	0.0370114568	0.0137238835	-0.0195022356
0.0217259244	0.0152855324	0.0143848622	0.0088588999
0.0075488350	0.0230558845	0.0047684660	-0.0067761977
0.0075488350	0.0155070495	0.0049981280	0.0030780911
0.0196991282	0.0350163293	0.0124435921	-0.0176828857
0.0196991282	0.0153172011	0.0130429085	0.0080324594
0.0041357690	0.0196961476	0.0026124924	-0.0037124653
0.0041357690	0.0155603786	0.0027383170	0.0016863892
0.0169908106	0.0323503291	0.0107327956	-0.0152517695
0.0169908106	0.0153595186	0.0112497155	0.0069281236
0.0114897401	0.0269352129	0.0072578663	-0.0103137438
0.0114897401	0.0154454728	0.0076074244	0.0046850231
0.0039947961	0.0195573774	0.0025234423	-0.0035859213
0.0039947961	0.0155625813	0.0026449780	0.0016289065
0.0033119373	0.0188851883	0.0020920924	-0.0029729543
0.0033119373	0.0155732510	0.0021928531	0.0013504659
0.0245973141	0.0398379811	0.0155376898	-0.0220797332
0.0245973141	0.0152406670	0.0162860262	0.0100297294
0.0228290530	0.0380973491	0.0144207104	-0.0204924569
0.0228290530	0.0152682960	0.0151152501	0.0093087084
0.0092317271	0.0247124814	0.0058315193	-0.0082868427
0.0092317271	0.0154807543	0.0061123808	0.0037643023
0.0201017106	0.0354126213	0.0126978963	-0.0180442631
0.0201017106	0.0153109108	0.0133094607	0.0081966152
0.0153113061	0.0306970669	0.0096718822	-0.0137441654
0.0153113061	0.0153857608	0.0101377057	0.0062432938
0.0226306478	0.0379020439	0.0142953814	-0.0203143589
0.0226306478	0.0152713961	0.0149838849	0.0092278073
0.0064297356	0.0219542709	0.0040615506	-0.0057716402
0.0064297356	0.0155245354	0.0042571657	0.0026217703
0.0287195302	0.0438957875	0.0181416210	-0.0257800328
0.0287195302	0.0151762573	0.0190153697	0.0117105923
0.0302586688	0.0454108771	0.0191138678	-0.0271616377
0.0302586688	0.0151522083	0.0200344424	0.0123381870
0.0122054922	0.0276397814	0.0077099943	-0.0109562374
0.0122054922	0.0154342892	0.0080813281	0.0049768761
0.0289655592	0.0441379724	0.0182970332	-0.0260008803
0.0289655592	0.0151724131	0.0191782670	0.0118109124
0.0088542342	0.0243408868	0.0055930637	-0.0079479869
0.0088542342	0.0154866526	0.0058624405	0.0036103769
0.0305924821	0.0457394745	0.0193247317	-0.0274612846
0.0305924821	0.0151469925	0.0202554622	0.0124743017
0.0193939156	0.0347158856	0.0122507946	-0.0174089122
0.0193939156	0.0153219701	0.0128408255	0.0079080068
0.0231424357	0.0384058351	0.0146186687	-0.0207737643
0.0231424357	0.0152633994	0.0153227426	0.0094364924
0.0208951106	0.0361936245	0.0131990731	-0.0187564571
0.0208951106	0.0152985139	0.0138347755	0.0085201297
0.0016131599	0.0172129543	0.0010190047	-0.0014480500
0.0016131599	0.0155997944	0.0010680827	0.0006577774
0.0059780137	0.0215096073	0.0037762059	-0.0053661529
0.0059780137	0.0155315935	0.0039580780	0.0024375775
0.0293207646	0.0444876276	0.0185214102	-0.0263197298
0.0293207646	0.0151668631	0.0194134505	0.0119557499
0.0014029062	0.0170059857	0.0008861911	-0.0012593161
0.0014029062	0.0156030796	0.0009288724	0.0005720449
0.0196874975	0.0350048804	0.0124362452	-0.0176724455
0.0196874975	0.0153173829	0.0130352078	0.0080277169
0.0284477148	0.0436282193	0.0179699201	-0.0255360383
0.0284477148	0.0151805045	0.0188353991	0.0115997577
0.0290514719	0.0442225426	0.0183513027	-0.0260779996
0.0290514719	0.0151710708	0.0192351502	0.0118459439
0.0196511079	0.0349690593	0.0124132585	-0.0176397804
0.0196511079	0.0153179514	0.0130111140	0.0080128788
0.0205449705	0.0358489553	0.0129778958	-0.0184421545
0.0205449705	0.0153039848	0.0136029457	0.0083773576
0.0047514659	0.0203022242	0.0030014172	-0.0042651445
0.0047514659	0.0155507583	0.0031459735	0.0019374439
0.0231903076	0.0384529591	0.0146489086	-0.0208167365
0.0231903076	0.0152626514	0.0153544390	0.0094560126
0.0281971858	0.0433816048	0.0178116653	-0.0253111514
0.0281971858	0.0151844190	0.0186695224	0.0114976027
0.0137207344	0.0291313479	0.0086671461	-0.0123163917
0.0137207344	0.0154106135	0.0090845789	0.0055947268
0.0134299808	0.0288451374	0.0084834822	-0.0120553973
0.0134299808	0.0154151565	0.0088920692	0.0054761700
0.0039517514	0.0195150053	0.0024962517	-0.0035472823
0.0039517514	0.0155632539	0.0026164778	0.0016113547
0.0055424978	0.0210808962	0.0035010982	-0.0049752128
0.0055424978	0.0155383985	0.0036697203	0.0022599928
0.0070459294	0.0225608368	0.0044507894	-0.0063247655
0.0070459294	0.0155149074	0.0046651513	0.0028730278
0.0275762756	0.0427703963	0.0174194473	-0.0247537925
0.0275762756	0.0151941207	0.0182584141	0.0112444221
0.0009494136	0.0165595790	0.0005997278	-0.0008522393
0.0009494136	0.0156101654	0.0006286123	0.0003871301
0.0005630585	0.0161792607	0.0003556741	-0.0005054284
0.0005630585	0.0156162022	0.0003728043	0.0002295911
0.0201826461	0.0354922923	0.0127490218	-0.0181169147
0.0201826461	0.0153096462	0.0133630486	0.0082296172
0.0122922098	0.0277251440	0.0077647722	-0.0110340792
0.0122922098	0.0154329342	0.0081387443	0.0050122358
0.0111356502	0.0265866557	0.0070341940	-0.0099958957
0.0111356502	0.0154510055	0.0073729794	0.0045406404
0.0013238158	0.0169281312	0.0008362311	-0.0011883208
0.0013238158	0.0156043154	0.0008765062	0.0005397953
0.0001623324	0.0157847960	0.0001025425	-0.0001457174
0.0001623324	0.0156224636	0.0001074813	0.0000661922
0.0036750310	0.0192426086	0.0023214523	-0.0032988847
0.0036750310	0.0155675776	0.0024332596	0.0014985200
0.0213553405	0.0366466633	0.0134897922	-0.0191695817
0.0213553405	0.0152913228	0.0141394964	0.0087077917
0.0249902545	0.0402247818	0.0157859033	-0.0224324555
0.0249902545	0.0152345273	0.0165461944	0.0101899537
0.0100923631	0.0255596699	0.0063751679	-0.0090593909
0.0100923631	0.0154673068	0.0066822129	0.0041152327
0.0240075551	0.0392574370	0.0151651494	-0.0215503371
0.0240075551	0.0152498820	0.0158955433	0.0097892510
0.0181816938	0.0335226049	0.0114850555	-0.0163207636
0.0181816938	0.0153409110	0.0120382063	0.0074137147
0.0266812942	0.0418893990	0.0168541033	-0.0239504141
0.0266812942	0.0152081048	0.0176658417	0.0108794871
0.0187677014	0.0340994561	0.0118552262	-0.0168467923
0.0187677014	0.0153317547	0.0124262054	0.0076526635
0.0081101813	0.0236084597	0.0051230586	-0.0072800891
0.0081101813	0.0154982784	0.0053697987	0.0033069840
0.0224957116	0.0377692161	0.0142101445	-0.0201932336
0.0224957116	0.0152735045	0.0148945428	0.0091727861
0.0304068332	0.0455567264	0.0192074606	-0.0272946372
0.0304068332	0.0151498932	0.0201325429	0.0123986021
0.0178309816	0.0331773726	0.0112635168	-0.0160059475
0.0178309816	0.0153463909	0.0118059977	0.0072707094
0.0126979589	0.0281245533	0.0080210768	-0.0113982992
0.0126979589	0.0154265944	0.0084073932	0.0051776829
0.0286006768	0.0437787912	0.0180665434	-0.0256733443
0.0286006768	0.0151781144	0.0189366761	0.0116621290
0.0060340519	0.0215647699	0.0038116042	-0.0054164555
0.0060340519	0.0155307179	0.0039951812	0.0024604275
0.0081088944	0.0236071929	0.0051222456	-0.0072789339
0.0081088944	0.0154982985	0.0053689466	0.0033064592
0.0139928991	0.0293992600	0.0088390677	-0.0125606998
0.0139928991	0.0154063610	0.0092647807	0.0057057039
0.0082155039	0.0237121366	0.0051895890	-0.0073746318
0.0082155039	0.0154966328	0.0054395334	0.0033499300
0.0175789285	0.0329292577	0.0111042993	-0.0157796924
0.0175789285	0.0153503292	0.0116391119	0.0071679329
0.0123056808	0.0277384045	0.0077732817	-0.0110461714
0.0123056808	0.0154327237	0.0081476635	0.0050177287
0.0210258746	0.0363223453	0.0132816744	-0.0188738372
0.0210258746	0.0152964707	0.0139213551	0.0085734496
0.0178810717	0.0332266799	0.0112951578	-0.0160509107
0.0178810717	0.0153456083	0.0118391626	0.0072911339
0.0110072233	0.0264602355	0.0069530690	-0.0098806135
0.0110072233	0.0154530121	0.0072879473	0.0044882735
0.0226539567	0.0379249886	0.0143101051	-0.0203352820
0.0226539567	0.0152710319	0.0149993178	0.0092373117
0.0221302997	0.0374095138	0.0139793203	-0.0198652223
0.0221302997	0.0152792141	0.0146526015	0.0090237868
0.0162577992	0.0316287711	0.0102697652	-0.0145937832
0.0162577992	0.0153709719	0.0107643844	0.0066292331
0.0029911047	0.0185693687	0.0018894281	-0.0026849595
0.0029911047	0.0155782640	0.0019804280	0.0012196442
0.0288920900	0.0440656511	0.0182506240	-0.0259349308
0.0288920900	0.0151735611	0.0191296225	0.0117809548
0.0147143840	0.0301094717	0.0092948170	-0.0132083394
0.0147143840	0.0153950878	0.0097424801	0.0059998945
0.0060596544	0.0215899723	0.0038277769	-0.0054394375
0.0060596544	0.0155303179	0.0040121328	0.0024708671
0.0049480356	0.0204957225	0.0031255869	-0.0044415949
0.0049480356	0.0155476869	0.0032761234	0.0020175966
0.0015736271	0.0171740392	0.0009940325	-0.0014125635
0.0015736271	0.0156004121	0.0010419078	0.0006416576
0.0199854660	0.0352981930	0.0126244666	-0.0179399163
0.0199854660	0.0153127271	0.0132324944	0.0081492156
0.0251426454	0.0403747915	0.0158821659	-0.0225692488
0.0251426454	0.0152321462	0.0166470932	0.0102520921
0.0212741973	0.0365667880	0.0134385355	-0.0190967436
0.0212741973	0.0152925907	0.0140857711	0.0086747050
0.0137359634	0.0291463390	0.0086767660	-0.0123300620
0.0137359634	0.0154103756	0.0090946621	0.0056009366
0.0088005682	0.0242880593	0.0055591638	-0.0078998137
0.0088005682	0.0154874911	0.0058269079	0.0035884942
0.0208499166	0.0361491366	0.0131705248	-0.0187158888
0.0208499166	0.0152992201	0.0138048523	0.0085017015
0.0011190391	0.0167265541	0.0007068772	-0.0010045033
0.0011190391	0.0156075150	0.0007409223	0.0004562961
0.0155293442	0.0309116982	0.0098096130	-0.0139398869
0.0155293442	0.0153823540	0.0102820701	0.0063322003
0.0262635972	0.0414782285	0.0165902514	-0.0235754691
0.0262635972	0.0152146313	0.0173892820	0.0107091682
0.0134220285	0.0288373093	0.0084784589	-0.0120482589
0.0134220285	0.0154152808	0.0088868040	0.0054729274
0.0062211071	0.0217489023	0.0039297637	-0.0055843652
0.0062211071	0.0155277952	0.0041190315	0.0025367006
0.0014214049	0.0170241955	0.0008978764	-0.0012759215
0.0014214049	0.0156027905	0.0009411205	0.0005795879
0.0038452385	0.0194101566	0.0024289694	-0.0034516712
0.0038452385	0.0155649181	0.0025459550	0.0015679233
0.0304231500	0.0455727882	0.0192177676	-0.0273092839
0.0304231500	0.0151496383	0.0201433464	0.0124052554
0.0028272425	0.0184080668	0.0017859193	-0.0025378690
0.0028272425	0.0155808243	0.0018719339	0.0011528282
0.0041145221	0.0196752327	0.0025990711	-0.0036933931
0.0041145221	0.0155607106	0.0027242492	0.0016777256
0.0259952956	0.0412141191	0.0164207701	-0.0233346287
0.0259952956	0.0152188235	0.0172116380	0.0105997663
0.0231309017	0.0383944813	0.0146113829	-0.0207634108
0.0231309017	0.0152635797	0.0153151059	0.0094317894
0.0122239650	0.0276579656	0.0077216632	-0.0109728194
0.0122239650	0.0154340005	0.0080935591	0.0049844085
0.0197973407	0.0351130072	0.0125056312	-0.0177710460
0.0197973407	0.0153156666	0.0131079356	0.0080725062
0.0154856015	0.0308686390	0.0097819815	-0.0139006213
0.0154856015	0.0153830375	0.0102531077	0.0063143639
0.0189443559	0.0342733503	0.0119668157	-0.0170053658
0.0189443559	0.0153289944	0.0125431694	0.0077246956
0.0087791293	0.0242669554	0.0055456212	-0.0078805691
0.0087791293	0.0154878261	0.0058127131	0.0035797523
0.0214181691	0.0367085102	0.0135294799	-0.0192259796
0.0214181691	0.0152903411	0.0141810956	0.0087334105
0.0272771457	0.0424759403	0.0172304922	-0.0244852791
0.0272771457	0.0151987946	0.0180603585	0.0111224498
0.0099535978	0.0254230728	0.0062875123	-0.0089348285
0.0099535978	0.0154694750	0.0065903356	0.0040586502
0.0227935438	0.0380623947	0.0143982799	-0.0204605822
0.0227935438	0.0152688509	0.0150917393	0.0092942293
0.0211187560	0.0364137754	0.0133403459	-0.0189572120
0.0211187560	0.0152950194	0.0139828524	0.0086113227
0.0284085992	0.0435897148	0.0179452114	-0.0255009262
0.0284085992	0.0151811156	0.0188095004	0.0115838080
0.0027838641	0.0183653662	0.0017585179	-0.0024989304
0.0027838641	0.0155815021	0.0018432128	0.0011351404
0.0303288850	0.0454799962	0.0191582221	-0.0272246672
0.0303288850	0.0151511112	0.0200809330	0.0123668182
0.0238632032	0.0391153406	0.0150739649	-0.0214207599
0.0238632032	0.0152521375	0.0157999671	0.0097303905
0.0025200674	0.0181056914	0.0015918822	-0.0022621338
0.0025200674	0.0155856239	0.0016685514	0.0010275754
0.0078513451	0.0233536678	0.0049595563	-0.0070477453
0.0078513451	0.0155023227	0.0051984217	0.0032014417
0.0156966570	0.0310763968	0.0099153016	-0.0140900750
0.0156966570	0.0153797397	0.0103928488	0.0064004233
0.0258336984	0.0410550469	0.0163186920	-0.0231895713
0.0258336984	0.0152213485	0.0171046435	0.0105338739
0.0259702470	0.0411894619	0.0164049473	-0.0233121439
0.0259702470	0.0152192149	0.0171950531	0.0105895526
0.0031927531	0.0187678664	0.0020168059	-0.0028659689
0.0031927531	0.0155751132	0.0021139406	0.0013018678
0.0239692886	0.0392197685	0.0151409771	-0.0215159873
0.0239692886	0.0152504799	0.0158702068	0.0097736476
0.0180948492	0.0334371171	0.0114301973	-0.0162428077
0.0180948492	0.0153422680	0.0119807060	0.0073783032
0.0257338732	0.0409567814	0.0162556341	-0.0230999634
0.0257338732	0.0152229082	0.0170385487	0.0104931695
0.0178723617	0.0332181061	0.0112896559	-0.0160430922
0.0178723617	0.0153457443	0.0118333957	0.0072875824
0.0115821455	0.0270261745	0.0073162372	-0.0103966914
0.0115821455	0.0154440290	0.0076686066	0.0047227021
0.0188669636	0.0341971673	0.0119179284	-0.0169358948
0.0188669636	0.0153302037	0.0124919275	0.0076931383
0.0156043721	0.0309855538	0.0098570069	-0.0140072356
0.0156043721	0.0153811817	0.0103317465	0.0063627935
0.0067995883	0.0223183447	0.0042951801	-0.0061036378
0.0067995883	0.0155187564	0.0045020474	0.0027725804
0.0173430481	0.0326970630	0.0109552978	-0.0155679548
0.0173430481	0.0153540149	0.0114829341	0.0070717510
0.0035263919	0.0190962920	0.0022275596	-0.0031654591
0.0035263919	0.0155699001	0.0023348448	0.0014379113
0.0167307679	0.0320943497	0.0105685312	-0.0150183427
0.0167307679	0.0153635818	0.0110775397	0.0068220894
0.0204607866	0.0357660868	0.0129247183	-0.0183665870
0.0204607866	0.0153053002	0.0135472070	0.0083430310
0.0268284365	0.0420342422	0.0169470505	-0.0240824961
0.0268284365	0.0152058057	0.0177632655	0.0109394855
0.0219321399	0.0372144502	0.0138541462	-0.0196873446
0.0219321399	0.0152823103	0.0145213987	0.0089429858
0.0130015797	0.0284234300	0.0082128687	-0.0116708438
0.0130015797	0.0154218503	0.0086084223	0.0053014864
0.0275671443	0.0427614077	0.0174136792	-0.0247455958
0.0275671443	0.0151942634	0.0182523682	0.0112406988
0.0128080138	0.0282328886	0.0080905966	-0.0114970898
0.0128080138	0.0154248748	0.0084802612	0.0052225586
0.0029134670	0.0184929441	0.0018403858	-0.0026152682
0.0029134670	0.0155794771	0.0019290236	0.0011879869
0.0185886656	0.0339232177	0.0117421325	-0.0166860811
0.0185886656	0.0153345521	0.0123076648	0.0075796604
0.0012133662	0.0168194074	0.0007664621	-0.0010891759
0.0012133662	0.0156060412	0.0008033769	0.0004947587
0.0161312898	0.0315042384	0.0101898515	-0.0144802223
0.0161312898	0.0153729486	0.0106806218	0.0065776479
0.0205633038	0.0358670022	0.0129894766	-0.0184586114
0.0205633038	0.0153036984	0.0136150843	0.0083848331
0.0212371727	0.0365303419	0.0134151477	-0.0190635086
0.0212371727	0.0152931692	0.0140612569	0.0086596080
0.0077686824	0.0232722967	0.0049073397	-0.0069735433
0.0077686824	0.0155036143	0.0051436903	0.0031677354
0.0224859519	0.0377596089	0.0142039795	-0.0201844729
0.0224859519	0.0152736570	0.0148880809	0.0091688065
0.0104293288	0.0258913705	0.0065880232	-0.0093618676
0.0104293288	0.0154620417	0.0069053199	0.0042526329
0.0276055220	0.0427991857	0.0174379217	-0.0247800454
0.0276055220	0.0151936637	0.0182777783	0.0112563476
0.0211141299	0.0364092216	0.0133374237	-0.0189530594
0.0211141299	0.0152950917	0.0139797895	0.0086094364
0.0176516713	0.0330008640	0.0111502497	-0.0158449899
0.0176516713	0.0153491926	0.0116872753	0.0071975943
0.0240719881	0.0393208633	0.0152058506	-0.0216081753
0.0240719881	0.0152488752	0.0159382048	0.0098155240
0.0069828280	0.0224987213	0.0044109294	-0.0062681226
0.0069828280	0.0155158933	0.0046233715	0.0028472977
0.0087757852	0.0242636636	0.0055435089	-0.0078775673
0.0087757852	0.0154878784	0.0058104990	0.0035783887
0.0249995748	0.0402339565	0.0157917908	-0.0224408218
0.0249995748	0.0152343816	0.0165523654	0.0101937541
0.0054429398	0.0209828938	0.0034382091	-0.0048858447
0.0054429398	0.0155399541	0.0036038024	0.0022193973
0.0196757538	0.0349933201	0.0124288269	-0.0176619038
0.0196757538	0.0153175663	0.0130274322	0.0080229283
0.0049117103	0.0204599649	0.0031026409	-0.0044089876
0.0049117103	0.0155482545	0.0032520723	0.0020027848
