0.1273510559	0.1409861957
0.1273510559	0.0136351398
0.4101351771	0.4193518149
0.4101351771	0.0092166379
0.2645753792	0.2760663889
0.2645753792	0.0114910097
0.3411659131	0.3514601957
0.3411659131	0.0102942826
0.3160339854	0.3267209544
0.3160339854	0.0106869690
0.1511398796	0.1644033190
0.1511398796	0.0132634394
0.2363794312	0.2483110026
0.2363794312	0.0119315714
0.3273571146	0.3378671596
0.3273571146	0.0105100451
0.2705172915	0.2819154588
0.2705172915	0.0113981673
0.4022496971	0.4115895456
0.4022496971	0.0093398485
0.1391292163	0.1525803223
0.1391292163	0.0134511060
0.1088656971	0.1227896706
0.1088656971	0.0139239735
0.2852224524	0.2963908516
0.2852224524	0.0111683992
0.2981881324	0.3091539428
0.2981881324	0.0109658104
0.2944633749	0.3054873847
0.2944633749	0.0110240098
0.4099086622	0.4191288393
0.4099086622	0.0092201772
0.3671394677	0.3770279135
0.3671394677	0.0098884458
0.2290876886	0.2411331934
0.2290876886	0.0120455049
0.1434733362	0.1568565653
0.1434733362	0.0133832291
0.4185632912	0.4276482398
0.4185632912	0.0090849486
0.0533253858	0.0681171766
0.0533253858	0.0147917908
0.3621608843	0.3721271205
0.3621608843	0.0099662362
0.2867784688	0.2979225552
0.2867784688	0.0111440864
0.2798750908	0.2911270425
0.2798750908	0.0112519517
0.2195335645	0.2317283525
0.2195335645	0.0121947881
0.2355633659	0.2475076883
0.2355633659	0.0119443224
0.4073689390	0.4166287994
0.4073689390	0.0092598603
0.0978486201	0.1119447354
0.0978486201	0.0140961153
0.1892243120	0.2018926821
0.1892243120	0.0126683701
0.3038306043	0.3147082512
0.3038306043	0.0108776468
0.2476004172	0.2593566606
0.2476004172	0.0117562435
0.3298920298	0.3403624669
0.3298920298	0.0104704370
0.0779446749	0.0923517894
0.0779446749	0.0144071145
0.4086019924	0.4178425862
0.4086019924	0.0092405939
0.0136674223	0.0290788688
0.0136674223	0.0154114465
0.4033486121	0.4126712900
0.4033486121	0.0093226779
0.0759483977	0.0903867040
0.0759483977	0.0144383063
0.3969015351	0.4063249486
0.3969015351	0.0094234135
0.0875158321	0.1017733972
0.0875158321	0.0142575651
0.0144081363	0.0298080092
0.0144081363	0.0153998729
0.1427521530	0.1561466506
0.1427521530	0.0133944976
0.2822179127	0.2934332578
0.2822179127	0.0112153451
0.0172175022	0.0325734787
0.0172175022	0.0153559765
0.3506831875	0.3608287627
0.3506831875	0.0101455752
0.2991634716	0.3101140423
0.2991634716	0.0109505708
0.2893079078	0.3004124717
0.2893079078	0.0111045639
0.1162233504	0.1300323606
0.1162233504	0.0138090101
0.0275615412	0.0427558921
0.0275615412	0.0151943509
0.3978318761	0.4072407530
0.3978318761	0.0094088769
0.2784872724	0.2897609087
0.2784872724	0.0112736364
0.1739942931	0.1869006323
0.1739942931	0.0129063392
0.2978584124	0.3088293747
0.2978584124	0.0109709623
0.1805920639	0.1933953129
0.1805920639	0.0128032490
0.3412955376	0.3515877948
0.3412955376	0.0102922572
0.0415600415	0.0565356658
0.0415600415	0.0149756244
0.1671700853	0.1801830527
0.1671700853	0.0130129674
0.0760988341	0.0905347898
0.0760988341	0.0144359557
0.3917939514	0.4012971709
0.3917939514	0.0095032195
0.0579209871	0.0726409716
0.0579209871	0.0147199846
0.2471316392	0.2588952073
0.2471316392	0.0117635681
0.2203633053	0.2325451287
0.2203633053	0.0121818234
0.1568511641	0.1700253647
0.1568511641	0.0131742006
0.2868629785	0.2980057444
0.2868629785	0.0111427660
0.2716896288	0.2830694783
0.2716896288	0.0113798496
0.0837716333	0.0980877016
0.0837716333	0.0143160682
0.1211052067	0.1348379378
0.1211052067	0.0137327311
0.1646661799	0.1777182709
0.1646661799	0.0130520909
0.1759709650	0.1888464187
0.1759709650	0.0128754537
0.2962552855	0.3072512966
0.2962552855	0.0109960112
0.2442759432	0.2560841316
0.2442759432	0.0118081884
0.2691533319	0.2805728111
0.2691533319	0.0114194792
0.3272201983	0.3377323827
0.3272201983	0.0105121844
0.0742149225	0.0886803143
0.0742149225	0.0144653918
0.0720914297	0.0865900011
0.0720914297	0.0144985714
0.0311663257	0.0463043519
0.0311663257	0.0151380262
0.0610970952	0.0757674531
0.0610970952	0.0146703579
0.0582474531	0.0729623367
0.0582474531	0.0147148835
0.0665362512	0.0811216223
0.0665362512	0.0145853711
0.2467088305	0.2584790050
0.2467088305	0.0117701745
0.2998657695	0.3108053668
0.2998657695	0.0109395974
0.1827994912	0.1955682492
0.1827994912	0.0127687579
0.0394238478	0.0544328502
0.0394238478	0.0150090024
0.1837069582	0.1964615370
0.1837069582	0.0127545788
0.0443398114	0.0592720018
0.0443398114	0.0149321904
0.2325066318	0.2444987157
0.2325066318	0.0119920839
0.3341709119	0.3445744914
0.3341709119	0.0104035795
0.1718976157	0.1848367155
0.1718976157	0.0129390998
0.3355312994	0.3459136229
0.3355312994	0.0103823234
0.1091795272	0.1230985971
0.1091795272	0.0139190699
0.1491191737	0.1624141866
0.1491191737	0.0132950129
0.2968100774	0.3077974199
0.2968100774	0.0109873425
0.0236789711	0.0389339872
0.0236789711	0.0152550161
0.1537002159	0.1669236500
0.1537002159	0.0132234341
0.2490188348	0.2607529155
0.2490188348	0.0117340807
0.3959766693	0.4054145338
0.3959766693	0.0094378645
0.0067563188	0.0222757514
0.0067563188	0.0155194325
0.2303863166	0.2424115304
0.2303863166	0.0120252138
0.2445594339	0.2563631927
0.2445594339	0.0118037588
0.0631230577	0.0777617599
0.0631230577	0.0146387022
0.3353022277	0.3456881304
0.3353022277	0.0103859027
0.2741148304	0.2854567861
0.2741148304	0.0113419558
0.2617288603	0.2732643469
0.2617288603	0.0115354866
0.2085913318	0.2209570923
0.2085913318	0.0123657604
0.1005145979	0.1145690573
0.1005145979	0.0140544594
0.4267365475	0.4356937889
0.4267365475	0.0089572414
0.4148052891	0.4239489565
0.4148052891	0.0091436674
0.3288567426	0.3393433560
0.3288567426	0.0104866134
0.0647822689	0.0793950459
0.0647822689	0.0146127770
0.2946470200	0.3056681603
0.2946470200	0.0110211403
0.2492916387	0.2610214568
0.2492916387	0.0117298181
0.2205115828	0.2326910893
0.2205115828	0.0121795065
0.3465350547	0.3567454445
0.3465350547	0.0102103898
0.1959360185	0.2084995182
0.1959360185	0.0125634997
0.1148308410	0.1286616091
0.1148308410	0.0138307681
0.0741196314	0.0885865121
0.0741196314	0.0144668808
0.4100113555	0.4192299281
0.4100113555	0.0092185726
0.1899904779	0.2026468767
0.1899904779	0.0126563988
0.2152938610	0.2275548945
0.2152938610	0.0122610334
0.3783424889	0.3880558875
0.3783424889	0.0097133986
0.1568097530	0.1699846006
0.1568097530	0.0131748476
