0.0000000000	0.0156250000
0.0002147000	0.0158363453
0.0004294000	0.0160476906
0.0006441000	0.0162590359
0.0008588000	0.0164703812
0.0010735000	0.0166817266
0.0012882000	0.0168930719
0.0015029000	0.0171044172
0.0017176000	0.0173157625
0.0019323000	0.0175271078
0.0021470000	0.0177384531
0.0023617000	0.0179497984
0.0025764000	0.0181611438
0.0027911000	0.0183724891
0.0030058000	0.0185838344
0.0032205000	0.0187951797
0.0034352000	0.0190065250
0.0036499000	0.0192178703
0.0038646000	0.0194292156
0.0040793000	0.0196405609
0.0042940000	0.0198519062
0.0045087000	0.0200632516
0.0047234000	0.0202745969
0.0049381000	0.0204859422
0.0051528000	0.0206972875
0.0053675000	0.0209086328
0.0055822000	0.0211199781
0.0057969000	0.0213313234
0.0060116000	0.0215426688
0.0062263000	0.0217540141
0.0064410000	0.0219653594
0.0066557000	0.0221767047
0.0068704000	0.0223880500
0.0070851000	0.0225993953
0.0072998000	0.0228107406
0.0075145000	0.0230220859
0.0077292000	0.0232334312
0.0079439000	0.0234447766
0.0081586000	0.0236561219
0.0083733000	0.0238674672
0.0085880000	0.0240788125
0.0088027000	0.0242901578
0.0090174000	0.0245015031
0.0092321000	0.0247128484
0.0094468000	0.0249241937
0.0096615000	0.0251355391
0.0098762000	0.0253468844
0.0100909000	0.0255582297
0.0103056000	0.0257695750
0.0105203000	0.0259809203
0.0107350000	0.0261922656
0.0109497000	0.0264036109
0.0111644000	0.0266149563
0.0113791000	0.0268263016
0.0115938000	0.0270376469
0.0118085000	0.0272489922
0.0120232000	0.0274603375
0.0122379000	0.0276716828
0.0124526000	0.0278830281
0.0126673000	0.0280943734
0.0128820000	0.0283057188
0.0130967000	0.0285170641
0.0133114000	0.0287284094
0.0135261000	0.0289397547
0.0137408000	0.0291511000
0.0139555000	0.0293624453
0.0141702000	0.0295737906
0.0143849000	0.0297851359
0.0145996000	0.0299964812
0.0148143000	0.0302078266
0.0150290000	0.0304191719
0.0152437000	0.0306305172
0.0154584000	0.0308418625
0.0156731000	0.0310532078
0.0158878000	0.0312645531
0.0161025000	0.0314758984
0.0163172000	0.0316872437
0.0165319000	0.0318985891
0.0167466000	0.0321099344
0.0169613000	0.0323212797
0.0171760000	0.0325326250
0.0173907000	0.0327439703
0.0176054000	0.0329553156
0.0178201000	0.0331666609
0.0180348000	0.0333780062
0.0182495000	0.0335893516
0.0184642000	0.0338006969
0.0186789000	0.0340120422
0.0188936000	0.0342233875
0.0191083000	0.0344347328
0.0193230000	0.0346460781
0.0195377000	0.0348574234
0.0197524000	0.0350687687
0.0199671000	0.0352801141
0.0201818000	0.0354914594
0.0203965000	0.0357028047
0.0206112000	0.0359141500
0.0208259000	0.0361254953
0.0210406000	0.0363368406
0.0212553000	0.0365481859
0.0214700000	0.0367595312
0.0216847000	0.0369708766
0.0218994000	0.0371822219
0.0221141000	0.0373935672
0.0223288000	0.0376049125
0.0225435000	0.0378162578
0.0227582000	0.0380276031
0.0229729000	0.0382389484
0.0231876000	0.0384502938
0.0234023000	0.0386616391
0.0236170000	0.0388729844
0.0238317000	0.0390843297
0.0240464000	0.0392956750
0.0242611000	0.0395070203
0.0244758000	0.0397183656
0.0246905000	0.0399297109
0.0249052000	0.0401410562
0.0251199000	0.0403524016
0.0253346000	0.0405637469
0.0255493000	0.0407750922
0.0257640000	0.0409864375
0.0259787000	0.0411977828
0.0261934000	0.0414091281
0.0264081000	0.0416204734
0.0266228000	0.0418318187
0.0268375000	0.0420431641
0.0270522000	0.0422545094
0.0272669000	0.0424658547
0.0274816000	0.0426772000
0.0276963000	0.0428885453
0.0279110000	0.0430998906
0.0281257000	0.0433112359
0.0283404000	0.0435225812
0.0285551000	0.0437339266
0.0287698000	0.0439452719
0.0289845000	0.0441566172
0.0291992000	0.0443679625
0.0294139000	0.0445793078
0.0296286000	0.0447906531
0.0298433000	0.0450019984
0.0300580000	0.0452133437
0.0302727000	0.0454246891
0.0304874000	0.0456360344
0.0307021000	0.0458473797
0.0309168000	0.0460587250
0.0311315000	0.0462700703
0.0313462000	0.0464814156
0.0315609000	0.0466927609
0.0317756000	0.0469041062
0.0319903000	0.0471154516
0.0322050000	0.0473267969
0.0324197000	0.0475381422
0.0326344000	0.0477494875
0.0328491000	0.0479608328
0.0330638000	0.0481721781
0.0332785000	0.0483835234
0.0334932000	0.0485948687
0.0337079000	0.0488062141
0.0339226000	0.0490175594
0.0341373000	0.0492289047
0.0343520000	0.0494402500
0.0345667000	0.0496515953
0.0347814000	0.0498629406
0.0349961000	0.0500742859
0.0352108000	0.0502856312
0.0354255000	0.0504969766
0.0356402000	0.0507083219
0.0358549000	0.0509196672
0.0360696000	0.0511310125
0.0362843000	0.0513423578
0.0364990000	0.0515537031
0.0367137000	0.0517650484
0.0369284000	0.0519763937
0.0371431000	0.0521877391
0.0373578000	0.0523990844
0.0375725000	0.0526104297
0.0377872000	0.0528217750
0.0380019000	0.0530331203
0.0382166000	0.0532444656
0.0384313000	0.0534558109
0.0386460000	0.0536671562
0.0388607000	0.0538785016
0.0390754000	0.0540898469
0.0392901000	0.0543011922
0.0395048000	0.0545125375
0.0397195000	0.0547238828
0.0399342000	0.0549352281
0.0401489000	0.0551465734
0.0403636000	0.0553579187
0.0405783000	0.0555692641
0.0407930000	0.0557806094
0.0410077000	0.0559919547
0.0412224000	0.0562033000
0.0414371000	0.0564146453
0.0416518000	0.0566259906
0.0418665000	0.0568373359
0.0420812000	0.0570486812
0.0422959000	0.0572600266
0.0425106000	0.0574713719
0.0427253000	0.0576827172
0.0429400000	0.0578940625
0.0431547000	0.0581054078
0.0433694000	0.0583167531
0.0435841000	0.0585280984
0.0437988000	0.0587394437
0.0440135000	0.0589507891
0.0442282000	0.0591621344
0.0444429000	0.0593734797
0.0446576000	0.0595848250
0.0448723000	0.0597961703
0.0450870000	0.0600075156
0.0453017000	0.0602188609
0.0455164000	0.0604302063
0.0457311000	0.0606415516
0.0459458000	0.0608528969
0.0461605000	0.0610642422
0.0463752000	0.0612755875
0.0465899000	0.0614869328
0.0468046000	0.0616982781
0.0470193000	0.0619096234
0.0472340000	0.0621209687
0.0474487000	0.0623323141
0.0476634000	0.0625436594
0.0478781000	0.0627550047
0.0480928000	0.0629663500
0.0483075000	0.0631776953
0.0485222000	0.0633890406
0.0487369000	0.0636003859
0.0489516000	0.0638117312
0.0491663000	0.0640230766
0.0493810000	0.0642344219
0.0495957000	0.0644457672
0.0498104000	0.0646571125
0.0500251000	0.0648684578
0.0502398000	0.0650798031
0.0504545000	0.0652911484
0.0506692000	0.0655024937
0.0508839000	0.0657138391
0.0510986000	0.0659251844
0.0513133000	0.0661365297
0.0515280000	0.0663478750
0.0517427000	0.0665592203
0.0519574000	0.0667705656
0.0521721000	0.0669819109
0.0523868000	0.0671932562
0.0526015000	0.0674046016
0.0528162000	0.0676159469
0.0530309000	0.0678272922
0.0532456000	0.0680386375
0.0534603000	0.0682499828
0.0536750000	0.0684613281
0.0538897000	0.0686726734
0.0541044000	0.0688840187
0.0543191000	0.0690953641
0.0545338000	0.0693067094
0.0547485000	0.0695180547
0.0549632000	0.0697294000
0.0551779000	0.0699407453
0.0553926000	0.0701520906
0.0556073000	0.0703634359
0.0558220000	0.0705747812
0.0560367000	0.0707861266
0.0562514000	0.0709974719
0.0564661000	0.0712088172
0.0566808000	0.0714201625
0.0568955000	0.0716315078
0.0571102000	0.0718428531
0.0573249000	0.0720541984
0.0575396000	0.0722655437
0.0577543000	0.0724768891
0.0579690000	0.0726882344
0.0581837000	0.0728995797
0.0583984000	0.0731109250
0.0586131000	0.0733222703
0.0588278000	0.0735336156
0.0590425000	0.0737449609
0.0592572000	0.0739563062
0.0594719000	0.0741676516
0.0596866000	0.0743789969
0.0599013000	0.0745903422
0.0601160000	0.0748016875
0.0603307000	0.0750130328
0.0605454000	0.0752243781
0.0607601000	0.0754357234
0.0609748000	0.0756470687
0.0611895000	0.0758584141
0.0614042000	0.0760697594
0.0616189000	0.0762811047
0.0618336000	0.0764924500
0.0620483000	0.0767037953
0.0622630000	0.0769151406
0.0624777000	0.0771264859
0.0626924000	0.0773378312
0.0629071000	0.0775491766
0.0631218000	0.0777605219
0.0633365000	0.0779718672
0.0635512000	0.0781832125
0.0637659000	0.0783945578
0.0639806000	0.0786059031
0.0641953000	0.0788172484
0.0644100000	0.0790285938
0.0646247000	0.0792399391
0.0648394000	0.0794512844
0.0650541000	0.0796626297
0.0652688000	0.0798739750
0.0654835000	0.0800853203
0.0656982000	0.0802966656
0.0659129000	0.0805080109
0.0661276000	0.0807193562
0.0663423000	0.0809307016
0.0665570000	0.0811420469
0.0667717000	0.0813533922
0.0669864000	0.0815647375
0.0672011000	0.0817760828
0.0674158000	0.0819874281
0.0676305000	0.0821987734
0.0678452000	0.0824101187
0.0680599000	0.0826214641
0.0682746000	0.0828328094
0.0684893000	0.0830441547
0.0687040000	0.0832555000
0.0689187000	0.0834668453
0.0691334000	0.0836781906
0.0693481000	0.0838895359
0.0695628000	0.0841008812
0.0697775000	0.0843122266
0.0699922000	0.0845235719
0.0702069000	0.0847349172
0.0704216000	0.0849462625
0.0706363000	0.0851576078
0.0708510000	0.0853689531
0.0710657000	0.0855802984
0.0712804000	0.0857916437
0.0714951000	0.0860029891
0.0717098000	0.0862143344
0.0719245000	0.0864256797
0.0721392000	0.0866370250
0.0723539000	0.0868483703
0.0725686000	0.0870597156
0.0727833000	0.0872710609
0.0729980000	0.0874824062
0.0732127000	0.0876937516
0.0734274000	0.0879050969
0.0736421000	0.0881164422
0.0738568000	0.0883277875
0.0740715000	0.0885391328
0.0742862000	0.0887504781
0.0745009000	0.0889618234
0.0747156000	0.0891731687
0.0749303000	0.0893845141
0.0751450000	0.0895958594
0.0753597000	0.0898072047
0.0755744000	0.0900185500
0.0757891000	0.0902298953
0.0760038000	0.0904412406
0.0762185000	0.0906525859
0.0764332000	0.0908639312
0.0766479000	0.0910752766
0.0768626000	0.0912866219
0.0770773000	0.0914979672
0.0772920000	0.0917093125
0.0775067000	0.0919206578
0.0777214000	0.0921320031
0.0779361000	0.0923433484
0.0781508000	0.0925546937
0.0783655000	0.0927660391
0.0785802000	0.0929773844
0.0787949000	0.0931887297
0.0790096000	0.0934000750
0.0792243000	0.0936114203
0.0794390000	0.0938227656
0.0796537000	0.0940341109
0.0798684000	0.0942454562
0.0800831000	0.0944568016
0.0802978000	0.0946681469
0.0805125000	0.0948794922
0.0807272000	0.0950908375
0.0809419000	0.0953021828
0.0811566000	0.0955135281
0.0813713000	0.0957248734
0.0815860000	0.0959362187
0.0818007000	0.0961475641
0.0820154000	0.0963589094
0.0822301000	0.0965702547
0.0824448000	0.0967816000
0.0826595000	0.0969929453
0.0828742000	0.0972042906
0.0830889000	0.0974156359
0.0833036000	0.0976269812
0.0835183000	0.0978383266
0.0837330000	0.0980496719
0.0839477000	0.0982610172
0.0841624000	0.0984723625
0.0843771000	0.0986837078
0.0845918000	0.0988950531
0.0848065000	0.0991063984
0.0850212000	0.0993177437
0.0852359000	0.0995290891
0.0854506000	0.0997404344
0.0856653000	0.0999517797
0.0858800000	0.1001631250
0.0860947000	0.1003744703
0.0863094000	0.1005858156
0.0865241000	0.1007971609
0.0867388000	0.1010085062
0.0869535000	0.1012198516
0.0871682000	0.1014311969
0.0873829000	0.1016425422
0.0875976000	0.1018538875
0.0878123000	0.1020652328
0.0880270000	0.1022765781
0.0882417000	0.1024879234
0.0884564000	0.1026992687
0.0886711000	0.1029106141
0.0888858000	0.1031219594
0.0891005000	0.1033333047
0.0893152000	0.1035446500
0.0895299000	0.1037559953
0.0897446000	0.1039673406
0.0899593000	0.1041786859
0.0901740000	0.1043900312
0.0903887000	0.1046013766
0.0906034000	0.1048127219
0.0908181000	0.1050240672
0.0910328000	0.1052354125
0.0912475000	0.1054467578
0.0914622000	0.1056581031
0.0916769000	0.1058694484
0.0918916000	0.1060807937
0.0921063000	0.1062921391
0.0923210000	0.1065034844
0.0925357000	0.1067148297
0.0927504000	0.1069261750
0.0929651000	0.1071375203
0.0931798000	0.1073488656
0.0933945000	0.1075602109
0.0936092000	0.1077715562
0.0938239000	0.1079829016
0.0940386000	0.1081942469
0.0942533000	0.1084055922
0.0944680000	0.1086169375
0.0946827000	0.1088282828
0.0948974000	0.1090396281
0.0951121000	0.1092509734
0.0953268000	0.1094623187
0.0955415000	0.1096736641
0.0957562000	0.1098850094
0.0959709000	0.1100963547
0.0961856000	0.1103077000
0.0964003000	0.1105190453
0.0966150000	0.1107303906
0.0968297000	0.1109417359
0.0970444000	0.1111530812
0.0972591000	0.1113644266
0.0974738000	0.1115757719
0.0976885000	0.1117871172
0.0979032000	0.1119984625
0.0981179000	0.1122098078
0.0983326000	0.1124211531
0.0985473000	0.1126324984
0.0987620000	0.1128438437
0.0989767000	0.1130551891
0.0991914000	0.1132665344
0.0994061000	0.1134778797
0.0996208000	0.1136892250
0.0998355000	0.1139005703
0.1000502000	0.1141119156
0.1002649000	0.1143232609
0.1004796000	0.1145346062
0.1006943000	0.1147459516
0.1009090000	0.1149572969
0.1011237000	0.1151686422
0.1013384000	0.1153799875
0.1015531000	0.1155913328
0.1017678000	0.1158026781
0.1019825000	0.1160140234
0.1021972000	0.1162253687
0.1024119000	0.1164367141
0.1026266000	0.1166480594
0.1028413000	0.1168594047
0.1030560000	0.1170707500
0.1032707000	0.1172820953
0.1034854000	0.1174934406
0.1037001000	0.1177047859
0.1039148000	0.1179161312
0.1041295000	0.1181274766
0.1043442000	0.1183388219
0.1045589000	0.1185501672
0.1047736000	0.1187615125
0.1049883000	0.1189728578
0.1052030000	0.1191842031
0.1054177000	0.1193955484
0.1056324000	0.1196068937
0.1058471000	0.1198182391
0.1060618000	0.1200295844
0.1062765000	0.1202409297
0.1064912000	0.1204522750
0.1067059000	0.1206636203
0.1069206000	0.1208749656
0.1071353000	0.1210863109
0.1073500000	0.1212976562
0.1075647000	0.1215090016
0.1077794000	0.1217203469
0.1079941000	0.1219316922
0.1082088000	0.1221430375
0.1084235000	0.1223543828
0.1086382000	0.1225657281
0.1088529000	0.1227770734
0.1090676000	0.1229884187
0.1092823000	0.1231997641
0.1094970000	0.1234111094
0.1097117000	0.1236224547
0.1099264000	0.1238338000
0.1101411000	0.1240451453
0.1103558000	0.1242564906
0.1105705000	0.1244678359
0.1107852000	0.1246791812
0.1109999000	0.1248905266
0.1112146000	0.1251018719
0.1114293000	0.1253132172
0.1116440000	0.1255245625
0.1118587000	0.1257359078
0.1120734000	0.1259472531
0.1122881000	0.1261585984
0.1125028000	0.1263699437
0.1127175000	0.1265812891
0.1129322000	0.1267926344
0.1131469000	0.1270039797
0.1133616000	0.1272153250
0.1135763000	0.1274266703
0.1137910000	0.1276380156
0.1140057000	0.1278493609
0.1142204000	0.1280607062
0.1144351000	0.1282720516
0.1146498000	0.1284833969
0.1148645000	0.1286947422
0.1150792000	0.1289060875
0.1152939000	0.1291174328
0.1155086000	0.1293287781
0.1157233000	0.1295401234
0.1159380000	0.1297514687
0.1161527000	0.1299628141
0.1163674000	0.1301741594
0.1165821000	0.1303855047
0.1167968000	0.1305968500
0.1170115000	0.1308081953
0.1172262000	0.1310195406
0.1174409000	0.1312308859
0.1176556000	0.1314422312
0.1178703000	0.1316535766
0.1180850000	0.1318649219
0.1182997000	0.1320762672
0.1185144000	0.1322876125
0.1187291000	0.1324989578
0.1189438000	0.1327103031
0.1191585000	0.1329216484
0.1193732000	0.1331329937
0.1195879000	0.1333443391
0.1198026000	0.1335556844
0.1200173000	0.1337670297
0.1202320000	0.1339783750
0.1204467000	0.1341897203
0.1206614000	0.1344010656
0.1208761000	0.1346124109
0.1210908000	0.1348237562
0.1213055000	0.1350351016
0.1215202000	0.1352464469
0.1217349000	0.1354577922
0.1219496000	0.1356691375
0.1221643000	0.1358804828
0.1223790000	0.1360918281
0.1225937000	0.1363031734
0.1228084000	0.1365145187
0.1230231000	0.1367258641
0.1232378000	0.1369372094
0.1234525000	0.1371485547
0.1236672000	0.1373599000
0.1238819000	0.1375712453
0.1240966000	0.1377825906
0.1243113000	0.1379939359
0.1245260000	0.1382052812
0.1247407000	0.1384166266
0.1249554000	0.1386279719
0.1251701000	0.1388393172
0.1253848000	0.1390506625
0.1255995000	0.1392620078
0.1258142000	0.1394733531
0.1260289000	0.1396846984
0.1262436000	0.1398960437
0.1264583000	0.1401073891
0.1266730000	0.1403187344
0.1268877000	0.1405300797
0.1271024000	0.1407414250
0.1273171000	0.1409527703
0.1275318000	0.1411641156
0.1277465000	0.1413754609
0.1279612000	0.1415868062
0.1281759000	0.1417981516
0.1283906000	0.1420094969
0.1286053000	0.1422208422
0.1288200000	0.1424321875
0.1290347000	0.1426435328
0.1292494000	0.1428548781
0.1294641000	0.1430662234
0.1296788000	0.1432775687
0.1298935000	0.1434889141
0.1301082000	0.1437002594
0.1303229000	0.1439116047
0.1305376000	0.1441229500
0.1307523000	0.1443342953
0.1309670000	0.1445456406
0.1311817000	0.1447569859
0.1313964000	0.1449683312
0.1316111000	0.1451796766
0.1318258000	0.1453910219
0.1320405000	0.1456023672
0.1322552000	0.1458137125
0.1324699000	0.1460250578
0.1326846000	0.1462364031
0.1328993000	0.1464477484
0.1331140000	0.1466590937
0.1333287000	0.1468704391
0.1335434000	0.1470817844
0.1337581000	0.1472931297
0.1339728000	0.1475044750
0.1341875000	0.1477158203
0.1344022000	0.1479271656
0.1346169000	0.1481385109
0.1348316000	0.1483498562
0.1350463000	0.1485612016
0.1352610000	0.1487725469
0.1354757000	0.1489838922
0.1356904000	0.1491952375
0.1359051000	0.1494065828
0.1361198000	0.1496179281
0.1363345000	0.1498292734
0.1365492000	0.1500406187
0.1367639000	0.1502519641
0.1369786000	0.1504633094
0.1371933000	0.1506746547
0.1374080000	0.1508860000
0.1376227000	0.1510973453
0.1378374000	0.1513086906
0.1380521000	0.1515200359
0.1382668000	0.1517313812
0.1384815000	0.1519427266
0.1386962000	0.1521540719
0.1389109000	0.1523654172
0.1391256000	0.1525767625
0.1393403000	0.1527881078
0.1395550000	0.1529994531
0.1397697000	0.1532107984
0.1399844000	0.1534221437
0.1401991000	0.1536334891
0.1404138000	0.1538448344
0.1406285000	0.1540561797
0.1408432000	0.1542675250
0.1410579000	0.1544788703
0.1412726000	0.1546902156
0.1414873000	0.1549015609
0.1417020000	0.1551129062
0.1419167000	0.1553242516
0.1421314000	0.1555355969
0.1423461000	0.1557469422
0.1425608000	0.1559582875
0.1427755000	0.1561696328
0.1429902000	0.1563809781
0.1432049000	0.1565923234
0.1434196000	0.1568036687
0.1436343000	0.1570150141
0.1438490000	0.1572263594
0.1440637000	0.1574377047
0.1442784000	0.1576490500
0.1444931000	0.1578603953
0.1447078000	0.1580717406
0.1449225000	0.1582830859
0.1451372000	0.1584944312
0.1453519000	0.1587057766
0.1455666000	0.1589171219
0.1457813000	0.1591284672
0.1459960000	0.1593398125
0.1462107000	0.1595511578
0.1464254000	0.1597625031
0.1466401000	0.1599738484
0.1468548000	0.1601851937
0.1470695000	0.1603965391
0.1472842000	0.1606078844
0.1474989000	0.1608192297
0.1477136000	0.1610305750
0.1479283000	0.1612419203
0.1481430000	0.1614532656
0.1483577000	0.1616646109
0.1485724000	0.1618759562
0.1487871000	0.1620873016
0.1490018000	0.1622986469
0.1492165000	0.1625099922
0.1494312000	0.1627213375
0.1496459000	0.1629326828
0.1498606000	0.1631440281
0.1500753000	0.1633553734
0.1502900000	0.1635667187
0.1505047000	0.1637780641
0.1507194000	0.1639894094
0.1509341000	0.1642007547
0.1511488000	0.1644121000
0.1513635000	0.1646234453
0.1515782000	0.1648347906
0.1517929000	0.1650461359
0.1520076000	0.1652574813
0.1522223000	0.1654688266
0.1524370000	0.1656801719
0.1526517000	0.1658915172
0.1528664000	0.1661028625
0.1530811000	0.1663142078
0.1532958000	0.1665255531
0.1535105000	0.1667368984
0.1537252000	0.1669482437
0.1539399000	0.1671595891
0.1541546000	0.1673709344
0.1543693000	0.1675822797
0.1545840000	0.1677936250
0.1547987000	0.1680049703
0.1550134000	0.1682163156
0.1552281000	0.1684276609
0.1554428000	0.1686390063
0.1556575000	0.1688503516
0.1558722000	0.1690616969
0.1560869000	0.1692730422
0.1563016000	0.1694843875
0.1565163000	0.1696957328
0.1567310000	0.1699070781
0.1569457000	0.1701184234
0.1571604000	0.1703297687
0.1573751000	0.1705411141
0.1575898000	0.1707524594
0.1578045000	0.1709638047
0.1580192000	0.1711751500
0.1582339000	0.1713864953
0.1584486000	0.1715978406
0.1586633000	0.1718091859
0.1588780000	0.1720205312
0.1590927000	0.1722318766
0.1593074000	0.1724432219
0.1595221000	0.1726545672
0.1597368000	0.1728659125
0.1599515000	0.1730772578
0.1601662000	0.1732886031
0.1603809000	0.1734999484
0.1605956000	0.1737112937
0.1608103000	0.1739226391
0.1610250000	0.1741339844
0.1612397000	0.1743453297
0.1614544000	0.1745566750
0.1616691000	0.1747680203
0.1618838000	0.1749793656
0.1620985000	0.1751907109
0.1623132000	0.1754020562
0.1625279000	0.1756134016
0.1627426000	0.1758247469
0.1629573000	0.1760360922
0.1631720000	0.1762474375
0.1633867000	0.1764587828
0.1636014000	0.1766701281
0.1638161000	0.1768814734
0.1640308000	0.1770928187
0.1642455000	0.1773041641
0.1644602000	0.1775155094
0.1646749000	0.1777268547
0.1648896000	0.1779382000
0.1651043000	0.1781495453
0.1653190000	0.1783608906
0.1655337000	0.1785722359
0.1657484000	0.1787835812
0.1659631000	0.1789949266
0.1661778000	0.1792062719
0.1663925000	0.1794176172
0.1666072000	0.1796289625
0.1668219000	0.1798403078
0.1670366000	0.1800516531
0.1672513000	0.1802629984
0.1674660000	0.1804743437
0.1676807000	0.1806856891
0.1678954000	0.1808970344
0.1681101000	0.1811083797
0.1683248000	0.1813197250
0.1685395000	0.1815310703
0.1687542000	0.1817424156
0.1689689000	0.1819537609
0.1691836000	0.1821651062
0.1693983000	0.1823764516
0.1696130000	0.1825877969
0.1698277000	0.1827991422
0.1700424000	0.1830104875
0.1702571000	0.1832218328
0.1704718000	0.1834331781
0.1706865000	0.1836445234
0.1709012000	0.1838558687
0.1711159000	0.1840672141
0.1713306000	0.1842785594
0.1715453000	0.1844899047
0.1717600000	0.1847012500
0.1719747000	0.1849125953
0.1721894000	0.1851239406
0.1724041000	0.1853352859
0.1726188000	0.1855466312
0.1728335000	0.1857579766
0.1730482000	0.1859693219
0.1732629000	0.1861806672
0.1734776000	0.1863920125
0.1736923000	0.1866033578
0.1739070000	0.1868147031
0.1741217000	0.1870260484
0.1743364000	0.1872373937
0.1745511000	0.1874487391
0.1747658000	0.1876600844
0.1749805000	0.1878714297
0.1751952000	0.1880827750
0.1754099000	0.1882941203
0.1756246000	0.1885054656
0.1758393000	0.1887168109
0.1760540000	0.1889281562
0.1762687000	0.1891395016
0.1764834000	0.1893508469
0.1766981000	0.1895621922
0.1769128000	0.1897735375
0.1771275000	0.1899848828
0.1773422000	0.1901962281
0.1775569000	0.1904075734
0.1777716000	0.1906189187
0.1779863000	0.1908302641
0.1782010000	0.1910416094
0.1784157000	0.1912529547
0.1786304000	0.1914643000
0.1788451000	0.1916756453
0.1790598000	0.1918869906
0.1792745000	0.1920983359
0.1794892000	0.1923096812
0.1797039000	0.1925210266
0.1799186000	0.1927323719
0.1801333000	0.1929437172
0.1803480000	0.1931550625
0.1805627000	0.1933664078
0.1807774000	0.1935777531
0.1809921000	0.1937890984
0.1812068000	0.1940004437
0.1814215000	0.1942117891
0.1816362000	0.1944231344
0.1818509000	0.1946344797
0.1820656000	0.1948458250
0.1822803000	0.1950571703
0.1824950000	0.1952685156
0.1827097000	0.1954798609
0.1829244000	0.1956912062
0.1831391000	0.1959025516
0.1833538000	0.1961138969
0.1835685000	0.1963252422
0.1837832000	0.1965365875
0.1839979000	0.1967479328
0.1842126000	0.1969592781
0.1844273000	0.1971706234
0.1846420000	0.1973819687
0.1848567000	0.1975933141
0.1850714000	0.1978046594
0.1852861000	0.1980160047
0.1855008000	0.1982273500
0.1857155000	0.1984386953
0.1859302000	0.1986500406
0.1861449000	0.1988613859
0.1863596000	0.1990727312
0.1865743000	0.1992840766
0.1867890000	0.1994954219
0.1870037000	0.1997067672
0.1872184000	0.1999181125
0.1874331000	0.2001294578
0.1876478000	0.2003408031
0.1878625000	0.2005521484
0.1880772000	0.2007634937
0.1882919000	0.2009748391
0.1885066000	0.2011861844
0.1887213000	0.2013975297
0.1889360000	0.2016088750
0.1891507000	0.2018202203
0.1893654000	0.2020315656
0.1895801000	0.2022429109
0.1897948000	0.2024542562
0.1900095000	0.2026656016
0.1902242000	0.2028769469
0.1904389000	0.2030882922
0.1906536000	0.2032996375
0.1908683000	0.2035109828
0.1910830000	0.2037223281
0.1912977000	0.2039336734
0.1915124000	0.2041450187
0.1917271000	0.2043563641
0.1919418000	0.2045677094
0.1921565000	0.2047790547
0.1923712000	0.2049904000
0.1925859000	0.2052017453
0.1928006000	0.2054130906
0.1930153000	0.2056244359
0.1932300000	0.2058357812
0.1934447000	0.2060471266
0.1936594000	0.2062584719
0.1938741000	0.2064698172
0.1940888000	0.2066811625
0.1943035000	0.2068925078
0.1945182000	0.2071038531
0.1947329000	0.2073151984
0.1949476000	0.2075265437
0.1951623000	0.2077378891
0.1953770000	0.2079492344
0.1955917000	0.2081605797
0.1958064000	0.2083719250
0.1960211000	0.2085832703
0.1962358000	0.2087946156
0.1964505000	0.2090059609
0.1966652000	0.2092173062
0.1968799000	0.2094286516
0.1970946000	0.2096399969
0.1973093000	0.2098513422
0.1975240000	0.2100626875
0.1977387000	0.2102740328
0.1979534000	0.2104853781
0.1981681000	0.2106967234
0.1983828000	0.2109080687
0.1985975000	0.2111194141
0.1988122000	0.2113307594
0.1990269000	0.2115421047
0.1992416000	0.2117534500
0.1994563000	0.2119647953
0.1996710000	0.2121761406
0.1998857000	0.2123874859
0.2001004000	0.2125988312
0.2003151000	0.2128101766
0.2005298000	0.2130215219
0.2007445000	0.2132328672
0.2009592000	0.2134442125
0.2011739000	0.2136555578
0.2013886000	0.2138669031
0.2016033000	0.2140782484
0.2018180000	0.2142895937
0.2020327000	0.2145009391
0.2022474000	0.2147122844
0.2024621000	0.2149236297
0.2026768000	0.2151349750
0.2028915000	0.2153463203
0.2031062000	0.2155576656
0.2033209000	0.2157690109
0.2035356000	0.2159803562
0.2037503000	0.2161917016
0.2039650000	0.2164030469
0.2041797000	0.2166143922
0.2043944000	0.2168257375
0.2046091000	0.2170370828
0.2048238000	0.2172484281
0.2050385000	0.2174597734
0.2052532000	0.2176711187
0.2054679000	0.2178824641
0.2056826000	0.2180938094
0.2058973000	0.2183051547
0.2061120000	0.2185165000
0.2063267000	0.2187278453
0.2065414000	0.2189391906
0.2067561000	0.2191505359
0.2069708000	0.2193618812
0.2071855000	0.2195732266
0.2074002000	0.2197845719
0.2076149000	0.2199959172
0.2078296000	0.2202072625
0.2080443000	0.2204186078
0.2082590000	0.2206299531
0.2084737000	0.2208412984
0.2086884000	0.2210526437
0.2089031000	0.2212639891
0.2091178000	0.2214753344
0.2093325000	0.2216866797
0.2095472000	0.2218980250
0.2097619000	0.2221093703
0.2099766000	0.2223207156
0.2101913000	0.2225320609
0.2104060000	0.2227434062
0.2106207000	0.2229547516
0.2108354000	0.2231660969
0.2110501000	0.2233774422
0.2112648000	0.2235887875
0.2114795000	0.2238001328
0.2116942000	0.2240114781
0.2119089000	0.2242228234
0.2121236000	0.2244341687
0.2123383000	0.2246455141
0.2125530000	0.2248568594
0.2127677000	0.2250682047
0.2129824000	0.2252795500
0.2131971000	0.2254908953
0.2134118000	0.2257022406
0.2136265000	0.2259135859
0.2138412000	0.2261249312
0.2140559000	0.2263362766
0.2142706000	0.2265476219
0.2144853000	0.2267589672
0.2147000000	0.2269703125
0.2149147000	0.2271816578
0.2151294000	0.2273930031
0.2153441000	0.2276043484
0.2155588000	0.2278156937
0.2157735000	0.2280270391
0.2159882000	0.2282383844
0.2162029000	0.2284497297
0.2164176000	0.2286610750
0.2166323000	0.2288724203
0.2168470000	0.2290837656
0.2170617000	0.2292951109
0.2172764000	0.2295064562
0.2174911000	0.2297178016
0.2177058000	0.2299291469
0.2179205000	0.2301404922
0.2181352000	0.2303518375
0.2183499000	0.2305631828
0.2185646000	0.2307745281
0.2187793000	0.2309858734
0.2189940000	0.2311972187
0.2192087000	0.2314085641
0.2194234000	0.2316199094
0.2196381000	0.2318312547
0.2198528000	0.2320426000
0.2200675000	0.2322539453
0.2202822000	0.2324652906
0.2204969000	0.2326766359
0.2207116000	0.2328879812
0.2209263000	0.2330993266
0.2211410000	0.2333106719
0.2213557000	0.2335220172
0.2215704000	0.2337333625
0.2217851000	0.2339447078
0.2219998000	0.2341560531
0.2222145000	0.2343673984
0.2224292000	0.2345787437
0.2226439000	0.2347900891
0.2228586000	0.2350014344
0.2230733000	0.2352127797
0.2232880000	0.2354241250
0.2235027000	0.2356354703
0.2237174000	0.2358468156
0.2239321000	0.2360581609
0.2241468000	0.2362695062
0.2243615000	0.2364808516
0.2245762000	0.2366921969
0.2247909000	0.2369035422
0.2250056000	0.2371148875
0.2252203000	0.2373262328
0.2254350000	0.2375375781
0.2256497000	0.2377489234
0.2258644000	0.2379602687
0.2260791000	0.2381716141
0.2262938000	0.2383829594
0.2265085000	0.2385943047
0.2267232000	0.2388056500
0.2269379000	0.2390169953
0.2271526000	0.2392283406
0.2273673000	0.2394396859
0.2275820000	0.2396510312
0.2277967000	0.2398623766
0.2280114000	0.2400737219
0.2282261000	0.2402850672
0.2284408000	0.2404964125
0.2286555000	0.2407077578
0.2288702000	0.2409191031
0.2290849000	0.2411304484
0.2292996000	0.2413417937
0.2295143000	0.2415531391
0.2297290000	0.2417644844
0.2299437000	0.2419758297
0.2301584000	0.2421871750
0.2303731000	0.2423985203
0.2305878000	0.2426098656
0.2308025000	0.2428212109
0.2310172000	0.2430325562
0.2312319000	0.2432439016
0.2314466000	0.2434552469
0.2316613000	0.2436665922
0.2318760000	0.2438779375
0.2320907000	0.2440892828
0.2323054000	0.2443006281
0.2325201000	0.2445119734
0.2327348000	0.2447233187
0.2329495000	0.2449346641
0.2331642000	0.2451460094
0.2333789000	0.2453573547
0.2335936000	0.2455687000
0.2338083000	0.2457800453
0.2340230000	0.2459913906
0.2342377000	0.2462027359
0.2344524000	0.2464140812
0.2346671000	0.2466254266
0.2348818000	0.2468367719
0.2350965000	0.2470481172
0.2353112000	0.2472594625
0.2355259000	0.2474708078
0.2357406000	0.2476821531
0.2359553000	0.2478934984
0.2361700000	0.2481048437
0.2363847000	0.2483161891
0.2365994000	0.2485275344
0.2368141000	0.2487388797
0.2370288000	0.2489502250
0.2372435000	0.2491615703
0.2374582000	0.2493729156
0.2376729000	0.2495842609
0.2378876000	0.2497956062
0.2381023000	0.2500069516
0.2383170000	0.2502182969
0.2385317000	0.2504296422
0.2387464000	0.2506409875
0.2389611000	0.2508523328
0.2391758000	0.2510636781
0.2393905000	0.2512750234
0.2396052000	0.2514863687
0.2398199000	0.2516977141
0.2400346000	0.2519090594
0.2402493000	0.2521204047
0.2404640000	0.2523317500
0.2406787000	0.2525430953
0.2408934000	0.2527544406
0.2411081000	0.2529657859
0.2413228000	0.2531771312
0.2415375000	0.2533884766
0.2417522000	0.2535998219
0.2419669000	0.2538111672
0.2421816000	0.2540225125
0.2423963000	0.2542338578
0.2426110000	0.2544452031
0.2428257000	0.2546565484
0.2430404000	0.2548678937
0.2432551000	0.2550792391
0.2434698000	0.2552905844
0.2436845000	0.2555019297
0.2438992000	0.2557132750
0.2441139000	0.2559246203
0.2443286000	0.2561359656
0.2445433000	0.2563473109
0.2447580000	0.2565586562
0.2449727000	0.2567700016
0.2451874000	0.2569813469
0.2454021000	0.2571926922
0.2456168000	0.2574040375
0.2458315000	0.2576153828
0.2460462000	0.2578267281
0.2462609000	0.2580380734
0.2464756000	0.2582494187
0.2466903000	0.2584607641
0.2469050000	0.2586721094
0.2471197000	0.2588834547
0.2473344000	0.2590948000
0.2475491000	0.2593061453
0.2477638000	0.2595174906
0.2479785000	0.2597288359
0.2481932000	0.2599401812
0.2484079000	0.2601515266
0.2486226000	0.2603628719
0.2488373000	0.2605742172
0.2490520000	0.2607855625
0.2492667000	0.2609969078
0.2494814000	0.2612082531
0.2496961000	0.2614195984
0.2499108000	0.2616309437
0.2501255000	0.2618422891
0.2503402000	0.2620536344
0.2505549000	0.2622649797
0.2507696000	0.2624763250
0.2509843000	0.2626876703
0.2511990000	0.2628990156
0.2514137000	0.2631103609
0.2516284000	0.2633217062
0.2518431000	0.2635330516
0.2520578000	0.2637443969
0.2522725000	0.2639557422
0.2524872000	0.2641670875
0.2527019000	0.2643784328
0.2529166000	0.2645897781
0.2531313000	0.2648011234
0.2533460000	0.2650124687
0.2535607000	0.2652238141
0.2537754000	0.2654351594
0.2539901000	0.2656465047
0.2542048000	0.2658578500
0.2544195000	0.2660691953
0.2546342000	0.2662805406
0.2548489000	0.2664918859
0.2550636000	0.2667032312
0.2552783000	0.2669145766
0.2554930000	0.2671259219
0.2557077000	0.2673372672
0.2559224000	0.2675486125
0.2561371000	0.2677599578
0.2563518000	0.2679713031
0.2565665000	0.2681826484
0.2567812000	0.2683939938
0.2569959000	0.2686053391
0.2572106000	0.2688166844
0.2574253000	0.2690280297
0.2576400000	0.2692393750
0.2578547000	0.2694507203
0.2580694000	0.2696620656
0.2582841000	0.2698734109
0.2584988000	0.2700847562
0.2587135000	0.2702961016
0.2589282000	0.2705074469
0.2591429000	0.2707187922
0.2593576000	0.2709301375
0.2595723000	0.2711414828
0.2597870000	0.2713528281
0.2600017000	0.2715641734
0.2602164000	0.2717755187
0.2604311000	0.2719868641
0.2606458000	0.2721982094
0.2608605000	0.2724095547
0.2610752000	0.2726209000
0.2612899000	0.2728322453
0.2615046000	0.2730435906
0.2617193000	0.2732549359
0.2619340000	0.2734662812
0.2621487000	0.2736776266
0.2623634000	0.2738889719
0.2625781000	0.2741003172
0.2627928000	0.2743116625
0.2630075000	0.2745230078
0.2632222000	0.2747343531
0.2634369000	0.2749456984
0.2636516000	0.2751570437
0.2638663000	0.2753683891
0.2640810000	0.2755797344
0.2642957000	0.2757910797
0.2645104000	0.2760024250
0.2647251000	0.2762137703
0.2649398000	0.2764251156
0.2651545000	0.2766364609
0.2653692000	0.2768478062
0.2655839000	0.2770591516
0.2657986000	0.2772704969
0.2660133000	0.2774818422
0.2662280000	0.2776931875
0.2664427000	0.2779045328
0.2666574000	0.2781158781
0.2668721000	0.2783272234
0.2670868000	0.2785385687
0.2673015000	0.2787499141
0.2675162000	0.2789612594
0.2677309000	0.2791726047
0.2679456000	0.2793839500
0.2681603000	0.2795952953
0.2683750000	0.2798066406
0.2685897000	0.2800179859
0.2688044000	0.2802293312
0.2690191000	0.2804406766
0.2692338000	0.2806520219
0.2694485000	0.2808633672
0.2696632000	0.2810747125
0.2698779000	0.2812860578
0.2700926000	0.2814974031
0.2703073000	0.2817087484
0.2705220000	0.2819200937
0.2707367000	0.2821314391
0.2709514000	0.2823427844
0.2711661000	0.2825541297
0.2713808000	0.2827654750
0.2715955000	0.2829768203
0.2718102000	0.2831881656
0.2720249000	0.2833995109
0.2722396000	0.2836108562
0.2724543000	0.2838222016
0.2726690000	0.2840335469
0.2728837000	0.2842448922
0.2730984000	0.2844562375
0.2733131000	0.2846675828
0.2735278000	0.2848789281
0.2737425000	0.2850902734
0.2739572000	0.2853016187
0.2741719000	0.2855129641
0.2743866000	0.2857243094
0.2746013000	0.2859356547
0.2748160000	0.2861470000
0.2750307000	0.2863583453
0.2752454000	0.2865696906
0.2754601000	0.2867810359
0.2756748000	0.2869923812
0.2758895000	0.2872037266
0.2761042000	0.2874150719
0.2763189000	0.2876264172
0.2765336000	0.2878377625
0.2767483000	0.2880491078
0.2769630000	0.2882604531
0.2771777000	0.2884717984
0.2773924000	0.2886831437
0.2776071000	0.2888944891
0.2778218000	0.2891058344
0.2780365000	0.2893171797
0.2782512000	0.2895285250
0.2784659000	0.2897398703
0.2786806000	0.2899512156
0.2788953000	0.2901625609
0.2791100000	0.2903739062
0.2793247000	0.2905852516
0.2795394000	0.2907965969
0.2797541000	0.2910079422
0.2799688000	0.2912192875
0.2801835000	0.2914306328
0.2803982000	0.2916419781
0.2806129000	0.2918533234
0.2808276000	0.2920646687
0.2810423000	0.2922760141
0.2812570000	0.2924873594
0.2814717000	0.2926987047
0.2816864000	0.2929100500
0.2819011000	0.2931213953
0.2821158000	0.2933327406
0.2823305000	0.2935440859
0.2825452000	0.2937554312
0.2827599000	0.2939667766
0.2829746000	0.2941781219
0.2831893000	0.2943894672
0.2834040000	0.2946008125
0.2836187000	0.2948121578
0.2838334000	0.2950235031
0.2840481000	0.2952348484
0.2842628000	0.2954461937
0.2844775000	0.2956575391
0.2846922000	0.2958688844
0.2849069000	0.2960802297
0.2851216000	0.2962915750
0.2853363000	0.2965029203
0.2855510000	0.2967142656
0.2857657000	0.2969256109
0.2859804000	0.2971369562
0.2861951000	0.2973483016
0.2864098000	0.2975596469
0.2866245000	0.2977709922
0.2868392000	0.2979823375
0.2870539000	0.2981936828
0.2872686000	0.2984050281
0.2874833000	0.2986163734
0.2876980000	0.2988277187
0.2879127000	0.2990390641
0.2881274000	0.2992504094
0.2883421000	0.2994617547
0.2885568000	0.2996731000
0.2887715000	0.2998844453
0.2889862000	0.3000957906
0.2892009000	0.3003071359
0.2894156000	0.3005184812
0.2896303000	0.3007298266
0.2898450000	0.3009411719
0.2900597000	0.3011525172
0.2902744000	0.3013638625
0.2904891000	0.3015752078
0.2907038000	0.3017865531
0.2909185000	0.3019978984
0.2911332000	0.3022092437
0.2913479000	0.3024205891
0.2915626000	0.3026319344
0.2917773000	0.3028432797
0.2919920000	0.3030546250
0.2922067000	0.3032659703
0.2924214000	0.3034773156
0.2926361000	0.3036886609
0.2928508000	0.3039000062
0.2930655000	0.3041113516
0.2932802000	0.3043226969
0.2934949000	0.3045340422
0.2937096000	0.3047453875
0.2939243000	0.3049567328
0.2941390000	0.3051680781
0.2943537000	0.3053794234
0.2945684000	0.3055907687
0.2947831000	0.3058021141
0.2949978000	0.3060134594
0.2952125000	0.3062248047
0.2954272000	0.3064361500
0.2956419000	0.3066474953
0.2958566000	0.3068588406
0.2960713000	0.3070701859
0.2962860000	0.3072815312
0.2965007000	0.3074928766
0.2967154000	0.3077042219
0.2969301000	0.3079155672
0.2971448000	0.3081269125
0.2973595000	0.3083382578
0.2975742000	0.3085496031
0.2977889000	0.3087609484
0.2980036000	0.3089722937
0.2982183000	0.3091836391
0.2984330000	0.3093949844
0.2986477000	0.3096063297
0.2988624000	0.3098176750
0.2990771000	0.3100290203
0.2992918000	0.3102403656
0.2995065000	0.3104517109
0.2997212000	0.3106630562
0.2999359000	0.3108744016
0.3001506000	0.3110857469
0.3003653000	0.3112970922
0.3005800000	0.3115084375
0.3007947000	0.3117197828
0.3010094000	0.3119311281
0.3012241000	0.3121424734
0.3014388000	0.3123538187
0.3016535000	0.3125651641
0.3018682000	0.3127765094
0.3020829000	0.3129878547
0.3022976000	0.3131992000
0.3025123000	0.3134105453
0.3027270000	0.3136218906
0.3029417000	0.3138332359
0.3031564000	0.3140445813
0.3033711000	0.3142559266
0.3035858000	0.3144672719
0.3038005000	0.3146786172
0.3040152000	0.3148899625
0.3042299000	0.3151013078
0.3044446000	0.3153126531
0.3046593000	0.3155239984
0.3048740000	0.3157353437
0.3050887000	0.3159466891
0.3053034000	0.3161580344
0.3055181000	0.3163693797
0.3057328000	0.3165807250
0.3059475000	0.3167920703
0.3061622000	0.3170034156
0.3063769000	0.3172147609
0.3065916000	0.3174261062
0.3068063000	0.3176374516
0.3070210000	0.3178487969
0.3072357000	0.3180601422
0.3074504000	0.3182714875
0.3076651000	0.3184828328
0.3078798000	0.3186941781
0.3080945000	0.3189055234
0.3083092000	0.3191168687
0.3085239000	0.3193282141
0.3087386000	0.3195395594
0.3089533000	0.3197509047
0.3091680000	0.3199622500
0.3093827000	0.3201735953
0.3095974000	0.3203849406
0.3098121000	0.3205962859
0.3100268000	0.3208076313
0.3102415000	0.3210189766
0.3104562000	0.3212303219
0.3106709000	0.3214416672
0.3108856000	0.3216530125
0.3111003000	0.3218643578
0.3113150000	0.3220757031
0.3115297000	0.3222870484
0.3117444000	0.3224983938
0.3119591000	0.3227097391
0.3121738000	0.3229210844
0.3123885000	0.3231324297
0.3126032000	0.3233437750
0.3128179000	0.3235551203
0.3130326000	0.3237664656
0.3132473000	0.3239778109
0.3134620000	0.3241891562
0.3136767000	0.3244005016
0.3138914000	0.3246118469
0.3141061000	0.3248231922
0.3143208000	0.3250345375
0.3145355000	0.3252458828
0.3147502000	0.3254572281
0.3149649000	0.3256685734
0.3151796000	0.3258799187
0.3153943000	0.3260912641
0.3156090000	0.3263026094
0.3158237000	0.3265139547
0.3160384000	0.3267253000
0.3162531000	0.3269366453
0.3164678000	0.3271479906
0.3166825000	0.3273593359
0.3168972000	0.3275706812
0.3171119000	0.3277820266
0.3173266000	0.3279933719
0.3175413000	0.3282047172
0.3177560000	0.3284160625
0.3179707000	0.3286274078
0.3181854000	0.3288387531
0.3184001000	0.3290500984
0.3186148000	0.3292614437
0.3188295000	0.3294727891
0.3190442000	0.3296841344
0.3192589000	0.3298954797
0.3194736000	0.3301068250
0.3196883000	0.3303181703
0.3199030000	0.3305295156
0.3201177000	0.3307408609
0.3203324000	0.3309522062
0.3205471000	0.3311635516
0.3207618000	0.3313748969
0.3209765000	0.3315862422
0.3211912000	0.3317975875
0.3214059000	0.3320089328
0.3216206000	0.3322202781
0.3218353000	0.3324316234
0.3220500000	0.3326429687
0.3222647000	0.3328543141
0.3224794000	0.3330656594
0.3226941000	0.3332770047
0.3229088000	0.3334883500
0.3231235000	0.3336996953
0.3233382000	0.3339110406
0.3235529000	0.3341223859
0.3237676000	0.3343337312
0.3239823000	0.3345450766
0.3241970000	0.3347564219
0.3244117000	0.3349677672
0.3246264000	0.3351791125
0.3248411000	0.3353904578
0.3250558000	0.3356018031
0.3252705000	0.3358131484
0.3254852000	0.3360244937
0.3256999000	0.3362358391
0.3259146000	0.3364471844
0.3261293000	0.3366585297
0.3263440000	0.3368698750
0.3265587000	0.3370812203
0.3267734000	0.3372925656
0.3269881000	0.3375039109
0.3272028000	0.3377152562
0.3274175000	0.3379266016
0.3276322000	0.3381379469
0.3278469000	0.3383492922
0.3280616000	0.3385606375
0.3282763000	0.3387719828
0.3284910000	0.3389833281
0.3287057000	0.3391946734
0.3289204000	0.3394060187
0.3291351000	0.3396173641
0.3293498000	0.3398287094
0.3295645000	0.3400400547
0.3297792000	0.3402514000
0.3299939000	0.3404627453
0.3302086000	0.3406740906
0.3304233000	0.3408854359
0.3306380000	0.3410967812
0.3308527000	0.3413081266
0.3310674000	0.3415194719
0.3312821000	0.3417308172
0.3314968000	0.3419421625
0.3317115000	0.3421535078
0.3319262000	0.3423648531
0.3321409000	0.3425761984
0.3323556000	0.3427875437
0.3325703000	0.3429988891
0.3327850000	0.3432102344
0.3329997000	0.3434215797
0.3332144000	0.3436329250
0.3334291000	0.3438442703
0.3336438000	0.3440556156
0.3338585000	0.3442669609
0.3340732000	0.3444783062
0.3342879000	0.3446896516
0.3345026000	0.3449009969
0.3347173000	0.3451123422
0.3349320000	0.3453236875
0.3351467000	0.3455350328
0.3353614000	0.3457463781
0.3355761000	0.3459577234
0.3357908000	0.3461690687
0.3360055000	0.3463804141
0.3362202000	0.3465917594
0.3364349000	0.3468031047
0.3366496000	0.3470144500
0.3368643000	0.3472257953
0.3370790000	0.3474371406
0.3372937000	0.3476484859
0.3375084000	0.3478598312
0.3377231000	0.3480711766
0.3379378000	0.3482825219
0.3381525000	0.3484938672
0.3383672000	0.3487052125
0.3385819000	0.3489165578
0.3387966000	0.3491279031
0.3390113000	0.3493392484
0.3392260000	0.3495505937
0.3394407000	0.3497619391
0.3396554000	0.3499732844
0.3398701000	0.3501846297
0.3400848000	0.3503959750
0.3402995000	0.3506073203
0.3405142000	0.3508186656
0.3407289000	0.3510300109
0.3409436000	0.3512413562
0.3411583000	0.3514527016
0.3413730000	0.3516640469
0.3415877000	0.3518753922
0.3418024000	0.3520867375
0.3420171000	0.3522980828
0.3422318000	0.3525094281
0.3424465000	0.3527207734
0.3426612000	0.3529321187
0.3428759000	0.3531434641
0.3430906000	0.3533548094
0.3433053000	0.3535661547
0.3435200000	0.3537775000
0.3437347000	0.3539888453
0.3439494000	0.3542001906
0.3441641000	0.3544115359
0.3443788000	0.3546228812
0.3445935000	0.3548342266
0.3448082000	0.3550455719
0.3450229000	0.3552569172
0.3452376000	0.3554682625
0.3454523000	0.3556796078
0.3456670000	0.3558909531
0.3458817000	0.3561022984
0.3460964000	0.3563136437
0.3463111000	0.3565249891
0.3465258000	0.3567363344
0.3467405000	0.3569476797
0.3469552000	0.3571590250
0.3471699000	0.3573703703
0.3473846000	0.3575817156
0.3475993000	0.3577930609
0.3478140000	0.3580044062
0.3480287000	0.3582157516
0.3482434000	0.3584270969
0.3484581000	0.3586384422
0.3486728000	0.3588497875
0.3488875000	0.3590611328
0.3491022000	0.3592724781
0.3493169000	0.3594838234
0.3495316000	0.3596951687
0.3497463000	0.3599065141
0.3499610000	0.3601178594
0.3501757000	0.3603292047
0.3503904000	0.3605405500
0.3506051000	0.3607518953
0.3508198000	0.3609632406
0.3510345000	0.3611745859
0.3512492000	0.3613859312
0.3514639000	0.3615972766
0.3516786000	0.3618086219
0.3518933000	0.3620199672
0.3521080000	0.3622313125
0.3523227000	0.3624426578
0.3525374000	0.3626540031
0.3527521000	0.3628653484
0.3529668000	0.3630766937
0.3531815000	0.3632880391
0.3533962000	0.3634993844
0.3536109000	0.3637107297
0.3538256000	0.3639220750
0.3540403000	0.3641334203
0.3542550000	0.3643447656
0.3544697000	0.3645561109
0.3546844000	0.3647674562
0.3548991000	0.3649788016
0.3551138000	0.3651901469
0.3553285000	0.3654014922
0.3555432000	0.3656128375
0.3557579000	0.3658241828
0.3559726000	0.3660355281
0.3561873000	0.3662468734
0.3564020000	0.3664582187
0.3566167000	0.3666695641
0.3568314000	0.3668809094
0.3570461000	0.3670922547
0.3572608000	0.3673036000
0.3574755000	0.3675149453
0.3576902000	0.3677262906
0.3579049000	0.3679376359
0.3581196000	0.3681489813
0.3583343000	0.3683603266
0.3585490000	0.3685716719
0.3587637000	0.3687830172
0.3589784000	0.3689943625
0.3591931000	0.3692057078
0.3594078000	0.3694170531
0.3596225000	0.3696283984
0.3598372000	0.3698397437
0.3600519000	0.3700510891
0.3602666000	0.3702624344
0.3604813000	0.3704737797
0.3606960000	0.3706851250
0.3609107000	0.3708964703
0.3611254000	0.3711078156
0.3613401000	0.3713191609
0.3615548000	0.3715305062
0.3617695000	0.3717418516
0.3619842000	0.3719531969
0.3621989000	0.3721645422
0.3624136000	0.3723758875
0.3626283000	0.3725872328
0.3628430000	0.3727985781
0.3630577000	0.3730099234
0.3632724000	0.3732212688
0.3634871000	0.3734326141
0.3637018000	0.3736439594
0.3639165000	0.3738553047
0.3641312000	0.3740666500
0.3643459000	0.3742779953
0.3645606000	0.3744893406
0.3647753000	0.3747006859
0.3649900000	0.3749120312
0.3652047000	0.3751233766
0.3654194000	0.3753347219
0.3656341000	0.3755460672
0.3658488000	0.3757574125
0.3660635000	0.3759687578
0.3662782000	0.3761801031
0.3664929000	0.3763914484
0.3667076000	0.3766027937
0.3669223000	0.3768141391
0.3671370000	0.3770254844
0.3673517000	0.3772368297
0.3675664000	0.3774481750
0.3677811000	0.3776595203
0.3679958000	0.3778708656
0.3682105000	0.3780822109
0.3684252000	0.3782935562
0.3686399000	0.3785049016
0.3688546000	0.3787162469
0.3690693000	0.3789275922
0.3692840000	0.3791389375
0.3694987000	0.3793502828
0.3697134000	0.3795616281
0.3699281000	0.3797729734
0.3701428000	0.3799843187
0.3703575000	0.3801956641
0.3705722000	0.3804070094
0.3707869000	0.3806183547
0.3710016000	0.3808297000
0.3712163000	0.3810410453
0.3714310000	0.3812523906
0.3716457000	0.3814637359
0.3718604000	0.3816750812
0.3720751000	0.3818864266
0.3722898000	0.3820977719
0.3725045000	0.3823091172
0.3727192000	0.3825204625
0.3729339000	0.3827318078
0.3731486000	0.3829431531
0.3733633000	0.3831544984
0.3735780000	0.3833658437
0.3737927000	0.3835771891
0.3740074000	0.3837885344
0.3742221000	0.3839998797
0.3744368000	0.3842112250
0.3746515000	0.3844225703
0.3748662000	0.3846339156
0.3750809000	0.3848452609
0.3752956000	0.3850566062
0.3755103000	0.3852679516
0.3757250000	0.3854792969
0.3759397000	0.3856906422
0.3761544000	0.3859019875
0.3763691000	0.3861133328
0.3765838000	0.3863246781
0.3767985000	0.3865360234
0.3770132000	0.3867473687
0.3772279000	0.3869587141
0.3774426000	0.3871700594
0.3776573000	0.3873814047
0.3778720000	0.3875927500
0.3780867000	0.3878040953
0.3783014000	0.3880154406
0.3785161000	0.3882267859
0.3787308000	0.3884381312
0.3789455000	0.3886494766
0.3791602000	0.3888608219
0.3793749000	0.3890721672
0.3795896000	0.3892835125
0.3798043000	0.3894948578
0.3800190000	0.3897062031
0.3802337000	0.3899175484
0.3804484000	0.3901288937
0.3806631000	0.3903402391
0.3808778000	0.3905515844
0.3810925000	0.3907629297
0.3813072000	0.3909742750
0.3815219000	0.3911856203
0.3817366000	0.3913969656
0.3819513000	0.3916083109
0.3821660000	0.3918196562
0.3823807000	0.3920310016
0.3825954000	0.3922423469
0.3828101000	0.3924536922
0.3830248000	0.3926650375
0.3832395000	0.3928763828
0.3834542000	0.3930877281
0.3836689000	0.3932990734
0.3838836000	0.3935104187
0.3840983000	0.3937217641
0.3843130000	0.3939331094
0.3845277000	0.3941444547
0.3847424000	0.3943558000
0.3849571000	0.3945671453
0.3851718000	0.3947784906
0.3853865000	0.3949898359
0.3856012000	0.3952011812
0.3858159000	0.3954125266
0.3860306000	0.3956238719
0.3862453000	0.3958352172
0.3864600000	0.3960465625
0.3866747000	0.3962579078
0.3868894000	0.3964692531
0.3871041000	0.3966805984
0.3873188000	0.3968919437
0.3875335000	0.3971032891
0.3877482000	0.3973146344
0.3879629000	0.3975259797
0.3881776000	0.3977373250
0.3883923000	0.3979486703
0.3886070000	0.3981600156
0.3888217000	0.3983713609
0.3890364000	0.3985827062
0.3892511000	0.3987940516
0.3894658000	0.3990053969
0.3896805000	0.3992167422
0.3898952000	0.3994280875
0.3901099000	0.3996394328
0.3903246000	0.3998507781
0.3905393000	0.4000621234
0.3907540000	0.4002734687
0.3909687000	0.4004848141
0.3911834000	0.4006961594
0.3913981000	0.4009075047
0.3916128000	0.4011188500
0.3918275000	0.4013301953
0.3920422000	0.4015415406
0.3922569000	0.4017528859
0.3924716000	0.4019642312
0.3926863000	0.4021755766
0.3929010000	0.4023869219
0.3931157000	0.4025982672
0.3933304000	0.4028096125
0.3935451000	0.4030209578
0.3937598000	0.4032323031
0.3939745000	0.4034436484
0.3941892000	0.4036549937
0.3944039000	0.4038663391
0.3946186000	0.4040776844
0.3948333000	0.4042890297
0.3950480000	0.4045003750
0.3952627000	0.4047117203
0.3954774000	0.4049230656
0.3956921000	0.4051344109
0.3959068000	0.4053457562
0.3961215000	0.4055571016
0.3963362000	0.4057684469
0.3965509000	0.4059797922
0.3967656000	0.4061911375
0.3969803000	0.4064024828
0.3971950000	0.4066138281
0.3974097000	0.4068251734
0.3976244000	0.4070365187
0.3978391000	0.4072478641
0.3980538000	0.4074592094
0.3982685000	0.4076705547
0.3984832000	0.4078819000
0.3986979000	0.4080932453
0.3989126000	0.4083045906
0.3991273000	0.4085159359
0.3993420000	0.4087272812
0.3995567000	0.4089386266
0.3997714000	0.4091499719
0.3999861000	0.4093613172
0.4002008000	0.4095726625
0.4004155000	0.4097840078
0.4006302000	0.4099953531
0.4008449000	0.4102066984
0.4010596000	0.4104180437
0.4012743000	0.4106293891
0.4014890000	0.4108407344
0.4017037000	0.4110520797
0.4019184000	0.4112634250
0.4021331000	0.4114747703
0.4023478000	0.4116861156
0.4025625000	0.4118974609
0.4027772000	0.4121088062
0.4029919000	0.4123201516
0.4032066000	0.4125314969
0.4034213000	0.4127428422
0.4036360000	0.4129541875
0.4038507000	0.4131655328
0.4040654000	0.4133768781
0.4042801000	0.4135882234
0.4044948000	0.4137995687
0.4047095000	0.4140109141
0.4049242000	0.4142222594
0.4051389000	0.4144336047
0.4053536000	0.4146449500
0.4055683000	0.4148562953
0.4057830000	0.4150676406
0.4059977000	0.4152789859
0.4062124000	0.4154903312
0.4064271000	0.4157016766
0.4066418000	0.4159130219
0.4068565000	0.4161243672
0.4070712000	0.4163357125
0.4072859000	0.4165470578
0.4075006000	0.4167584031
0.4077153000	0.4169697484
0.4079300000	0.4171810937
0.4081447000	0.4173924391
0.4083594000	0.4176037844
0.4085741000	0.4178151297
0.4087888000	0.4180264750
0.4090035000	0.4182378203
0.4092182000	0.4184491656
0.4094329000	0.4186605109
0.4096476000	0.4188718562
0.4098623000	0.4190832016
0.4100770000	0.4192945469
0.4102917000	0.4195058922
0.4105064000	0.4197172375
0.4107211000	0.4199285828
0.4109358000	0.4201399281
0.4111505000	0.4203512734
0.4113652000	0.4205626187
0.4115799000	0.4207739641
0.4117946000	0.4209853094
0.4120093000	0.4211966547
0.4122240000	0.4214080000
0.4124387000	0.4216193453
0.4126534000	0.4218306906
0.4128681000	0.4220420359
0.4130828000	0.4222533812
0.4132975000	0.4224647266
0.4135122000	0.4226760719
0.4137269000	0.4228874172
0.4139416000	0.4230987625
0.4141563000	0.4233101078
0.4143710000	0.4235214531
0.4145857000	0.4237327984
0.4148004000	0.4239441437
0.4150151000	0.4241554891
0.4152298000	0.4243668344
0.4154445000	0.4245781797
0.4156592000	0.4247895250
0.4158739000	0.4250008703
0.4160886000	0.4252122156
0.4163033000	0.4254235609
0.4165180000	0.4256349062
0.4167327000	0.4258462516
0.4169474000	0.4260575969
0.4171621000	0.4262689422
0.4173768000	0.4264802875
0.4175915000	0.4266916328
0.4178062000	0.4269029781
0.4180209000	0.4271143234
0.4182356000	0.4273256687
0.4184503000	0.4275370141
0.4186650000	0.4277483594
0.4188797000	0.4279597047
0.4190944000	0.4281710500
0.4193091000	0.4283823953
0.4195238000	0.4285937406
0.4197385000	0.4288050859
0.4199532000	0.4290164312
0.4201679000	0.4292277766
0.4203826000	0.4294391219
0.4205973000	0.4296504672
0.4208120000	0.4298618125
0.4210267000	0.4300731578
0.4212414000	0.4302845031
0.4214561000	0.4304958484
0.4216708000	0.4307071937
0.4218855000	0.4309185391
0.4221002000	0.4311298844
0.4223149000	0.4313412297
0.4225296000	0.4315525750
0.4227443000	0.4317639203
0.4229590000	0.4319752656
0.4231737000	0.4321866109
0.4233884000	0.4323979562
0.4236031000	0.4326093016
0.4238178000	0.4328206469
0.4240325000	0.4330319922
0.4242472000	0.4332433375
0.4244619000	0.4334546828
0.4246766000	0.4336660281
0.4248913000	0.4338773734
0.4251060000	0.4340887187
0.4253207000	0.4343000641
0.4255354000	0.4345114094
0.4257501000	0.4347227547
0.4259648000	0.4349341000
0.4261795000	0.4351454453
0.4263942000	0.4353567906
0.4266089000	0.4355681359
0.4268236000	0.4357794812
0.4270383000	0.4359908266
0.4272530000	0.4362021719
0.4274677000	0.4364135172
0.4276824000	0.4366248625
0.4278971000	0.4368362078
0.4281118000	0.4370475531
0.4283265000	0.4372588984
0.4285412000	0.4374702437
0.4287559000	0.4376815891
0.4289706000	0.4378929344
0.4291853000	0.4381042797
