0.0000000000	0.0078125000
0.0000077519	0.0078201914
0.0000155039	0.0078278828
0.0000232558	0.0078355741
0.0000310078	0.0078432655
0.0000387597	0.0078509569
0.0000465116	0.0078586483
0.0000542636	0.0078663396
0.0000620155	0.0078740310
0.0000697674	0.0078817224
0.0000775194	0.0078894138
0.0000852713	0.0078971051
0.0000930233	0.0079047965
0.0001007752	0.0079124879
0.0001085271	0.0079201793
0.0001162791	0.0079278706
0.0001240310	0.0079355620
0.0001317829	0.0079432534
0.0001395349	0.0079509448
0.0001472868	0.0079586361
0.0001550388	0.0079663275
0.0001627907	0.0079740189
0.0001705426	0.0079817103
0.0001782946	0.0079894016
0.0001860465	0.0079970930
0.0001937984	0.0080047844
0.0002015504	0.0080124758
0.0002093023	0.0080201672
0.0002170543	0.0080278585
0.0002248062	0.0080355499
0.0002325581	0.0080432413
0.0002403101	0.0080509327
0.0002480620	0.0080586240
0.0002558140	0.0080663154
0.0002635659	0.0080740068
0.0002713178	0.0080816982
0.0002790698	0.0080893895
0.0002868217	0.0080970809
0.0002945736	0.0081047723
0.0003023256	0.0081124637
0.0003100775	0.0081201550
0.0003178295	0.0081278464
0.0003255814	0.0081355378
0.0003333333	0.0081432292
0.0003410853	0.0081509205
0.0003488372	0.0081586119
0.0003565891	0.0081663033
0.0003643411	0.0081739947
0.0003720930	0.0081816860
0.0003798450	0.0081893774
0.0003875969	0.0081970688
0.0003953488	0.0082047602
0.0004031008	0.0082124516
0.0004108527	0.0082201429
0.0004186047	0.0082278343
0.0004263566	0.0082355257
0.0004341085	0.0082432171
0.0004418605	0.0082509084
0.0004496124	0.0082585998
0.0004573643	0.0082662912
0.0004651163	0.0082739826
0.0004728682	0.0082816739
0.0004806202	0.0082893653
0.0004883721	0.0082970567
0.0004961240	0.0083047481
0.0005038760	0.0083124394
0.0005116279	0.0083201308
0.0005193798	0.0083278222
0.0005271318	0.0083355136
0.0005348837	0.0083432049
0.0005426357	0.0083508963
0.0005503876	0.0083585877
0.0005581395	0.0083662791
0.0005658915	0.0083739704
0.0005736434	0.0083816618
0.0005813953	0.0083893532
0.0005891473	0.0083970446
0.0005968992	0.0084047359
0.0006046512	0.0084124273
0.0006124031	0.0084201187
0.0006201550	0.0084278101
0.0006279070	0.0084355015
0.0006356589	0.0084431928
0.0006434109	0.0084508842
0.0006511628	0.0084585756
0.0006589147	0.0084662670
0.0006666667	0.0084739583
0.0006744186	0.0084816497
0.0006821705	0.0084893411
0.0006899225	0.0084970325
0.0006976744	0.0085047238
0.0007054264	0.0085124152
0.0007131783	0.0085201066
0.0007209302	0.0085277980
0.0007286822	0.0085354893
0.0007364341	0.0085431807
0.0007441860	0.0085508721
0.0007519380	0.0085585635
0.0007596899	0.0085662548
0.0007674419	0.0085739462
0.0007751938	0.0085816376
0.0007829457	0.0085893290
0.0007906977	0.0085970203
0.0007984496	0.0086047117
0.0008062016	0.0086124031
0.0008139535	0.0086200945
0.0008217054	0.0086277859
0.0008294574	0.0086354772
0.0008372093	0.0086431686
0.0008449612	0.0086508600
0.0008527132	0.0086585514
0.0008604651	0.0086662427
0.0008682171	0.0086739341
0.0008759690	0.0086816255
0.0008837209	0.0086893169
0.0008914729	0.0086970082
0.0008992248	0.0087046996
0.0009069767	0.0087123910
0.0009147287	0.0087200824
0.0009224806	0.0087277737
0.0009302326	0.0087354651
0.0009379845	0.0087431565
0.0009457364	0.0087508479
0.0009534884	0.0087585392
0.0009612403	0.0087662306
0.0009689922	0.0087739220
0.0009767442	0.0087816134
0.0009844961	0.0087893047
0.0009922481	0.0087969961
0.0010000000	0.0088046875
0.0010077519	0.0088123789
0.0010155039	0.0088200703
0.0010232558	0.0088277616
0.0010310078	0.0088354530
0.0010387597	0.0088431444
0.0010465116	0.0088508358
0.0010542636	0.0088585271
0.0010620155	0.0088662185
0.0010697674	0.0088739099
0.0010775194	0.0088816013
0.0010852713	0.0088892926
0.0010930233	0.0088969840
0.0011007752	0.0089046754
0.0011085271	0.0089123668
0.0011162791	0.0089200581
0.0011240310	0.0089277495
0.0011317829	0.0089354409
0.0011395349	0.0089431323
0.0011472868	0.0089508236
0.0011550388	0.0089585150
0.0011627907	0.0089662064
0.0011705426	0.0089738978
0.0011782946	0.0089815891
0.0011860465	0.0089892805
0.0011937984	0.0089969719
0.0012015504	0.0090046633
0.0012093023	0.0090123547
0.0012170543	0.0090200460
0.0012248062	0.0090277374
0.0012325581	0.0090354288
0.0012403101	0.0090431202
0.0012480620	0.0090508115
0.0012558140	0.0090585029
0.0012635659	0.0090661943
0.0012713178	0.0090738857
0.0012790698	0.0090815770
0.0012868217	0.0090892684
0.0012945736	0.0090969598
0.0013023256	0.0091046512
0.0013100775	0.0091123425
0.0013178295	0.0091200339
0.0013255814	0.0091277253
0.0013333333	0.0091354167
0.0013410853	0.0091431080
0.0013488372	0.0091507994
0.0013565891	0.0091584908
0.0013643411	0.0091661822
0.0013720930	0.0091738735
0.0013798450	0.0091815649
0.0013875969	0.0091892563
0.0013953488	0.0091969477
0.0014031008	0.0092046391
0.0014108527	0.0092123304
0.0014186047	0.0092200218
0.0014263566	0.0092277132
0.0014341085	0.0092354046
0.0014418605	0.0092430959
0.0014496124	0.0092507873
0.0014573643	0.0092584787
0.0014651163	0.0092661701
0.0014728682	0.0092738614
0.0014806202	0.0092815528
0.0014883721	0.0092892442
0.0014961240	0.0092969356
0.0015038760	0.0093046269
0.0015116279	0.0093123183
0.0015193798	0.0093200097
0.0015271318	0.0093277011
0.0015348837	0.0093353924
0.0015426357	0.0093430838
0.0015503876	0.0093507752
0.0015581395	0.0093584666
0.0015658915	0.0093661579
0.0015736434	0.0093738493
0.0015813953	0.0093815407
0.0015891473	0.0093892321
0.0015968992	0.0093969234
0.0016046512	0.0094046148
0.0016124031	0.0094123062
0.0016201550	0.0094199976
0.0016279070	0.0094276890
0.0016356589	0.0094353803
0.0016434109	0.0094430717
0.0016511628	0.0094507631
0.0016589147	0.0094584545
0.0016666667	0.0094661458
0.0016744186	0.0094738372
0.0016821705	0.0094815286
0.0016899225	0.0094892200
0.0016976744	0.0094969113
0.0017054264	0.0095046027
0.0017131783	0.0095122941
0.0017209302	0.0095199855
0.0017286822	0.0095276768
0.0017364341	0.0095353682
0.0017441860	0.0095430596
0.0017519380	0.0095507510
0.0017596899	0.0095584423
0.0017674419	0.0095661337
0.0017751938	0.0095738251
0.0017829457	0.0095815165
0.0017906977	0.0095892078
0.0017984496	0.0095968992
0.0018062016	0.0096045906
0.0018139535	0.0096122820
0.0018217054	0.0096199734
0.0018294574	0.0096276647
0.0018372093	0.0096353561
0.0018449612	0.0096430475
0.0018527132	0.0096507389
0.0018604651	0.0096584302
0.0018682171	0.0096661216
0.0018759690	0.0096738130
0.0018837209	0.0096815044
0.0018914729	0.0096891957
0.0018992248	0.0096968871
0.0019069767	0.0097045785
0.0019147287	0.0097122699
0.0019224806	0.0097199612
0.0019302326	0.0097276526
0.0019379845	0.0097353440
0.0019457364	0.0097430354
0.0019534884	0.0097507267
0.0019612403	0.0097584181
0.0019689922	0.0097661095
0.0019767442	0.0097738009
0.0019844961	0.0097814922
0.0019922481	0.0097891836
0.0020000000	0.0097968750
0.0020077519	0.0098045664
0.0020155039	0.0098122578
0.0020232558	0.0098199491
0.0020310078	0.0098276405
0.0020387597	0.0098353319
0.0020465116	0.0098430233
0.0020542636	0.0098507146
0.0020620155	0.0098584060
0.0020697674	0.0098660974
0.0020775194	0.0098737888
0.0020852713	0.0098814801
0.0020930233	0.0098891715
0.0021007752	0.0098968629
0.0021085271	0.0099045543
0.0021162791	0.0099122456
0.0021240310	0.0099199370
0.0021317829	0.0099276284
0.0021395349	0.0099353198
0.0021472868	0.0099430111
0.0021550388	0.0099507025
0.0021627907	0.0099583939
0.0021705426	0.0099660853
0.0021782946	0.0099737766
0.0021860465	0.0099814680
0.0021937984	0.0099891594
0.0022015504	0.0099968508
0.0022093023	0.0100045422
0.0022170543	0.0100122335
0.0022248062	0.0100199249
0.0022325581	0.0100276163
0.0022403101	0.0100353077
0.0022480620	0.0100429990
0.0022558140	0.0100506904
0.0022635659	0.0100583818
0.0022713178	0.0100660732
0.0022790698	0.0100737645
0.0022868217	0.0100814559
0.0022945736	0.0100891473
0.0023023256	0.0100968387
0.0023100775	0.0101045300
0.0023178295	0.0101122214
0.0023255814	0.0101199128
0.0023333333	0.0101276042
0.0023410853	0.0101352955
0.0023488372	0.0101429869
0.0023565891	0.0101506783
0.0023643411	0.0101583697
0.0023720930	0.0101660610
0.0023798450	0.0101737524
0.0023875969	0.0101814438
0.0023953488	0.0101891352
0.0024031008	0.0101968266
0.0024108527	0.0102045179
0.0024186047	0.0102122093
0.0024263566	0.0102199007
0.0024341085	0.0102275921
0.0024418605	0.0102352834
0.0024496124	0.0102429748
0.0024573643	0.0102506662
0.0024651163	0.0102583576
0.0024728682	0.0102660489
0.0024806202	0.0102737403
0.0024883721	0.0102814317
0.0024961240	0.0102891231
0.0025038760	0.0102968144
0.0025116279	0.0103045058
0.0025193798	0.0103121972
0.0025271318	0.0103198886
0.0025348837	0.0103275799
0.0025426357	0.0103352713
0.0025503876	0.0103429627
0.0025581395	0.0103506541
0.0025658915	0.0103583454
0.0025736434	0.0103660368
0.0025813953	0.0103737282
0.0025891473	0.0103814196
0.0025968992	0.0103891109
0.0026046512	0.0103968023
0.0026124031	0.0104044937
0.0026201550	0.0104121851
0.0026279070	0.0104198765
0.0026356589	0.0104275678
0.0026434109	0.0104352592
0.0026511628	0.0104429506
0.0026589147	0.0104506420
0.0026666667	0.0104583333
0.0026744186	0.0104660247
0.0026821705	0.0104737161
0.0026899225	0.0104814075
0.0026976744	0.0104890988
0.0027054264	0.0104967902
0.0027131783	0.0105044816
0.0027209302	0.0105121730
0.0027286822	0.0105198643
0.0027364341	0.0105275557
0.0027441860	0.0105352471
0.0027519380	0.0105429385
0.0027596899	0.0105506298
0.0027674419	0.0105583212
0.0027751938	0.0105660126
0.0027829457	0.0105737040
0.0027906977	0.0105813953
0.0027984496	0.0105890867
0.0028062016	0.0105967781
0.0028139535	0.0106044695
0.0028217054	0.0106121609
0.0028294574	0.0106198522
0.0028372093	0.0106275436
0.0028449612	0.0106352350
0.0028527132	0.0106429264
0.0028604651	0.0106506177
0.0028682171	0.0106583091
0.0028759690	0.0106660005
0.0028837209	0.0106736919
0.0028914729	0.0106813832
0.0028992248	0.0106890746
0.0029069767	0.0106967660
0.0029147287	0.0107044574
0.0029224806	0.0107121487
0.0029302326	0.0107198401
0.0029379845	0.0107275315
0.0029457364	0.0107352229
0.0029534884	0.0107429142
0.0029612403	0.0107506056
0.0029689922	0.0107582970
0.0029767442	0.0107659884
0.0029844961	0.0107736797
0.0029922481	0.0107813711
0.0030000000	0.0107890625
0.0030077519	0.0107967539
0.0030155039	0.0108044453
0.0030232558	0.0108121366
0.0030310078	0.0108198280
0.0030387597	0.0108275194
0.0030465116	0.0108352108
0.0030542636	0.0108429021
0.0030620155	0.0108505935
0.0030697674	0.0108582849
0.0030775194	0.0108659763
0.0030852713	0.0108736676
0.0030930233	0.0108813590
0.0031007752	0.0108890504
0.0031085271	0.0108967418
0.0031162791	0.0109044331
0.0031240310	0.0109121245
0.0031317829	0.0109198159
0.0031395349	0.0109275073
0.0031472868	0.0109351986
0.0031550388	0.0109428900
0.0031627907	0.0109505814
0.0031705426	0.0109582728
0.0031782946	0.0109659641
0.0031860465	0.0109736555
0.0031937984	0.0109813469
0.0032015504	0.0109890383
0.0032093023	0.0109967297
0.0032170543	0.0110044210
0.0032248062	0.0110121124
0.0032325581	0.0110198038
0.0032403101	0.0110274952
0.0032480620	0.0110351865
0.0032558140	0.0110428779
0.0032635659	0.0110505693
0.0032713178	0.0110582607
0.0032790698	0.0110659520
0.0032868217	0.0110736434
0.0032945736	0.0110813348
0.0033023256	0.0110890262
0.0033100775	0.0110967175
0.0033178295	0.0111044089
0.0033255814	0.0111121003
0.0033333333	0.0111197917
0.0033410853	0.0111274830
0.0033488372	0.0111351744
0.0033565891	0.0111428658
0.0033643411	0.0111505572
0.0033720930	0.0111582485
0.0033798450	0.0111659399
0.0033875969	0.0111736313
0.0033953488	0.0111813227
0.0034031008	0.0111890141
0.0034108527	0.0111967054
0.0034186047	0.0112043968
0.0034263566	0.0112120882
0.0034341085	0.0112197796
0.0034418605	0.0112274709
0.0034496124	0.0112351623
0.0034573643	0.0112428537
0.0034651163	0.0112505451
0.0034728682	0.0112582364
0.0034806202	0.0112659278
0.0034883721	0.0112736192
0.0034961240	0.0112813106
0.0035038760	0.0112890019
0.0035116279	0.0112966933
0.0035193798	0.0113043847
0.0035271318	0.0113120761
0.0035348837	0.0113197674
0.0035426357	0.0113274588
0.0035503876	0.0113351502
0.0035581395	0.0113428416
0.0035658915	0.0113505329
0.0035736434	0.0113582243
0.0035813953	0.0113659157
0.0035891473	0.0113736071
0.0035968992	0.0113812984
0.0036046512	0.0113889898
0.0036124031	0.0113966812
0.0036201550	0.0114043726
0.0036279070	0.0114120640
0.0036356589	0.0114197553
0.0036434109	0.0114274467
0.0036511628	0.0114351381
0.0036589147	0.0114428295
0.0036666667	0.0114505208
0.0036744186	0.0114582122
0.0036821705	0.0114659036
0.0036899225	0.0114735950
0.0036976744	0.0114812863
0.0037054264	0.0114889777
0.0037131783	0.0114966691
0.0037209302	0.0115043605
0.0037286822	0.0115120518
0.0037364341	0.0115197432
0.0037441860	0.0115274346
0.0037519380	0.0115351260
0.0037596899	0.0115428173
0.0037674419	0.0115505087
0.0037751938	0.0115582001
0.0037829457	0.0115658915
0.0037906977	0.0115735828
0.0037984496	0.0115812742
0.0038062016	0.0115889656
0.0038139535	0.0115966570
0.0038217054	0.0116043484
0.0038294574	0.0116120397
0.0038372093	0.0116197311
0.0038449612	0.0116274225
0.0038527132	0.0116351139
0.0038604651	0.0116428052
0.0038682171	0.0116504966
0.0038759690	0.0116581880
0.0038837209	0.0116658794
0.0038914729	0.0116735707
0.0038992248	0.0116812621
0.0039069767	0.0116889535
0.0039147287	0.0116966449
0.0039224806	0.0117043362
0.0039302326	0.0117120276
0.0039379845	0.0117197190
0.0039457364	0.0117274104
0.0039534884	0.0117351017
0.0039612403	0.0117427931
0.0039689922	0.0117504845
0.0039767442	0.0117581759
0.0039844961	0.0117658672
0.0039922481	0.0117735586
0.0040000000	0.0117812500
0.0040077519	0.0117889414
0.0040155039	0.0117966328
0.0040232558	0.0118043241
0.0040310078	0.0118120155
0.0040387597	0.0118197069
0.0040465116	0.0118273983
0.0040542636	0.0118350896
0.0040620155	0.0118427810
0.0040697674	0.0118504724
0.0040775194	0.0118581638
0.0040852713	0.0118658551
0.0040930233	0.0118735465
0.0041007752	0.0118812379
0.0041085271	0.0118889293
0.0041162791	0.0118966206
0.0041240310	0.0119043120
0.0041317829	0.0119120034
0.0041395349	0.0119196948
0.0041472868	0.0119273861
0.0041550388	0.0119350775
0.0041627907	0.0119427689
0.0041705426	0.0119504603
0.0041782946	0.0119581516
0.0041860465	0.0119658430
0.0041937984	0.0119735344
0.0042015504	0.0119812258
0.0042093023	0.0119889172
0.0042170543	0.0119966085
0.0042248062	0.0120042999
0.0042325581	0.0120119913
0.0042403101	0.0120196827
0.0042480620	0.0120273740
0.0042558140	0.0120350654
0.0042635659	0.0120427568
0.0042713178	0.0120504482
0.0042790698	0.0120581395
0.0042868217	0.0120658309
0.0042945736	0.0120735223
0.0043023256	0.0120812137
0.0043100775	0.0120889050
0.0043178295	0.0120965964
0.0043255814	0.0121042878
0.0043333333	0.0121119792
0.0043410853	0.0121196705
0.0043488372	0.0121273619
0.0043565891	0.0121350533
0.0043643411	0.0121427447
0.0043720930	0.0121504360
0.0043798450	0.0121581274
0.0043875969	0.0121658188
0.0043953488	0.0121735102
0.0044031008	0.0121812016
0.0044108527	0.0121888929
0.0044186047	0.0121965843
0.0044263566	0.0122042757
0.0044341085	0.0122119671
0.0044418605	0.0122196584
0.0044496124	0.0122273498
0.0044573643	0.0122350412
0.0044651163	0.0122427326
0.0044728682	0.0122504239
0.0044806202	0.0122581153
0.0044883721	0.0122658067
0.0044961240	0.0122734981
0.0045038760	0.0122811894
0.0045116279	0.0122888808
0.0045193798	0.0122965722
0.0045271318	0.0123042636
0.0045348837	0.0123119549
0.0045426357	0.0123196463
0.0045503876	0.0123273377
0.0045581395	0.0123350291
0.0045658915	0.0123427204
0.0045736434	0.0123504118
0.0045813953	0.0123581032
0.0045891473	0.0123657946
0.0045968992	0.0123734859
0.0046046512	0.0123811773
0.0046124031	0.0123888687
0.0046201550	0.0123965601
0.0046279070	0.0124042515
0.0046356589	0.0124119428
0.0046434109	0.0124196342
0.0046511628	0.0124273256
0.0046589147	0.0124350170
0.0046666667	0.0124427083
0.0046744186	0.0124503997
0.0046821705	0.0124580911
0.0046899225	0.0124657825
0.0046976744	0.0124734738
0.0047054264	0.0124811652
0.0047131783	0.0124888566
0.0047209302	0.0124965480
0.0047286822	0.0125042393
0.0047364341	0.0125119307
0.0047441860	0.0125196221
0.0047519380	0.0125273135
0.0047596899	0.0125350048
0.0047674419	0.0125426962
0.0047751938	0.0125503876
0.0047829457	0.0125580790
0.0047906977	0.0125657703
0.0047984496	0.0125734617
0.0048062016	0.0125811531
0.0048139535	0.0125888445
0.0048217054	0.0125965359
0.0048294574	0.0126042272
0.0048372093	0.0126119186
0.0048449612	0.0126196100
0.0048527132	0.0126273014
0.0048604651	0.0126349927
0.0048682171	0.0126426841
0.0048759690	0.0126503755
0.0048837209	0.0126580669
0.0048914729	0.0126657582
0.0048992248	0.0126734496
0.0049069767	0.0126811410
0.0049147287	0.0126888324
0.0049224806	0.0126965237
0.0049302326	0.0127042151
0.0049379845	0.0127119065
0.0049457364	0.0127195979
0.0049534884	0.0127272892
0.0049612403	0.0127349806
0.0049689922	0.0127426720
0.0049767442	0.0127503634
0.0049844961	0.0127580547
0.0049922481	0.0127657461
0.0050000000	0.0127734375
0.0050077519	0.0127811289
0.0050155039	0.0127888203
0.0050232558	0.0127965116
0.0050310078	0.0128042030
0.0050387597	0.0128118944
0.0050465116	0.0128195858
0.0050542636	0.0128272771
0.0050620155	0.0128349685
0.0050697674	0.0128426599
0.0050775194	0.0128503513
0.0050852713	0.0128580426
0.0050930233	0.0128657340
0.0051007752	0.0128734254
0.0051085271	0.0128811168
0.0051162791	0.0128888081
0.0051240310	0.0128964995
0.0051317829	0.0129041909
0.0051395349	0.0129118823
0.0051472868	0.0129195736
0.0051550388	0.0129272650
0.0051627907	0.0129349564
0.0051705426	0.0129426478
0.0051782946	0.0129503391
0.0051860465	0.0129580305
0.0051937984	0.0129657219
0.0052015504	0.0129734133
0.0052093023	0.0129811047
0.0052170543	0.0129887960
0.0052248062	0.0129964874
0.0052325581	0.0130041788
0.0052403101	0.0130118702
0.0052480620	0.0130195615
0.0052558140	0.0130272529
0.0052635659	0.0130349443
0.0052713178	0.0130426357
0.0052790698	0.0130503270
0.0052868217	0.0130580184
0.0052945736	0.0130657098
0.0053023256	0.0130734012
0.0053100775	0.0130810925
0.0053178295	0.0130887839
0.0053255814	0.0130964753
0.0053333333	0.0131041667
0.0053410853	0.0131118580
0.0053488372	0.0131195494
0.0053565891	0.0131272408
0.0053643411	0.0131349322
0.0053720930	0.0131426235
0.0053798450	0.0131503149
0.0053875969	0.0131580063
0.0053953488	0.0131656977
0.0054031008	0.0131733891
0.0054108527	0.0131810804
0.0054186047	0.0131887718
0.0054263566	0.0131964632
0.0054341085	0.0132041546
0.0054418605	0.0132118459
0.0054496124	0.0132195373
0.0054573643	0.0132272287
0.0054651163	0.0132349201
0.0054728682	0.0132426114
0.0054806202	0.0132503028
0.0054883721	0.0132579942
0.0054961240	0.0132656856
0.0055038760	0.0132733769
0.0055116279	0.0132810683
0.0055193798	0.0132887597
0.0055271318	0.0132964511
0.0055348837	0.0133041424
0.0055426357	0.0133118338
0.0055503876	0.0133195252
0.0055581395	0.0133272166
0.0055658915	0.0133349079
0.0055736434	0.0133425993
0.0055813953	0.0133502907
0.0055891473	0.0133579821
0.0055968992	0.0133656734
0.0056046512	0.0133733648
0.0056124031	0.0133810562
0.0056201550	0.0133887476
0.0056279070	0.0133964390
0.0056356589	0.0134041303
0.0056434109	0.0134118217
0.0056511628	0.0134195131
0.0056589147	0.0134272045
0.0056666667	0.0134348958
0.0056744186	0.0134425872
0.0056821705	0.0134502786
0.0056899225	0.0134579700
0.0056976744	0.0134656613
0.0057054264	0.0134733527
0.0057131783	0.0134810441
0.0057209302	0.0134887355
0.0057286822	0.0134964268
0.0057364341	0.0135041182
0.0057441860	0.0135118096
0.0057519380	0.0135195010
0.0057596899	0.0135271923
0.0057674419	0.0135348837
0.0057751938	0.0135425751
0.0057829457	0.0135502665
0.0057906977	0.0135579578
0.0057984496	0.0135656492
0.0058062016	0.0135733406
0.0058139535	0.0135810320
0.0058217054	0.0135887234
0.0058294574	0.0135964147
0.0058372093	0.0136041061
0.0058449612	0.0136117975
0.0058527132	0.0136194889
0.0058604651	0.0136271802
0.0058682171	0.0136348716
0.0058759690	0.0136425630
0.0058837209	0.0136502544
0.0058914729	0.0136579457
0.0058992248	0.0136656371
0.0059069767	0.0136733285
0.0059147287	0.0136810199
0.0059224806	0.0136887112
0.0059302326	0.0136964026
0.0059379845	0.0137040940
0.0059457364	0.0137117854
0.0059534884	0.0137194767
0.0059612403	0.0137271681
0.0059689922	0.0137348595
0.0059767442	0.0137425509
0.0059844961	0.0137502422
0.0059922481	0.0137579336
0.0060000000	0.0137656250
0.0060077519	0.0137733164
0.0060155039	0.0137810078
0.0060232558	0.0137886991
0.0060310078	0.0137963905
0.0060387597	0.0138040819
0.0060465116	0.0138117733
0.0060542636	0.0138194646
0.0060620155	0.0138271560
0.0060697674	0.0138348474
0.0060775194	0.0138425388
0.0060852713	0.0138502301
0.0060930233	0.0138579215
0.0061007752	0.0138656129
0.0061085271	0.0138733043
0.0061162791	0.0138809956
0.0061240310	0.0138886870
0.0061317829	0.0138963784
0.0061395349	0.0139040698
0.0061472868	0.0139117611
0.0061550388	0.0139194525
0.0061627907	0.0139271439
0.0061705426	0.0139348353
0.0061782946	0.0139425266
0.0061860465	0.0139502180
0.0061937984	0.0139579094
0.0062015504	0.0139656008
0.0062093023	0.0139732922
0.0062170543	0.0139809835
0.0062248062	0.0139886749
0.0062325581	0.0139963663
0.0062403101	0.0140040577
0.0062480620	0.0140117490
0.0062558140	0.0140194404
0.0062635659	0.0140271318
0.0062713178	0.0140348232
0.0062790698	0.0140425145
0.0062868217	0.0140502059
0.0062945736	0.0140578973
0.0063023256	0.0140655887
0.0063100775	0.0140732800
0.0063178295	0.0140809714
0.0063255814	0.0140886628
0.0063333333	0.0140963542
0.0063410853	0.0141040455
0.0063488372	0.0141117369
0.0063565891	0.0141194283
0.0063643411	0.0141271197
0.0063720930	0.0141348110
0.0063798450	0.0141425024
0.0063875969	0.0141501938
0.0063953488	0.0141578852
0.0064031008	0.0141655766
0.0064108527	0.0141732679
0.0064186047	0.0141809593
0.0064263566	0.0141886507
0.0064341085	0.0141963421
0.0064418605	0.0142040334
0.0064496124	0.0142117248
0.0064573643	0.0142194162
0.0064651163	0.0142271076
0.0064728682	0.0142347989
0.0064806202	0.0142424903
0.0064883721	0.0142501817
0.0064961240	0.0142578731
0.0065038760	0.0142655644
0.0065116279	0.0142732558
0.0065193798	0.0142809472
0.0065271318	0.0142886386
0.0065348837	0.0142963299
0.0065426357	0.0143040213
0.0065503876	0.0143117127
0.0065581395	0.0143194041
0.0065658915	0.0143270954
0.0065736434	0.0143347868
0.0065813953	0.0143424782
0.0065891473	0.0143501696
0.0065968992	0.0143578609
0.0066046512	0.0143655523
0.0066124031	0.0143732437
0.0066201550	0.0143809351
0.0066279070	0.0143886265
0.0066356589	0.0143963178
0.0066434109	0.0144040092
0.0066511628	0.0144117006
0.0066589147	0.0144193920
0.0066666667	0.0144270833
0.0066744186	0.0144347747
0.0066821705	0.0144424661
0.0066899225	0.0144501575
0.0066976744	0.0144578488
0.0067054264	0.0144655402
0.0067131783	0.0144732316
0.0067209302	0.0144809230
0.0067286822	0.0144886143
0.0067364341	0.0144963057
0.0067441860	0.0145039971
0.0067519380	0.0145116885
0.0067596899	0.0145193798
0.0067674419	0.0145270712
0.0067751938	0.0145347626
0.0067829457	0.0145424540
0.0067906977	0.0145501453
0.0067984496	0.0145578367
0.0068062016	0.0145655281
0.0068139535	0.0145732195
0.0068217054	0.0145809109
0.0068294574	0.0145886022
0.0068372093	0.0145962936
0.0068449612	0.0146039850
0.0068527132	0.0146116764
0.0068604651	0.0146193677
0.0068682171	0.0146270591
0.0068759690	0.0146347505
0.0068837209	0.0146424419
0.0068914729	0.0146501332
0.0068992248	0.0146578246
0.0069069767	0.0146655160
0.0069147287	0.0146732074
0.0069224806	0.0146808987
0.0069302326	0.0146885901
0.0069379845	0.0146962815
0.0069457364	0.0147039729
0.0069534884	0.0147116642
0.0069612403	0.0147193556
0.0069689922	0.0147270470
0.0069767442	0.0147347384
0.0069844961	0.0147424297
0.0069922481	0.0147501211
0.0070000000	0.0147578125
0.0070077519	0.0147655039
0.0070155039	0.0147731953
0.0070232558	0.0147808866
0.0070310078	0.0147885780
0.0070387597	0.0147962694
0.0070465116	0.0148039608
0.0070542636	0.0148116521
0.0070620155	0.0148193435
0.0070697674	0.0148270349
0.0070775194	0.0148347263
0.0070852713	0.0148424176
0.0070930233	0.0148501090
0.0071007752	0.0148578004
0.0071085271	0.0148654918
0.0071162791	0.0148731831
0.0071240310	0.0148808745
0.0071317829	0.0148885659
0.0071395349	0.0148962573
0.0071472868	0.0149039486
0.0071550388	0.0149116400
0.0071627907	0.0149193314
0.0071705426	0.0149270228
0.0071782946	0.0149347141
0.0071860465	0.0149424055
0.0071937984	0.0149500969
0.0072015504	0.0149577883
0.0072093023	0.0149654797
0.0072170543	0.0149731710
0.0072248062	0.0149808624
0.0072325581	0.0149885538
0.0072403101	0.0149962452
0.0072480620	0.0150039365
0.0072558140	0.0150116279
0.0072635659	0.0150193193
0.0072713178	0.0150270107
0.0072790698	0.0150347020
0.0072868217	0.0150423934
0.0072945736	0.0150500848
0.0073023256	0.0150577762
0.0073100775	0.0150654675
0.0073178295	0.0150731589
0.0073255814	0.0150808503
0.0073333333	0.0150885417
0.0073410853	0.0150962330
0.0073488372	0.0151039244
0.0073565891	0.0151116158
0.0073643411	0.0151193072
0.0073720930	0.0151269985
0.0073798450	0.0151346899
0.0073875969	0.0151423813
0.0073953488	0.0151500727
0.0074031008	0.0151577641
0.0074108527	0.0151654554
0.0074186047	0.0151731468
0.0074263566	0.0151808382
0.0074341085	0.0151885296
0.0074418605	0.0151962209
0.0074496124	0.0152039123
0.0074573643	0.0152116037
0.0074651163	0.0152192951
0.0074728682	0.0152269864
0.0074806202	0.0152346778
0.0074883721	0.0152423692
0.0074961240	0.0152500606
0.0075038760	0.0152577519
0.0075116279	0.0152654433
0.0075193798	0.0152731347
0.0075271318	0.0152808261
0.0075348837	0.0152885174
0.0075426357	0.0152962088
0.0075503876	0.0153039002
0.0075581395	0.0153115916
0.0075658915	0.0153192829
0.0075736434	0.0153269743
0.0075813953	0.0153346657
0.0075891473	0.0153423571
0.0075968992	0.0153500484
0.0076046512	0.0153577398
0.0076124031	0.0153654312
0.0076201550	0.0153731226
0.0076279070	0.0153808140
0.0076356589	0.0153885053
0.0076434109	0.0153961967
0.0076511628	0.0154038881
0.0076589147	0.0154115795
0.0076666667	0.0154192708
0.0076744186	0.0154269622
0.0076821705	0.0154346536
0.0076899225	0.0154423450
0.0076976744	0.0154500363
0.0077054264	0.0154577277
0.0077131783	0.0154654191
0.0077209302	0.0154731105
0.0077286822	0.0154808018
0.0077364341	0.0154884932
0.0077441860	0.0154961846
0.0077519380	0.0155038760
0.0077596899	0.0155115673
0.0077674419	0.0155192587
0.0077751938	0.0155269501
0.0077829457	0.0155346415
0.0077906977	0.0155423328
0.0077984496	0.0155500242
0.0078062016	0.0155577156
0.0078139535	0.0155654070
0.0078217054	0.0155730984
0.0078294574	0.0155807897
0.0078372093	0.0155884811
0.0078449612	0.0155961725
0.0078527132	0.0156038639
0.0078604651	0.0156115552
0.0078682171	0.0156192466
0.0078759690	0.0156269380
0.0078837209	0.0156346294
0.0078914729	0.0156423207
0.0078992248	0.0156500121
0.0079069767	0.0156577035
0.0079147287	0.0156653949
0.0079224806	0.0156730862
0.0079302326	0.0156807776
0.0079379845	0.0156884690
0.0079457364	0.0156961604
0.0079534884	0.0157038517
0.0079612403	0.0157115431
0.0079689922	0.0157192345
0.0079767442	0.0157269259
0.0079844961	0.0157346172
0.0079922481	0.0157423086
0.0080000000	0.0157500000
0.0080077519	0.0157576914
0.0080155039	0.0157653828
0.0080232558	0.0157730741
0.0080310078	0.0157807655
0.0080387597	0.0157884569
0.0080465116	0.0157961483
0.0080542636	0.0158038396
0.0080620155	0.0158115310
0.0080697674	0.0158192224
0.0080775194	0.0158269138
0.0080852713	0.0158346051
0.0080930233	0.0158422965
0.0081007752	0.0158499879
0.0081085271	0.0158576793
0.0081162791	0.0158653706
0.0081240310	0.0158730620
0.0081317829	0.0158807534
0.0081395349	0.0158884448
0.0081472868	0.0158961361
0.0081550388	0.0159038275
0.0081627907	0.0159115189
0.0081705426	0.0159192103
0.0081782946	0.0159269016
0.0081860465	0.0159345930
0.0081937984	0.0159422844
0.0082015504	0.0159499758
0.0082093023	0.0159576672
0.0082170543	0.0159653585
0.0082248062	0.0159730499
0.0082325581	0.0159807413
0.0082403101	0.0159884327
0.0082480620	0.0159961240
0.0082558140	0.0160038154
0.0082635659	0.0160115068
0.0082713178	0.0160191982
0.0082790698	0.0160268895
0.0082868217	0.0160345809
0.0082945736	0.0160422723
0.0083023256	0.0160499637
0.0083100775	0.0160576550
0.0083178295	0.0160653464
0.0083255814	0.0160730378
0.0083333333	0.0160807292
0.0083410853	0.0160884205
0.0083488372	0.0160961119
0.0083565891	0.0161038033
0.0083643411	0.0161114947
0.0083720930	0.0161191860
0.0083798450	0.0161268774
0.0083875969	0.0161345688
0.0083953488	0.0161422602
0.0084031008	0.0161499516
0.0084108527	0.0161576429
0.0084186047	0.0161653343
0.0084263566	0.0161730257
0.0084341085	0.0161807171
0.0084418605	0.0161884084
0.0084496124	0.0161960998
0.0084573643	0.0162037912
0.0084651163	0.0162114826
0.0084728682	0.0162191739
0.0084806202	0.0162268653
0.0084883721	0.0162345567
0.0084961240	0.0162422481
0.0085038760	0.0162499394
0.0085116279	0.0162576308
0.0085193798	0.0162653222
0.0085271318	0.0162730136
0.0085348837	0.0162807049
0.0085426357	0.0162883963
0.0085503876	0.0162960877
0.0085581395	0.0163037791
0.0085658915	0.0163114704
0.0085736434	0.0163191618
0.0085813953	0.0163268532
0.0085891473	0.0163345446
0.0085968992	0.0163422359
0.0086046512	0.0163499273
0.0086124031	0.0163576187
0.0086201550	0.0163653101
0.0086279070	0.0163730015
0.0086356589	0.0163806928
0.0086434109	0.0163883842
0.0086511628	0.0163960756
0.0086589147	0.0164037670
0.0086666667	0.0164114583
0.0086744186	0.0164191497
0.0086821705	0.0164268411
0.0086899225	0.0164345325
0.0086976744	0.0164422238
0.0087054264	0.0164499152
0.0087131783	0.0164576066
0.0087209302	0.0164652980
0.0087286822	0.0164729893
0.0087364341	0.0164806807
0.0087441860	0.0164883721
0.0087519380	0.0164960635
0.0087596899	0.0165037548
0.0087674419	0.0165114462
0.0087751938	0.0165191376
0.0087829457	0.0165268290
0.0087906977	0.0165345203
0.0087984496	0.0165422117
0.0088062016	0.0165499031
0.0088139535	0.0165575945
0.0088217054	0.0165652859
0.0088294574	0.0165729772
0.0088372093	0.0165806686
0.0088449612	0.0165883600
0.0088527132	0.0165960514
0.0088604651	0.0166037427
0.0088682171	0.0166114341
0.0088759690	0.0166191255
0.0088837209	0.0166268169
0.0088914729	0.0166345082
0.0088992248	0.0166421996
0.0089069767	0.0166498910
0.0089147287	0.0166575824
0.0089224806	0.0166652737
0.0089302326	0.0166729651
0.0089379845	0.0166806565
0.0089457364	0.0166883479
0.0089534884	0.0166960392
0.0089612403	0.0167037306
0.0089689922	0.0167114220
0.0089767442	0.0167191134
0.0089844961	0.0167268047
0.0089922481	0.0167344961
0.0090000000	0.0167421875
0.0090077519	0.0167498789
0.0090155039	0.0167575703
0.0090232558	0.0167652616
0.0090310078	0.0167729530
0.0090387597	0.0167806444
0.0090465116	0.0167883358
0.0090542636	0.0167960271
0.0090620155	0.0168037185
0.0090697674	0.0168114099
0.0090775194	0.0168191013
0.0090852713	0.0168267926
0.0090930233	0.0168344840
0.0091007752	0.0168421754
0.0091085271	0.0168498668
0.0091162791	0.0168575581
0.0091240310	0.0168652495
0.0091317829	0.0168729409
0.0091395349	0.0168806323
0.0091472868	0.0168883236
0.0091550388	0.0168960150
0.0091627907	0.0169037064
0.0091705426	0.0169113978
0.0091782946	0.0169190891
0.0091860465	0.0169267805
0.0091937984	0.0169344719
0.0092015504	0.0169421633
0.0092093023	0.0169498547
0.0092170543	0.0169575460
0.0092248062	0.0169652374
0.0092325581	0.0169729288
0.0092403101	0.0169806202
0.0092480620	0.0169883115
0.0092558140	0.0169960029
0.0092635659	0.0170036943
0.0092713178	0.0170113857
0.0092790698	0.0170190770
0.0092868217	0.0170267684
0.0092945736	0.0170344598
0.0093023256	0.0170421512
0.0093100775	0.0170498425
0.0093178295	0.0170575339
0.0093255814	0.0170652253
0.0093333333	0.0170729167
0.0093410853	0.0170806080
0.0093488372	0.0170882994
0.0093565891	0.0170959908
0.0093643411	0.0171036822
0.0093720930	0.0171113735
0.0093798450	0.0171190649
0.0093875969	0.0171267563
0.0093953488	0.0171344477
0.0094031008	0.0171421391
0.0094108527	0.0171498304
0.0094186047	0.0171575218
0.0094263566	0.0171652132
0.0094341085	0.0171729046
0.0094418605	0.0171805959
0.0094496124	0.0171882873
0.0094573643	0.0171959787
0.0094651163	0.0172036701
0.0094728682	0.0172113614
0.0094806202	0.0172190528
0.0094883721	0.0172267442
0.0094961240	0.0172344356
0.0095038760	0.0172421269
0.0095116279	0.0172498183
0.0095193798	0.0172575097
0.0095271318	0.0172652011
0.0095348837	0.0172728924
0.0095426357	0.0172805838
0.0095503876	0.0172882752
0.0095581395	0.0172959666
0.0095658915	0.0173036579
0.0095736434	0.0173113493
0.0095813953	0.0173190407
0.0095891473	0.0173267321
0.0095968992	0.0173344234
0.0096046512	0.0173421148
0.0096124031	0.0173498062
0.0096201550	0.0173574976
0.0096279070	0.0173651890
0.0096356589	0.0173728803
0.0096434109	0.0173805717
0.0096511628	0.0173882631
0.0096589147	0.0173959545
0.0096666667	0.0174036458
0.0096744186	0.0174113372
0.0096821705	0.0174190286
0.0096899225	0.0174267200
0.0096976744	0.0174344113
0.0097054264	0.0174421027
0.0097131783	0.0174497941
0.0097209302	0.0174574855
0.0097286822	0.0174651768
0.0097364341	0.0174728682
0.0097441860	0.0174805596
0.0097519380	0.0174882510
0.0097596899	0.0174959423
0.0097674419	0.0175036337
0.0097751938	0.0175113251
0.0097829457	0.0175190165
0.0097906977	0.0175267078
0.0097984496	0.0175343992
0.0098062016	0.0175420906
0.0098139535	0.0175497820
0.0098217054	0.0175574734
0.0098294574	0.0175651647
0.0098372093	0.0175728561
0.0098449612	0.0175805475
0.0098527132	0.0175882389
0.0098604651	0.0175959302
0.0098682171	0.0176036216
0.0098759690	0.0176113130
0.0098837209	0.0176190044
0.0098914729	0.0176266957
0.0098992248	0.0176343871
0.0099069767	0.0176420785
0.0099147287	0.0176497699
0.0099224806	0.0176574612
0.0099302326	0.0176651526
0.0099379845	0.0176728440
0.0099457364	0.0176805354
0.0099534884	0.0176882267
0.0099612403	0.0176959181
0.0099689922	0.0177036095
0.0099767442	0.0177113009
0.0099844961	0.0177189922
0.0099922481	0.0177266836
0.0100000000	0.0177343750
0.0100077519	0.0177420664
0.0100155039	0.0177497578
0.0100232558	0.0177574491
0.0100310078	0.0177651405
0.0100387597	0.0177728319
0.0100465116	0.0177805233
0.0100542636	0.0177882146
0.0100620155	0.0177959060
0.0100697674	0.0178035974
0.0100775194	0.0178112888
0.0100852713	0.0178189801
0.0100930233	0.0178266715
0.0101007752	0.0178343629
0.0101085271	0.0178420543
0.0101162791	0.0178497456
0.0101240310	0.0178574370
0.0101317829	0.0178651284
0.0101395349	0.0178728198
0.0101472868	0.0178805111
0.0101550388	0.0178882025
0.0101627907	0.0178958939
0.0101705426	0.0179035853
0.0101782946	0.0179112766
0.0101860465	0.0179189680
0.0101937984	0.0179266594
0.0102015504	0.0179343508
0.0102093023	0.0179420422
0.0102170543	0.0179497335
0.0102248062	0.0179574249
0.0102325581	0.0179651163
0.0102403101	0.0179728077
0.0102480620	0.0179804990
0.0102558140	0.0179881904
0.0102635659	0.0179958818
0.0102713178	0.0180035732
0.0102790698	0.0180112645
0.0102868217	0.0180189559
0.0102945736	0.0180266473
0.0103023256	0.0180343387
0.0103100775	0.0180420300
0.0103178295	0.0180497214
0.0103255814	0.0180574128
0.0103333333	0.0180651042
0.0103410853	0.0180727955
0.0103488372	0.0180804869
0.0103565891	0.0180881783
0.0103643411	0.0180958697
0.0103720930	0.0181035610
0.0103798450	0.0181112524
0.0103875969	0.0181189438
0.0103953488	0.0181266352
0.0104031008	0.0181343266
0.0104108527	0.0181420179
0.0104186047	0.0181497093
0.0104263566	0.0181574007
0.0104341085	0.0181650921
0.0104418605	0.0181727834
0.0104496124	0.0181804748
0.0104573643	0.0181881662
0.0104651163	0.0181958576
0.0104728682	0.0182035489
0.0104806202	0.0182112403
0.0104883721	0.0182189317
0.0104961240	0.0182266231
0.0105038760	0.0182343144
0.0105116279	0.0182420058
0.0105193798	0.0182496972
0.0105271318	0.0182573886
0.0105348837	0.0182650799
0.0105426357	0.0182727713
0.0105503876	0.0182804627
0.0105581395	0.0182881541
0.0105658915	0.0182958454
0.0105736434	0.0183035368
0.0105813953	0.0183112282
0.0105891473	0.0183189196
0.0105968992	0.0183266109
0.0106046512	0.0183343023
0.0106124031	0.0183419937
0.0106201550	0.0183496851
0.0106279070	0.0183573765
0.0106356589	0.0183650678
0.0106434109	0.0183727592
0.0106511628	0.0183804506
0.0106589147	0.0183881420
0.0106666667	0.0183958333
0.0106744186	0.0184035247
0.0106821705	0.0184112161
0.0106899225	0.0184189075
0.0106976744	0.0184265988
0.0107054264	0.0184342902
0.0107131783	0.0184419816
0.0107209302	0.0184496730
0.0107286822	0.0184573643
0.0107364341	0.0184650557
0.0107441860	0.0184727471
0.0107519380	0.0184804385
0.0107596899	0.0184881298
0.0107674419	0.0184958212
0.0107751938	0.0185035126
0.0107829457	0.0185112040
0.0107906977	0.0185188953
0.0107984496	0.0185265867
0.0108062016	0.0185342781
0.0108139535	0.0185419695
0.0108217054	0.0185496609
0.0108294574	0.0185573522
0.0108372093	0.0185650436
0.0108449612	0.0185727350
0.0108527132	0.0185804264
0.0108604651	0.0185881177
0.0108682171	0.0185958091
0.0108759690	0.0186035005
0.0108837209	0.0186111919
0.0108914729	0.0186188832
0.0108992248	0.0186265746
0.0109069767	0.0186342660
0.0109147287	0.0186419574
0.0109224806	0.0186496487
0.0109302326	0.0186573401
0.0109379845	0.0186650315
0.0109457364	0.0186727229
0.0109534884	0.0186804142
0.0109612403	0.0186881056
0.0109689922	0.0186957970
0.0109767442	0.0187034884
0.0109844961	0.0187111797
0.0109922481	0.0187188711
0.0110000000	0.0187265625
0.0110077519	0.0187342539
0.0110155039	0.0187419453
0.0110232558	0.0187496366
0.0110310078	0.0187573280
0.0110387597	0.0187650194
0.0110465116	0.0187727108
0.0110542636	0.0187804021
0.0110620155	0.0187880935
0.0110697674	0.0187957849
0.0110775194	0.0188034763
0.0110852713	0.0188111676
0.0110930233	0.0188188590
0.0111007752	0.0188265504
0.0111085271	0.0188342418
0.0111162791	0.0188419331
0.0111240310	0.0188496245
0.0111317829	0.0188573159
0.0111395349	0.0188650073
0.0111472868	0.0188726986
0.0111550388	0.0188803900
0.0111627907	0.0188880814
0.0111705426	0.0188957728
0.0111782946	0.0189034641
0.0111860465	0.0189111555
0.0111937984	0.0189188469
0.0112015504	0.0189265383
0.0112093023	0.0189342297
0.0112170543	0.0189419210
0.0112248062	0.0189496124
0.0112325581	0.0189573038
0.0112403101	0.0189649952
0.0112480620	0.0189726865
0.0112558140	0.0189803779
0.0112635659	0.0189880693
0.0112713178	0.0189957607
0.0112790698	0.0190034520
0.0112868217	0.0190111434
0.0112945736	0.0190188348
0.0113023256	0.0190265262
0.0113100775	0.0190342175
0.0113178295	0.0190419089
0.0113255814	0.0190496003
0.0113333333	0.0190572917
0.0113410853	0.0190649830
0.0113488372	0.0190726744
0.0113565891	0.0190803658
0.0113643411	0.0190880572
0.0113720930	0.0190957485
0.0113798450	0.0191034399
0.0113875969	0.0191111313
0.0113953488	0.0191188227
0.0114031008	0.0191265141
0.0114108527	0.0191342054
0.0114186047	0.0191418968
0.0114263566	0.0191495882
0.0114341085	0.0191572796
0.0114418605	0.0191649709
0.0114496124	0.0191726623
0.0114573643	0.0191803537
0.0114651163	0.0191880451
0.0114728682	0.0191957364
0.0114806202	0.0192034278
0.0114883721	0.0192111192
0.0114961240	0.0192188106
0.0115038760	0.0192265019
0.0115116279	0.0192341933
0.0115193798	0.0192418847
0.0115271318	0.0192495761
0.0115348837	0.0192572674
0.0115426357	0.0192649588
0.0115503876	0.0192726502
0.0115581395	0.0192803416
0.0115658915	0.0192880329
0.0115736434	0.0192957243
0.0115813953	0.0193034157
0.0115891473	0.0193111071
0.0115968992	0.0193187984
0.0116046512	0.0193264898
0.0116124031	0.0193341812
0.0116201550	0.0193418726
0.0116279070	0.0193495640
0.0116356589	0.0193572553
0.0116434109	0.0193649467
0.0116511628	0.0193726381
0.0116589147	0.0193803295
0.0116666667	0.0193880208
0.0116744186	0.0193957122
0.0116821705	0.0194034036
0.0116899225	0.0194110950
0.0116976744	0.0194187863
0.0117054264	0.0194264777
0.0117131783	0.0194341691
0.0117209302	0.0194418605
0.0117286822	0.0194495518
0.0117364341	0.0194572432
0.0117441860	0.0194649346
0.0117519380	0.0194726260
0.0117596899	0.0194803173
0.0117674419	0.0194880087
0.0117751938	0.0194957001
0.0117829457	0.0195033915
0.0117906977	0.0195110828
0.0117984496	0.0195187742
0.0118062016	0.0195264656
0.0118139535	0.0195341570
0.0118217054	0.0195418484
0.0118294574	0.0195495397
0.0118372093	0.0195572311
0.0118449612	0.0195649225
0.0118527132	0.0195726139
0.0118604651	0.0195803052
0.0118682171	0.0195879966
0.0118759690	0.0195956880
0.0118837209	0.0196033794
0.0118914729	0.0196110707
0.0118992248	0.0196187621
0.0119069767	0.0196264535
0.0119147287	0.0196341449
0.0119224806	0.0196418362
0.0119302326	0.0196495276
0.0119379845	0.0196572190
0.0119457364	0.0196649104
0.0119534884	0.0196726017
0.0119612403	0.0196802931
0.0119689922	0.0196879845
0.0119767442	0.0196956759
0.0119844961	0.0197033672
0.0119922481	0.0197110586
0.0120000000	0.0197187500
0.0120077519	0.0197264414
0.0120155039	0.0197341328
0.0120232558	0.0197418241
0.0120310078	0.0197495155
0.0120387597	0.0197572069
0.0120465116	0.0197648983
0.0120542636	0.0197725896
0.0120620155	0.0197802810
0.0120697674	0.0197879724
0.0120775194	0.0197956638
0.0120852713	0.0198033551
0.0120930233	0.0198110465
0.0121007752	0.0198187379
0.0121085271	0.0198264293
0.0121162791	0.0198341206
0.0121240310	0.0198418120
0.0121317829	0.0198495034
0.0121395349	0.0198571948
0.0121472868	0.0198648861
0.0121550388	0.0198725775
0.0121627907	0.0198802689
0.0121705426	0.0198879603
0.0121782946	0.0198956516
0.0121860465	0.0199033430
0.0121937984	0.0199110344
0.0122015504	0.0199187258
0.0122093023	0.0199264172
0.0122170543	0.0199341085
0.0122248062	0.0199417999
0.0122325581	0.0199494913
0.0122403101	0.0199571827
0.0122480620	0.0199648740
0.0122558140	0.0199725654
0.0122635659	0.0199802568
0.0122713178	0.0199879482
0.0122790698	0.0199956395
0.0122868217	0.0200033309
0.0122945736	0.0200110223
0.0123023256	0.0200187137
0.0123100775	0.0200264050
0.0123178295	0.0200340964
0.0123255814	0.0200417878
0.0123333333	0.0200494792
0.0123410853	0.0200571705
0.0123488372	0.0200648619
0.0123565891	0.0200725533
0.0123643411	0.0200802447
0.0123720930	0.0200879360
0.0123798450	0.0200956274
0.0123875969	0.0201033188
0.0123953488	0.0201110102
0.0124031008	0.0201187016
0.0124108527	0.0201263929
0.0124186047	0.0201340843
0.0124263566	0.0201417757
0.0124341085	0.0201494671
0.0124418605	0.0201571584
0.0124496124	0.0201648498
0.0124573643	0.0201725412
0.0124651163	0.0201802326
0.0124728682	0.0201879239
0.0124806202	0.0201956153
0.0124883721	0.0202033067
0.0124961240	0.0202109981
0.0125038760	0.0202186894
0.0125116279	0.0202263808
0.0125193798	0.0202340722
0.0125271318	0.0202417636
0.0125348837	0.0202494549
0.0125426357	0.0202571463
0.0125503876	0.0202648377
0.0125581395	0.0202725291
0.0125658915	0.0202802204
0.0125736434	0.0202879118
0.0125813953	0.0202956032
0.0125891473	0.0203032946
0.0125968992	0.0203109859
0.0126046512	0.0203186773
0.0126124031	0.0203263687
0.0126201550	0.0203340601
0.0126279070	0.0203417515
0.0126356589	0.0203494428
0.0126434109	0.0203571342
0.0126511628	0.0203648256
0.0126589147	0.0203725170
0.0126666667	0.0203802083
0.0126744186	0.0203878997
0.0126821705	0.0203955911
0.0126899225	0.0204032825
0.0126976744	0.0204109738
0.0127054264	0.0204186652
0.0127131783	0.0204263566
0.0127209302	0.0204340480
0.0127286822	0.0204417393
0.0127364341	0.0204494307
0.0127441860	0.0204571221
0.0127519380	0.0204648135
0.0127596899	0.0204725048
0.0127674419	0.0204801962
0.0127751938	0.0204878876
0.0127829457	0.0204955790
0.0127906977	0.0205032703
0.0127984496	0.0205109617
0.0128062016	0.0205186531
0.0128139535	0.0205263445
0.0128217054	0.0205340359
0.0128294574	0.0205417272
0.0128372093	0.0205494186
0.0128449612	0.0205571100
0.0128527132	0.0205648014
0.0128604651	0.0205724927
0.0128682171	0.0205801841
0.0128759690	0.0205878755
0.0128837209	0.0205955669
0.0128914729	0.0206032582
0.0128992248	0.0206109496
0.0129069767	0.0206186410
0.0129147287	0.0206263324
0.0129224806	0.0206340237
0.0129302326	0.0206417151
0.0129379845	0.0206494065
0.0129457364	0.0206570979
0.0129534884	0.0206647892
0.0129612403	0.0206724806
0.0129689922	0.0206801720
0.0129767442	0.0206878634
0.0129844961	0.0206955547
0.0129922481	0.0207032461
0.0130000000	0.0207109375
0.0130077519	0.0207186289
0.0130155039	0.0207263203
0.0130232558	0.0207340116
0.0130310078	0.0207417030
0.0130387597	0.0207493944
0.0130465116	0.0207570858
0.0130542636	0.0207647771
0.0130620155	0.0207724685
0.0130697674	0.0207801599
0.0130775194	0.0207878513
0.0130852713	0.0207955426
0.0130930233	0.0208032340
0.0131007752	0.0208109254
0.0131085271	0.0208186168
0.0131162791	0.0208263081
0.0131240310	0.0208339995
0.0131317829	0.0208416909
0.0131395349	0.0208493823
0.0131472868	0.0208570736
0.0131550388	0.0208647650
0.0131627907	0.0208724564
0.0131705426	0.0208801478
0.0131782946	0.0208878391
0.0131860465	0.0208955305
0.0131937984	0.0209032219
0.0132015504	0.0209109133
0.0132093023	0.0209186047
0.0132170543	0.0209262960
0.0132248062	0.0209339874
0.0132325581	0.0209416788
0.0132403101	0.0209493702
0.0132480620	0.0209570615
0.0132558140	0.0209647529
0.0132635659	0.0209724443
0.0132713178	0.0209801357
0.0132790698	0.0209878270
0.0132868217	0.0209955184
0.0132945736	0.0210032098
0.0133023256	0.0210109012
0.0133100775	0.0210185925
0.0133178295	0.0210262839
0.0133255814	0.0210339753
0.0133333333	0.0210416667
0.0133410853	0.0210493580
0.0133488372	0.0210570494
0.0133565891	0.0210647408
0.0133643411	0.0210724322
0.0133720930	0.0210801235
0.0133798450	0.0210878149
0.0133875969	0.0210955063
0.0133953488	0.0211031977
0.0134031008	0.0211108891
0.0134108527	0.0211185804
0.0134186047	0.0211262718
0.0134263566	0.0211339632
0.0134341085	0.0211416546
0.0134418605	0.0211493459
0.0134496124	0.0211570373
0.0134573643	0.0211647287
0.0134651163	0.0211724201
0.0134728682	0.0211801114
0.0134806202	0.0211878028
0.0134883721	0.0211954942
0.0134961240	0.0212031856
0.0135038760	0.0212108769
0.0135116279	0.0212185683
0.0135193798	0.0212262597
0.0135271318	0.0212339511
0.0135348837	0.0212416424
0.0135426357	0.0212493338
0.0135503876	0.0212570252
0.0135581395	0.0212647166
0.0135658915	0.0212724079
0.0135736434	0.0212800993
0.0135813953	0.0212877907
0.0135891473	0.0212954821
0.0135968992	0.0213031734
0.0136046512	0.0213108648
0.0136124031	0.0213185562
0.0136201550	0.0213262476
0.0136279070	0.0213339390
0.0136356589	0.0213416303
0.0136434109	0.0213493217
0.0136511628	0.0213570131
0.0136589147	0.0213647045
0.0136666667	0.0213723958
0.0136744186	0.0213800872
0.0136821705	0.0213877786
0.0136899225	0.0213954700
0.0136976744	0.0214031613
0.0137054264	0.0214108527
0.0137131783	0.0214185441
0.0137209302	0.0214262355
0.0137286822	0.0214339268
0.0137364341	0.0214416182
0.0137441860	0.0214493096
0.0137519380	0.0214570010
0.0137596899	0.0214646923
0.0137674419	0.0214723837
0.0137751938	0.0214800751
0.0137829457	0.0214877665
0.0137906977	0.0214954578
0.0137984496	0.0215031492
0.0138062016	0.0215108406
0.0138139535	0.0215185320
0.0138217054	0.0215262234
0.0138294574	0.0215339147
0.0138372093	0.0215416061
0.0138449612	0.0215492975
0.0138527132	0.0215569889
0.0138604651	0.0215646802
0.0138682171	0.0215723716
0.0138759690	0.0215800630
0.0138837209	0.0215877544
0.0138914729	0.0215954457
0.0138992248	0.0216031371
0.0139069767	0.0216108285
0.0139147287	0.0216185199
0.0139224806	0.0216262112
0.0139302326	0.0216339026
0.0139379845	0.0216415940
0.0139457364	0.0216492854
0.0139534884	0.0216569767
0.0139612403	0.0216646681
0.0139689922	0.0216723595
0.0139767442	0.0216800509
0.0139844961	0.0216877422
0.0139922481	0.0216954336
0.0140000000	0.0217031250
0.0140077519	0.0217108164
0.0140155039	0.0217185078
0.0140232558	0.0217261991
0.0140310078	0.0217338905
0.0140387597	0.0217415819
0.0140465116	0.0217492733
0.0140542636	0.0217569646
0.0140620155	0.0217646560
0.0140697674	0.0217723474
0.0140775194	0.0217800388
0.0140852713	0.0217877301
0.0140930233	0.0217954215
0.0141007752	0.0218031129
0.0141085271	0.0218108043
0.0141162791	0.0218184956
0.0141240310	0.0218261870
0.0141317829	0.0218338784
0.0141395349	0.0218415698
0.0141472868	0.0218492611
0.0141550388	0.0218569525
0.0141627907	0.0218646439
0.0141705426	0.0218723353
0.0141782946	0.0218800266
0.0141860465	0.0218877180
0.0141937984	0.0218954094
0.0142015504	0.0219031008
0.0142093023	0.0219107922
0.0142170543	0.0219184835
0.0142248062	0.0219261749
0.0142325581	0.0219338663
0.0142403101	0.0219415577
0.0142480620	0.0219492490
0.0142558140	0.0219569404
0.0142635659	0.0219646318
0.0142713178	0.0219723232
0.0142790698	0.0219800145
0.0142868217	0.0219877059
0.0142945736	0.0219953973
0.0143023256	0.0220030887
0.0143100775	0.0220107800
0.0143178295	0.0220184714
0.0143255814	0.0220261628
0.0143333333	0.0220338542
0.0143410853	0.0220415455
0.0143488372	0.0220492369
0.0143565891	0.0220569283
0.0143643411	0.0220646197
0.0143720930	0.0220723110
0.0143798450	0.0220800024
0.0143875969	0.0220876938
0.0143953488	0.0220953852
0.0144031008	0.0221030766
0.0144108527	0.0221107679
0.0144186047	0.0221184593
0.0144263566	0.0221261507
0.0144341085	0.0221338421
0.0144418605	0.0221415334
0.0144496124	0.0221492248
0.0144573643	0.0221569162
0.0144651163	0.0221646076
0.0144728682	0.0221722989
0.0144806202	0.0221799903
0.0144883721	0.0221876817
0.0144961240	0.0221953731
0.0145038760	0.0222030644
0.0145116279	0.0222107558
0.0145193798	0.0222184472
0.0145271318	0.0222261386
0.0145348837	0.0222338299
0.0145426357	0.0222415213
0.0145503876	0.0222492127
0.0145581395	0.0222569041
0.0145658915	0.0222645954
0.0145736434	0.0222722868
0.0145813953	0.0222799782
0.0145891473	0.0222876696
0.0145968992	0.0222953609
0.0146046512	0.0223030523
0.0146124031	0.0223107437
0.0146201550	0.0223184351
0.0146279070	0.0223261265
0.0146356589	0.0223338178
0.0146434109	0.0223415092
0.0146511628	0.0223492006
0.0146589147	0.0223568920
0.0146666667	0.0223645833
0.0146744186	0.0223722747
0.0146821705	0.0223799661
0.0146899225	0.0223876575
0.0146976744	0.0223953488
0.0147054264	0.0224030402
0.0147131783	0.0224107316
0.0147209302	0.0224184230
0.0147286822	0.0224261143
0.0147364341	0.0224338057
0.0147441860	0.0224414971
0.0147519380	0.0224491885
0.0147596899	0.0224568798
0.0147674419	0.0224645712
0.0147751938	0.0224722626
0.0147829457	0.0224799540
0.0147906977	0.0224876453
0.0147984496	0.0224953367
0.0148062016	0.0225030281
0.0148139535	0.0225107195
0.0148217054	0.0225184109
0.0148294574	0.0225261022
0.0148372093	0.0225337936
0.0148449612	0.0225414850
0.0148527132	0.0225491764
0.0148604651	0.0225568677
0.0148682171	0.0225645591
0.0148759690	0.0225722505
0.0148837209	0.0225799419
0.0148914729	0.0225876332
0.0148992248	0.0225953246
0.0149069767	0.0226030160
0.0149147287	0.0226107074
0.0149224806	0.0226183987
0.0149302326	0.0226260901
0.0149379845	0.0226337815
0.0149457364	0.0226414729
0.0149534884	0.0226491642
0.0149612403	0.0226568556
0.0149689922	0.0226645470
0.0149767442	0.0226722384
0.0149844961	0.0226799297
0.0149922481	0.0226876211
0.0150000000	0.0226953125
0.0150077519	0.0227030039
0.0150155039	0.0227106953
0.0150232558	0.0227183866
0.0150310078	0.0227260780
0.0150387597	0.0227337694
0.0150465116	0.0227414608
0.0150542636	0.0227491521
0.0150620155	0.0227568435
0.0150697674	0.0227645349
0.0150775194	0.0227722263
0.0150852713	0.0227799176
0.0150930233	0.0227876090
0.0151007752	0.0227953004
0.0151085271	0.0228029918
0.0151162791	0.0228106831
0.0151240310	0.0228183745
0.0151317829	0.0228260659
0.0151395349	0.0228337573
0.0151472868	0.0228414486
0.0151550388	0.0228491400
0.0151627907	0.0228568314
0.0151705426	0.0228645228
0.0151782946	0.0228722141
0.0151860465	0.0228799055
0.0151937984	0.0228875969
0.0152015504	0.0228952883
0.0152093023	0.0229029797
0.0152170543	0.0229106710
0.0152248062	0.0229183624
0.0152325581	0.0229260538
0.0152403101	0.0229337452
0.0152480620	0.0229414365
0.0152558140	0.0229491279
0.0152635659	0.0229568193
0.0152713178	0.0229645107
0.0152790698	0.0229722020
0.0152868217	0.0229798934
0.0152945736	0.0229875848
0.0153023256	0.0229952762
0.0153100775	0.0230029675
0.0153178295	0.0230106589
0.0153255814	0.0230183503
0.0153333333	0.0230260417
0.0153410853	0.0230337330
0.0153488372	0.0230414244
0.0153565891	0.0230491158
0.0153643411	0.0230568072
0.0153720930	0.0230644985
0.0153798450	0.0230721899
0.0153875969	0.0230798813
0.0153953488	0.0230875727
0.0154031008	0.0230952641
0.0154108527	0.0231029554
0.0154186047	0.0231106468
0.0154263566	0.0231183382
0.0154341085	0.0231260296
0.0154418605	0.0231337209
0.0154496124	0.0231414123
0.0154573643	0.0231491037
0.0154651163	0.0231567951
0.0154728682	0.0231644864
0.0154806202	0.0231721778
0.0154883721	0.0231798692
0.0154961240	0.0231875606
