0.0075141791	0.0152679746	0.0029241886	-0.0046212380
0.0075141791	0.0077537955	0.0031656294	-0.0032968225
0.0087875485	0.0165313958	0.0034197281	-0.0054043632
0.0087875485	0.0077438473	0.0037020840	-0.0038555094
0.0146636469	0.0223615872	0.0057064477	-0.0090181777
0.0146636469	0.0076979403	0.0061776106	-0.0064336291
0.0092353725	0.0169757212	0.0035940016	-0.0056797761
0.0092353725	0.0077403487	0.0038907467	-0.0040519907
0.0095473716	0.0172852828	0.0037154179	-0.0058716562
0.0095473716	0.0077379112	0.0040221880	-0.0041888794
0.0014536754	0.0092548185	0.0005657066	-0.0008940138
0.0014536754	0.0078011432	0.0006124152	-0.0006377955
0.0066182002	0.0143789956	0.0025755130	-0.0040702089
0.0066182002	0.0077607953	0.0027881648	-0.0029037146
0.0122169999	0.0199340546	0.0047543201	-0.0075134840
0.0122169999	0.0077170547	0.0051468689	-0.0053601704
0.0092295443	0.0169699385	0.0035917335	-0.0056761917
0.0092295443	0.0077403942	0.0038882913	-0.0040494336
0.0042681410	0.0120472961	0.0016609731	-0.0026249169
0.0042681410	0.0077791551	0.0017981143	-0.0018726335
0.0090080875	0.0167502119	0.0035055522	-0.0055399952
0.0090080875	0.0077421243	0.0037949943	-0.0039522702
0.0068168454	0.0145760888	0.0026528170	-0.0041923761
0.0068168454	0.0077592434	0.0028718515	-0.0029908695
0.0048296638	0.0126044320	0.0018794931	-0.0029702547
0.0048296638	0.0077747683	0.0020346768	-0.0021189998
0.0111242651	0.0188498568	0.0043290756	-0.0068414495
0.0111242651	0.0077255917	0.0046865134	-0.0048807364
0.0021034249	0.0098994919	0.0008185606	-0.0012936113
0.0021034249	0.0077960670	0.0008861465	-0.0009228711
0.0072256980	0.0149817472	0.0028119244	-0.0044438214
0.0072256980	0.0077560492	0.0030440960	-0.0031702523
0.0130310946	0.0207417891	0.0050711299	-0.0080141541
0.0130310946	0.0077106946	0.0054898367	-0.0057173519
0.0075777243	0.0153310233	0.0029489176	-0.0046603184
0.0075777243	0.0077532990	0.0031924002	-0.0033247028
0.0008803947	0.0086860166	0.0003426110	-0.0005414448
0.0008803947	0.0078056219	0.0003708992	-0.0003862704
0.0104641771	0.0181949257	0.0040721984	-0.0064354938
0.0104641771	0.0077307486	0.0044084266	-0.0045911249
0.0139333823	0.0216370278	0.0054222607	-0.0085690633
0.0139333823	0.0077036455	0.0058699593	-0.0061132278
0.0140540227	0.0217567256	0.0054692087	-0.0086432574
0.0140540227	0.0077027029	0.0059207835	-0.0061661584
0.0064824607	0.0142443164	0.0025226891	-0.0039867287
0.0064824607	0.0077618558	0.0027309794	-0.0028441593
0.0056936697	0.0134616879	0.0022157263	-0.0035016204
0.0056936697	0.0077680182	0.0023986716	-0.0024980797
0.0030131986	0.0108021580	0.0011726046	-0.0018531243
0.0030131986	0.0077889594	0.0012694228	-0.0013220314
0.0074540712	0.0152083362	0.0029007973	-0.0045842715
0.0074540712	0.0077542651	0.0031403067	-0.0032704504
0.0087967419	0.0165405174	0.0034233058	-0.0054100172
0.0087967419	0.0077437755	0.0037059571	-0.0038595429
0.0037724465	0.0115554743	0.0014680706	-0.0023200636
0.0037724465	0.0077830278	0.0015892844	-0.0016551491
0.0068597782	0.0146186862	0.0026695246	-0.0042187799
0.0068597782	0.0077589080	0.0028899386	-0.0030097062
0.0106788432	0.0184079148	0.0041557370	-0.0065675140
0.0106788432	0.0077290715	0.0044988628	-0.0046853090
0.0079081031	0.0156588210	0.0030774866	-0.0048635022
0.0079081031	0.0077507179	0.0033315847	-0.0034696554
0.0027573444	0.0105483026	0.0010730374	-0.0016957734
0.0027573444	0.0077909582	0.0011616346	-0.0012097762
0.0110599009	0.0187859954	0.0043040279	-0.0068018653
0.0110599009	0.0077260945	0.0046593976	-0.0048524968
0.0082692506	0.0160171471	0.0032180293	-0.0050856088
0.0082692506	0.0077478965	0.0034837316	-0.0036281078
0.0065194989	0.0142810653	0.0025371028	-0.0040095073
0.0065194989	0.0077615664	0.0027465832	-0.0028604097
0.0091474343	0.0168884700	0.0035597799	-0.0056256939
0.0091474343	0.0077410357	0.0038536994	-0.0040134081
0.0135104277	0.0212173774	0.0052576654	-0.0083089451
0.0135104277	0.0077069498	0.0056917738	-0.0059276578
0.0043673201	0.0121457004	0.0016995693	-0.0026859122
0.0043673201	0.0077783803	0.0018398972	-0.0019161480
0.0112059763	0.0189309296	0.0043608740	-0.0068917020
0.0112059763	0.0077249533	0.0047209373	-0.0049165870
0.0086252615	0.0163703766	0.0033565731	-0.0053045563
0.0086252615	0.0077451151	0.0036337145	-0.0037843064
0.0107404862	0.0184690762	0.0041797257	-0.0066054246
0.0107404862	0.0077285900	0.0045248322	-0.0047123547
0.0153817538	0.0230740839	0.0059859033	-0.0094598151
0.0153817538	0.0076923300	0.0064801400	-0.0067486963
0.0049633651	0.0127370888	0.0019315238	-0.0030524813
0.0049633651	0.0077737237	0.0020910035	-0.0021776609
0.0136995494	0.0214050216	0.0053312632	-0.0084252554
0.0136995494	0.0077054723	0.0057714484	-0.0060106343
0.0029340849	0.0107236623	0.0011418170	-0.0018044692
0.0029340849	0.0077895775	0.0012360932	-0.0012873205
0.0024528898	0.0102462266	0.0009545570	-0.0015085331
0.0024528898	0.0077933368	0.0010333717	-0.0010761977
0.0109009502	0.0186282865	0.0042421713	-0.0067041103
0.0109009502	0.0077273363	0.0045924336	-0.0047827577
0.0098700848	0.0176054748	0.0038410037	-0.0060701256
0.0098700848	0.0077353900	0.0041581430	-0.0043304688
0.0070110079	0.0147687344	0.0027283765	-0.0043117865
0.0070110079	0.0077577265	0.0029536497	-0.0030760577
0.0142880510	0.0219889256	0.0055602822	-0.0087871853
0.0142880510	0.0077008746	0.0060193767	-0.0062688376
0.0009887714	0.0087935466	0.0003847864	-0.0006080968
0.0009887714	0.0078047752	0.0004165570	-0.0004338204
0.0103117946	0.0180437337	0.0040128978	-0.0063417782
0.0103117946	0.0077319391	0.0043442298	-0.0045242675
0.0040037362	0.0117849571	0.0015580784	-0.0024623073
0.0040037362	0.0077812208	0.0016867239	-0.0017566267
0.0055965732	0.0133653499	0.0021779406	-0.0034419058
0.0055965732	0.0077687768	0.0023577661	-0.0024554789
0.0086789007	0.0164235968	0.0033774472	-0.0053375446
0.0086789007	0.0077446961	0.0036563121	-0.0038078405
0.0121901178	0.0199073825	0.0047438587	-0.0074969514
0.0121901178	0.0077172647	0.0051355438	-0.0053483760
0.0123997908	0.0201154174	0.0048254542	-0.0076259008
0.0123997908	0.0077156266	0.0052238764	-0.0054403693
0.0110455582	0.0187717648	0.0042984464	-0.0067930446
0.0110455582	0.0077262066	0.0046533552	-0.0048462040
0.0056099761	0.0133786482	0.0021831564	-0.0034501486
0.0056099761	0.0077686721	0.0023634126	-0.0024613594
0.0067068485	0.0144669513	0.0026100110	-0.0041247278
0.0067068485	0.0077601027	0.0028255112	-0.0029426088
0.0068362048	0.0145952969	0.0026603508	-0.0042042822
0.0068362048	0.0077590922	0.0028800074	-0.0029993634
0.0103018976	0.0180339140	0.0040090463	-0.0063356915
0.0103018976	0.0077320164	0.0043400603	-0.0045199253
0.0087516054	0.0164957335	0.0034057406	-0.0053822581
0.0087516054	0.0077441281	0.0036869416	-0.0038397394
0.0072006449	0.0149568898	0.0028021749	-0.0044284137
0.0072006449	0.0077562450	0.0030335414	-0.0031592604
0.0055356353	0.0133048882	0.0021542263	-0.0034044289
0.0055356353	0.0077692528	0.0023320938	-0.0024287426
0.0105314133	0.0182616367	0.0040983638	-0.0064768442
0.0105314133	0.0077302233	0.0044367524	-0.0046206246
0.0119213665	0.0196407308	0.0046392725	-0.0073316687
0.0119213665	0.0077193643	0.0050223222	-0.0052304622
0.0004204915	0.0082297064	0.0001636368	-0.0002586033
0.0004204915	0.0078092149	0.0001771478	-0.0001844893
0.0107444841	0.0184730428	0.0041812815	-0.0066078833
0.0107444841	0.0077285587	0.0045265164	-0.0047141087
0.0071424491	0.0148991487	0.0027795276	-0.0043926232
0.0071424491	0.0077566996	0.0030090243	-0.0031337272
0.0074122462	0.0151668380	0.0028845208	-0.0045585490
0.0074122462	0.0077545918	0.0031226864	-0.0032520998
0.0119284081	0.0196477174	0.0046420128	-0.0073359993
0.0119284081	0.0077193093	0.0050252888	-0.0052335517
0.0110066028	0.0187331137	0.0042832866	-0.0067690869
0.0110066028	0.0077265109	0.0046369438	-0.0048291125
0.0040960574	0.0118765569	0.0015940057	-0.0025190850
0.0040960574	0.0077804996	0.0017256176	-0.0017971323
0.0036941321	0.0114777717	0.0014375940	-0.0022719000
0.0036941321	0.0077836396	0.0015562915	-0.0016207889
0.0007832971	0.0085896776	0.0003048249	-0.0004817296
0.0007832971	0.0078063805	0.0003299933	-0.0003436692
0.0126925869	0.0204059260	0.0049393976	-0.0078059711
0.0126925869	0.0077133392	0.0053472277	-0.0055688327
0.0103809392	0.0181123381	0.0040398058	-0.0063843023
0.0103809392	0.0077313989	0.0043733595	-0.0045546045
0.0065267683	0.0142882779	0.0025399317	-0.0040139780
0.0065267683	0.0077615096	0.0027496457	-0.0028635991
0.0099940046	0.0177284265	0.0038892279	-0.0061463366
0.0099940046	0.0077344218	0.0042103488	-0.0043848382
0.0050755176	0.0128483651	0.0019751686	-0.0031214554
0.0050755176	0.0077728475	0.0021382519	-0.0022268674
0.0041639940	0.0119439628	0.0016204437	-0.0025608662
0.0041639940	0.0077799688	0.0017542384	-0.0018269393
0.0094047282	0.0171437538	0.0036599074	-0.0057839302
0.0094047282	0.0077390256	0.0039620941	-0.0041262950
0.0097024605	0.0174391600	0.0037757717	-0.0059670363
0.0097024605	0.0077366995	0.0040875250	-0.0042569241
0.0089492647	0.0166918485	0.0034826609	-0.0055038190
0.0089492647	0.0077425839	0.0037702130	-0.0039264618
0.0135460080	0.0212526798	0.0052715116	-0.0083308271
0.0135460080	0.0077066718	0.0057067633	-0.0059432685
0.0021010688	0.0098971542	0.0008176437	-0.0012921623
0.0021010688	0.0077960854	0.0008851539	-0.0009218373
0.0044589863	0.0122366505	0.0017352417	-0.0027422872
0.0044589863	0.0077776642	0.0018785150	-0.0019563663
0.0025896450	0.0103819134	0.0010077761	-0.0015926378
0.0025896450	0.0077922684	0.0010909850	-0.0011361986
0.0144204543	0.0221202945	0.0056118078	-0.0088686137
0.0144204543	0.0076998402	0.0060751566	-0.0063269291
0.0090588980	0.0168006253	0.0035253254	-0.0055712438
0.0090588980	0.0077417274	0.0038164001	-0.0039745631
0.0032496414	0.0110367536	0.0012646178	-0.0019985372
0.0032496414	0.0077871122	0.0013690332	-0.0014257700
0.0003873535	0.0081968273	0.0001507410	-0.0002382233
0.0003873535	0.0078094738	0.0001631872	-0.0001699501
0.0009320529	0.0087372712	0.0003627141	-0.0005732147
0.0009320529	0.0078052183	0.0003926622	-0.0004089353
0.0112145790	0.0189394651	0.0043642219	-0.0068969928
0.0112145790	0.0077248861	0.0047245615	-0.0049203614
0.0095723729	0.0173100888	0.0037251473	-0.0058870321
0.0095723729	0.0077377158	0.0040327207	-0.0041998486
0.0070366377	0.0147941640	0.0027383505	-0.0043275489
0.0070366377	0.0077575263	0.0029644473	-0.0030873028
0.0058358254	0.0136027330	0.0022710471	-0.0035890465
0.0058358254	0.0077669076	0.0024585601	-0.0025604501
0.0059650808	0.0137309786	0.0023213476	-0.0036685388
0.0059650808	0.0077658978	0.0025130137	-0.0026171605
0.0124599023	0.0201750593	0.0048488470	-0.0076628695
0.0124599023	0.0077151570	0.0052492006	-0.0054667431
0.0017856007	0.0095841507	0.0006948774	-0.0010981487
0.0017856007	0.0077985500	0.0007522512	-0.0007834267
0.0026278360	0.0104198061	0.0010226384	-0.0016161254
0.0026278360	0.0077919700	0.0011070744	-0.0011529548
0.0063877297	0.0141503256	0.0024858240	-0.0039284689
0.0063877297	0.0077625959	0.0026910704	-0.0028025964
0.0125882306	0.0203023850	0.0048987867	-0.0077417917
0.0125882306	0.0077141544	0.0053032637	-0.0055230467
0.0029338322	0.0107234117	0.0011417187	-0.0018043138
0.0029338322	0.0077895794	0.0012359867	-0.0012872097
0.0104671688	0.0181978940	0.0040733626	-0.0064373337
0.0104671688	0.0077307252	0.0044096870	-0.0045924375
0.0154409910	0.0231328583	0.0060089559	-0.0094962462
0.0154409910	0.0076918673	0.0065050959	-0.0067746864
0.0107192286	0.0184479846	0.0041714532	-0.0065923510
0.0107192286	0.0077287560	0.0045158766	-0.0047030279
0.0145016655	0.0222008713	0.0056434116	-0.0089185588
0.0145016655	0.0076992057	0.0061093699	-0.0063625603
0.0057928933	0.0135601363	0.0022543398	-0.0035626431
0.0057928933	0.0077672430	0.0024404733	-0.0025416138
0.0081458979	0.0158947581	0.0031700259	-0.0050097466
0.0081458979	0.0077488602	0.0034317647	-0.0035739872
0.0088867547	0.0166298270	0.0034583348	-0.0054653753
0.0088867547	0.0077430722	0.0037438783	-0.0038990358
0.0125369894	0.0202515442	0.0048788459	-0.0077102783
0.0125369894	0.0077145548	0.0052816764	-0.0055005648
0.0076351510	0.0153880013	0.0029712656	-0.0046956360
0.0076351510	0.0077528504	0.0032165934	-0.0033498985
0.0103173429	0.0180492387	0.0040150570	-0.0063451904
0.0103173429	0.0077318958	0.0043465672	-0.0045267019
0.0047234655	0.0124990634	0.0018381654	-0.0029049425
0.0047234655	0.0077755979	0.0019899368	-0.0020724057
0.0084038833	0.0161507280	0.0032704225	-0.0051684082
0.0084038833	0.0077468447	0.0035404507	-0.0036871775
0.0014068467	0.0092083557	0.0005474830	-0.0008652140
0.0014068467	0.0078015090	0.0005926869	-0.0006172496
0.0070126215	0.0147703353	0.0027290044	-0.0043127789
0.0070126215	0.0077577139	0.0029543295	-0.0030767657
0.0078017367	0.0155532857	0.0030360934	-0.0047980866
0.0078017367	0.0077515489	0.0032867739	-0.0034229875
0.0034453087	0.0112308922	0.0013407629	-0.0021188730
0.0034453087	0.0077855835	0.0014514654	-0.0015116184
0.0151177946	0.0228121869	0.0058831820	-0.0092974796
0.0151177946	0.0076943922	0.0063689373	-0.0066328850
0.0070450414	0.0148025020	0.0027416208	-0.0043327172
0.0070450414	0.0077574606	0.0029679876	-0.0030909898
0.0014313596	0.0092326771	0.0005570223	-0.0008802895
0.0014313596	0.0078013175	0.0006030138	-0.0006280045
0.0034262767	0.0112120089	0.0013333565	-0.0021071683
0.0034262767	0.0077857322	0.0014434474	-0.0015032682
0.0132503565	0.0209593381	0.0051564571	-0.0081490007
0.0132503565	0.0077089816	0.0055822091	-0.0058135524
0.0140343861	0.0217372425	0.0054615670	-0.0086311808
0.0140343861	0.0077028564	0.0059125109	-0.0061575429
0.0097473471	0.0174836959	0.0037932396	-0.0059946416
0.0097473471	0.0077363489	0.0041064351	-0.0042766180
0.0042740124	0.0120531217	0.0016632580	-0.0026285278
0.0042740124	0.0077791093	0.0018005878	-0.0018752096
0.0008904997	0.0086960427	0.0003465434	-0.0005476594
0.0008904997	0.0078055430	0.0003751564	-0.0003907040
0.0149120595	0.0226080591	0.0058031189	-0.0091709520
0.0149120595	0.0076959995	0.0062822637	-0.0065426194
0.0085323070	0.0162781483	0.0033203993	-0.0052473891
0.0085323070	0.0077458414	0.0035945540	-0.0037435229
0.0074681672	0.0152223222	0.0029062828	-0.0045929406
0.0074681672	0.0077541549	0.0031462452	-0.0032766350
0.0103038912	0.0180358920	0.0040098221	-0.0063369176
0.0103038912	0.0077320009	0.0043409002	-0.0045208000
0.0101562627	0.0178894169	0.0039523716	-0.0062461257
0.0101562627	0.0077331542	0.0042787061	-0.0044560284
0.0039343472	0.0117161101	0.0015310752	-0.0024196329
0.0039343472	0.0077817629	0.0016574911	-0.0017261825
0.0092398713	0.0169801848	0.0035957523	-0.0056825428
0.0092398713	0.0077403135	0.0038926419	-0.0040539646
0.0059712776	0.0137371270	0.0023237591	-0.0036723499
0.0059712776	0.0077658494	0.0025156244	-0.0026198793
0.0118096211	0.0195298584	0.0045957861	-0.0072629450
0.0118096211	0.0077202373	0.0049752453	-0.0051814342
0.0113297220	0.0190537086	0.0044090305	-0.0069678060
0.0113297220	0.0077239865	0.0047730698	-0.0049708800
0.0130922021	0.0208024192	0.0050949103	-0.0080517354
0.0130922021	0.0077102172	0.0055155806	-0.0057441626
0.0058689333	0.0136355822	0.0022839312	-0.0036094079
0.0058689333	0.0077666490	0.0024725080	-0.0025749761
0.0074767319	0.0152308200	0.0029096159	-0.0045982079
0.0074767319	0.0077540880	0.0031498534	-0.0032803927
0.0044871432	0.0122645874	0.0017461991	-0.0027596037
0.0044871432	0.0077774442	0.0018903772	-0.0019687200
0.0017378800	0.0095368028	0.0006763066	-0.0010688003
0.0017378800	0.0077989228	0.0007321471	-0.0007624894
0.0082461897	0.0159942663	0.0032090550	-0.0050714262
0.0082461897	0.0077480766	0.0034740163	-0.0036179899
0.0073473032	0.0151024024	0.0028592479	-0.0045186089
0.0073473032	0.0077550992	0.0030953267	-0.0032236062
0.0039672249	0.0117487310	0.0015438698	-0.0024398528
0.0039672249	0.0077815061	0.0016713421	-0.0017406075
0.0106424069	0.0183717631	0.0041415576	-0.0065451055
0.0106424069	0.0077293562	0.0044835126	-0.0046693226
0.0036520513	0.0114360197	0.0014212181	-0.0022460203
0.0036520513	0.0077839683	0.0015385634	-0.0016023261
0.0002920870	0.0081023050	0.0001136674	-0.0001796342
0.0002920870	0.0078102181	0.0001230526	-0.0001281522
0.0138733956	0.0215775096	0.0053989165	-0.0085321712
0.0138733956	0.0077041141	0.0058446876	-0.0060869088
0.0008040612	0.0086102795	0.0003129053	-0.0004944996
0.0008040612	0.0078062183	0.0003387409	-0.0003527794
0.0052345129	0.0130061183	0.0020370426	-0.0032192379
0.0052345129	0.0077716054	0.0022052346	-0.0022966261
0.0059488595	0.0137148840	0.0023150350	-0.0036585627
0.0059488595	0.0077660245	0.0025061799	-0.0026100435
0.0056385008	0.0134069500	0.0021942570	-0.0034676914
0.0056385008	0.0077684492	0.0023754297	-0.0024738746
0.0122124198	0.0199295102	0.0047525377	-0.0075106672
0.0122124198	0.0077170905	0.0051449393	-0.0053581609
0.0120649315	0.0197831743	0.0046951417	-0.0074199616
0.0120649315	0.0077182427	0.0050828044	-0.0052934509
0.0042222180	0.0120017319	0.0016431019	-0.0025966741
0.0042222180	0.0077795139	0.0017787675	-0.0018524849
0.0031447877	0.0109327190	0.0012238133	-0.0019340519
0.0031447877	0.0077879313	0.0013248596	-0.0013797657
0.0049869662	0.0127605055	0.0019407083	-0.0030669961
0.0049869662	0.0077735393	0.0021009463	-0.0021880158
0.0071568775	0.0149134644	0.0027851425	-0.0044014967
0.0071568775	0.0077565869	0.0030151028	-0.0031400576
0.0137625391	0.0214675192	0.0053557761	-0.0084639942
0.0137625391	0.0077049802	0.0057979852	-0.0060382709
0.0059666997	0.0137325849	0.0023219776	-0.0036695345
0.0059666997	0.0077658852	0.0025136958	-0.0026178708
0.0092235868	0.0169640275	0.0035894151	-0.0056725278
0.0092235868	0.0077404407	0.0038857815	-0.0040468198
0.0104852051	0.0182157895	0.0040803815	-0.0064484261
0.0104852051	0.0077305843	0.0044172855	-0.0046003509
0.0070555720	0.0148129503	0.0027457189	-0.0043391936
0.0070555720	0.0077573783	0.0029724240	-0.0030956101
0.0093502060	0.0170896575	0.0036386897	-0.0057503989
0.0093502060	0.0077394515	0.0039391246	-0.0041023736
0.0120807266	0.0197988459	0.0047012885	-0.0074296756
0.0120807266	0.0077181193	0.0050894586	-0.0053003809
0.0011624153	0.0089658339	0.0004523610	-0.0007148882
0.0011624153	0.0078034186	0.0004897110	-0.0005100061
0.0024864880	0.0102795623	0.0009676320	-0.0015291960
0.0024864880	0.0077930743	0.0010475262	-0.0010909388
0.0068773006	0.0146360717	0.0026763435	-0.0042295562
0.0068773006	0.0077587711	0.0028973205	-0.0030173941
0.0136333121	0.0213393019	0.0053054866	-0.0083845194
0.0136333121	0.0077059897	0.0057435435	-0.0059815730
0.0083163563	0.0160638848	0.0032363608	-0.0051145789
0.0083163563	0.0077475285	0.0035035766	-0.0036487753
0.0007080501	0.0085150185	0.0002755420	-0.0004354525
0.0007080501	0.0078069684	0.0002982926	-0.0003106548
0.0087424917	0.0164866910	0.0034021940	-0.0053766532
0.0087424917	0.0077441993	0.0036831021	-0.0038357408
0.0073468693	0.0151019719	0.0028590790	-0.0045183421
0.0073468693	0.0077551026	0.0030951439	-0.0032234159
0.0114394315	0.0191625609	0.0044517245	-0.0070352775
0.0114394315	0.0077231294	0.0048192890	-0.0050190147
0.0072997690	0.0150552396	0.0028407496	-0.0044893753
0.0072997690	0.0077554706	0.0030753012	-0.0032027508
0.0052739335	0.0130452309	0.0020523834	-0.0032434817
0.0052739335	0.0077712974	0.0022218421	-0.0023139218
0.0143201659	0.0220207896	0.0055727799	-0.0088069361
0.0143201659	0.0077006237	0.0060329064	-0.0062829279
0.0075174654	0.0152712352	0.0029254675	-0.0046232591
0.0075174654	0.0077537698	0.0031670139	-0.0032982644
0.0045454200	0.0123224089	0.0017688779	-0.0027954441
0.0045454200	0.0077769889	0.0019149284	-0.0019942888
0.0133793024	0.0210872766	0.0052066372	-0.0082283028
0.0133793024	0.0077079742	0.0056365324	-0.0058701270
0.0113367221	0.0190606540	0.0044117546	-0.0069721110
0.0113367221	0.0077239319	0.0047760189	-0.0049739513
0.0086769931	0.0164217041	0.0033767048	-0.0053363714
0.0086769931	0.0077447110	0.0036555084	-0.0038070035
0.0096636542	0.0174006569	0.0037606700	-0.0059431703
0.0096636542	0.0077370027	0.0040711763	-0.0042398980
0.0140706541	0.0217732271	0.0054756809	-0.0086534857
0.0140706541	0.0077025730	0.0059277902	-0.0061734554
0.0102672941	0.0179995808	0.0039955801	-0.0063144103
0.0102672941	0.0077322868	0.0043254823	-0.0045047431
0.0094692728	0.0172077941	0.0036850253	-0.0058236253
0.0094692728	0.0077385213	0.0039892859	-0.0041546138
0.0037666103	0.0115496837	0.0014657994	-0.0023164743
0.0037666103	0.0077830734	0.0015868257	-0.0016525885
0.0004310413	0.0082401738	0.0001677424	-0.0002650914
0.0004310413	0.0078091325	0.0001815923	-0.0001891180
0.0151308170	0.0228251075	0.0058882497	-0.0093054884
0.0151308170	0.0076942905	0.0063744235	-0.0066385985
0.0109021310	0.0186294581	0.0042426308	-0.0067048365
0.0109021310	0.0077273271	0.0045929311	-0.0047832758
0.0120495475	0.0197679104	0.0046891549	-0.0074105003
0.0120495475	0.0077183629	0.0050763233	-0.0052867012
0.0096263741	0.0173636680	0.0037461622	-0.0059202429
0.0096263741	0.0077372940	0.0040554707	-0.0042235415
0.0001515135	0.0079628298	0.0000589624	-0.0000931812
0.0001515135	0.0078113163	0.0000638307	-0.0000664761
0.0023101829	0.0101046346	0.0008990218	-0.0014207680
0.0023101829	0.0077944517	0.0009732511	-0.0010135855
0.0046794379	0.0124553798	0.0018210318	-0.0028778654
0.0046794379	0.0077759419	0.0019713885	-0.0020530887
0.0074915892	0.0152455612	0.0029153976	-0.0046073452
0.0074915892	0.0077539720	0.0031561126	-0.0032869113
0.0041921518	0.0119719007	0.0016314015	-0.0025781833
0.0041921518	0.0077797488	0.0017661010	-0.0018392935
0.0022402389	0.0100352370	0.0008718026	-0.0013777523
0.0022402389	0.0077949981	0.0009437846	-0.0009828978
0.0100714656	0.0178052823	0.0039193723	-0.0061939753
0.0100714656	0.0077338167	0.0042429822	-0.0044188240
0.0025149710	0.0103078228	0.0009787163	-0.0015467131
0.0025149710	0.0077928518	0.0010595257	-0.0011034356
0.0083681566	0.0161152803	0.0032565192	-0.0051464362
0.0083681566	0.0077471238	0.0035253994	-0.0036715025
0.0076517296	0.0154044505	0.0029777173	-0.0047058319
0.0076517296	0.0077527209	0.0032235778	-0.0033571724
0.0114392747	0.0191624054	0.0044516635	-0.0070351811
0.0114392747	0.0077231307	0.0048192230	-0.0050189459
0.0146244861	0.0223227323	0.0056912080	-0.0089940937
0.0146244861	0.0076982462	0.0061611126	-0.0064164474
0.0134129526	0.0211206639	0.0052197323	-0.0082489977
0.0134129526	0.0077077113	0.0056507087	-0.0058848909
0.0023903435	0.0101841690	0.0009302168	-0.0014700670
0.0023903435	0.0077938254	0.0010070218	-0.0010487557
0.0038719679	0.0116542182	0.0015067999	-0.0023812695
0.0038719679	0.0077822503	0.0016312115	-0.0016988138
0.0018295759	0.0096277824	0.0007119906	-0.0011251936
0.0018295759	0.0077982064	0.0007707774	-0.0008027207
0.0002083628	0.0080192349	0.0000810856	-0.0001281436
0.0002083628	0.0078108722	0.0000877806	-0.0000914185
0.0008784961	0.0086841329	0.0003418721	-0.0005402772
0.0008784961	0.0078056367	0.0003700994	-0.0003854374
0.0007604155	0.0085669748	0.0002959203	-0.0004676573
0.0007604155	0.0078065593	0.0003203535	-0.0003336299
0.0011082926	0.0089121340	0.0004312988	-0.0006816026
0.0011082926	0.0078038415	0.0004669098	-0.0004862599
0.0095414845	0.0172794416	0.0037131269	-0.0058680356
0.0095414845	0.0077379572	0.0040197078	-0.0041862964
0.0087261173	0.0164704445	0.0033958218	-0.0053665829
0.0087261173	0.0077443272	0.0036762038	-0.0038285566
0.0033649125	0.0111511241	0.0013094762	-0.0020694292
0.0033649125	0.0077862116	0.0014175954	-0.0014763448
0.0122115873	0.0199286842	0.0047522137	-0.0075101552
0.0122115873	0.0077170970	0.0051445886	-0.0053577956
0.0053772973	0.0131477872	0.0020926081	-0.0033070506
0.0053772973	0.0077704899	0.0022653879	-0.0023592723
0.0098628381	0.0175982846	0.0038381836	-0.0060656689
0.0098628381	0.0077354466	0.0041550900	-0.0043272893
0.0108418118	0.0185696101	0.0042191572	-0.0066677400
0.0108418118	0.0077277983	0.0045675194	-0.0047568109
0.0087117396	0.0164561791	0.0033902266	-0.0053577406
0.0087117396	0.0077444395	0.0036701467	-0.0038222484
0.0008886619	0.0086942193	0.0003458282	-0.0005465292
0.0008886619	0.0078055573	0.0003743821	-0.0003898976
0.0079258803	0.0156764594	0.0030844047	-0.0048744352
0.0079258803	0.0077505791	0.0033390740	-0.0034774552
0.0103123377	0.0180442725	0.0040131091	-0.0063421122
0.0103123377	0.0077319349	0.0043444586	-0.0045245058
0.0084208121	0.0161675245	0.0032770104	-0.0051788195
0.0084208121	0.0077467124	0.0035475826	-0.0036946049
0.0085657825	0.0163113624	0.0033334265	-0.0052679766
0.0085657825	0.0077455798	0.0036086568	-0.0037582102
0.0059302555	0.0136964253	0.0023077951	-0.0036471212
0.0059302555	0.0077661699	0.0024983423	-0.0026018810
0.0007691235	0.0085756148	0.0002993091	-0.0004730128
0.0007691235	0.0078064912	0.0003240221	-0.0003374505
0.0065216581	0.0142832077	0.0025379430	-0.0040108352
0.0065216581	0.0077615495	0.0027474928	-0.0028613571
0.0112505921	0.0189751969	0.0043782366	-0.0069191409
0.0112505921	0.0077246047	0.0047397334	-0.0049361620
0.0080681629	0.0158176303	0.0031397748	-0.0049619393
0.0080681629	0.0077494675	0.0033990159	-0.0035398812
0.0062756894	0.0140391606	0.0024422228	-0.0038595639
0.0062756894	0.0077634712	0.0026438693	-0.0027534391
0.0151181610	0.0228125504	0.0058833246	-0.0092977050
0.0151181610	0.0076943894	0.0063690917	-0.0066330458
0.0114197890	0.0191430719	0.0044440806	-0.0070231974
0.0114197890	0.0077232829	0.0048110139	-0.0050103966
0.0088956623	0.0166386649	0.0034618013	-0.0054708535
0.0088956623	0.0077430026	0.0037476310	-0.0039029439
0.0050251064	0.0127983478	0.0019555508	-0.0030904524
0.0050251064	0.0077732414	0.0021170143	-0.0022047497
0.0113861884	0.0191097338	0.0044310047	-0.0070025329
0.0113861884	0.0077235454	0.0047968584	-0.0049956545
0.0013383773	0.0091404212	0.0005208377	-0.0008231052
0.0013383773	0.0078020439	0.0005638416	-0.0005872088
0.0038990285	0.0116810673	0.0015173307	-0.0023979118
0.0038990285	0.0077820388	0.0016426118	-0.0017106865
0.0099563244	0.0176910406	0.0038745644	-0.0061231631
0.0099563244	0.0077347162	0.0041944746	-0.0043683061
0.0018956437	0.0096933340	0.0007377013	-0.0011658254
0.0018956437	0.0077976903	0.0007986109	-0.0008317077
0.0025715351	0.0103639450	0.0010007286	-0.0015815002
0.0025715351	0.0077924099	0.0010833555	-0.0011282530
0.0025899552	0.0103822212	0.0010078969	-0.0015928286
0.0025899552	0.0077922660	0.0010911157	-0.0011363347
0.0122892712	0.0200057613	0.0047824449	-0.0075579310
0.0122892712	0.0077164901	0.0051773159	-0.0053918792
0.0022532658	0.0100481622	0.0008768721	-0.0013857638
0.0022532658	0.0077948964	0.0009492726	-0.0009886133
0.0095982636	0.0173357771	0.0037352228	-0.0059029549
0.0095982636	0.0077375136	0.0040436281	-0.0042112080
0.0005635790	0.0083716761	0.0002193202	-0.0003466024
0.0005635790	0.0078080970	0.0002374288	-0.0002472685
0.0025264466	0.0103192087	0.0009831821	-0.0015537707
0.0025264466	0.0077927621	0.0010643603	-0.0011084705
0.0019319603	0.0097293669	0.0007518341	-0.0011881602
0.0019319603	0.0077974066	0.0008139107	-0.0008476415
0.0148430430	0.0225395818	0.0057762608	-0.0091285067
0.0148430430	0.0076965387	0.0062531879	-0.0065123386
0.0077133247	0.0154655644	0.0030016874	-0.0047437130
0.0077133247	0.0077522397	0.0032495270	-0.0033841970
0.0007910970	0.0085974165	0.0003078602	-0.0004865265
0.0007910970	0.0078063196	0.0003332792	-0.0003470913
0.0042292711	0.0120087299	0.0016458467	-0.0026010118
0.0042292711	0.0077794588	0.0017817389	-0.0018555794
0.0015335576	0.0093340767	0.0005967933	-0.0009431416
0.0015335576	0.0078005191	0.0006460686	-0.0006728436
0.0091935436	0.0169342191	0.0035777236	-0.0056540512
0.0091935436	0.0077406754	0.0038731247	-0.0040336384
0.0006342677	0.0084418125	0.0002468291	-0.0003900761
0.0006342677	0.0078075448	0.0002672090	-0.0002782830
0.0014064164	0.0092079288	0.0005473155	-0.0008649495
0.0014064164	0.0078015124	0.0005925056	-0.0006170608
0.0004990912	0.0083076920	0.0001942244	-0.0003069423
0.0004990912	0.0078086009	0.0002102609	-0.0002189747
0.0101047385	0.0178382952	0.0039323206	-0.0062144382
0.0101047385	0.0077335567	0.0042569996	-0.0044334223
0.0044038203	0.0121819155	0.0017137735	-0.0027083600
0.0044038203	0.0077780952	0.0018552743	-0.0019321624
0.0001723112	0.0079834650	0.0000670560	-0.0001059718
0.0001723112	0.0078111538	0.0000725925	-0.0000756010
0.0116703519	0.0193916773	0.0045415886	-0.0071772941
0.0116703519	0.0077213254	0.0049165729	-0.0051203303
0.0045516378	0.0123285781	0.0017712976	-0.0027992680
0.0045516378	0.0077769403	0.0019175479	-0.0019970168
0.0083181620	0.0160656764	0.0032370635	-0.0051156894
0.0083181620	0.0077475144	0.0035043374	-0.0036495675
0.0088220516	0.0165656293	0.0034331552	-0.0054255827
0.0088220516	0.0077435777	0.0037166197	-0.0038706475
0.0104934979	0.0182240175	0.0040836087	-0.0064535262
0.0104934979	0.0077305195	0.0044207791	-0.0046039893
0.0061552685	0.0139196804	0.0023953603	-0.0037855047
0.0061552685	0.0077644120	0.0025931374	-0.0027006047
0.0119241090	0.0196434519	0.0046403398	-0.0073333553
0.0119241090	0.0077193429	0.0050234776	-0.0052316654
0.0042647608	0.0120439424	0.0016596577	-0.0026228380
0.0042647608	0.0077791816	0.0017966902	-0.0018711504
0.0112966910	0.0190209356	0.0043961762	-0.0069474918
0.0112966910	0.0077242446	0.0047591543	-0.0049563877
0.0122592661	0.0199759906	0.0047707682	-0.0075394778
0.0122592661	0.0077167245	0.0051646751	-0.0053787146
0.0050900023	0.0128627366	0.0019808054	-0.0031303635
0.0050900023	0.0077727344	0.0021443541	-0.0022332225
0.0078977697	0.0156485683	0.0030734652	-0.0048571471
0.0078977697	0.0077507987	0.0033272313	-0.0034651217
0.0055430765	0.0133122712	0.0021571220	-0.0034090052
0.0055430765	0.0077691947	0.0023352286	-0.0024320074
0.0065304294	0.0142919105	0.0025413565	-0.0040162296
0.0065304294	0.0077614810	0.0027511880	-0.0028652054
0.0103748661	0.0181063125	0.0040374424	-0.0063805673
0.0103748661	0.0077314464	0.0043708010	-0.0045519400
0.0119844750	0.0197033463	0.0046638316	-0.0073704806
0.0119844750	0.0077188713	0.0050489091	-0.0052581509
0.0102634567	0.0179957735	0.0039940868	-0.0063120503
0.0102634567	0.0077323167	0.0043238656	-0.0045030595
0.0059736871	0.0137395176	0.0023246968	-0.0036738317
0.0059736871	0.0077658306	0.0025166395	-0.0026209365
0.0023470346	0.0101411984	0.0009133628	-0.0014434319
0.0023470346	0.0077941638	0.0009887763	-0.0010297541
0.0019955770	0.0097924866	0.0007765910	-0.0012272846
0.0019955770	0.0077969096	0.0008407116	-0.0008755532
0.0015620187	0.0093623154	0.0006078691	-0.0009606452
0.0015620187	0.0078002967	0.0006580589	-0.0006853308
0.0062688033	0.0140323283	0.0024395431	-0.0038553290
0.0062688033	0.0077635250	0.0026409682	-0.0027504178
0.0152175050	0.0229111183	0.0059219849	-0.0093588018
0.0152175050	0.0076936132	0.0064109441	-0.0066766326
0.0139250988	0.0216288090	0.0054190372	-0.0085639688
0.0139250988	0.0077037102	0.0058664695	-0.0061095934
0.0130655992	0.0207760242	0.0050845576	-0.0080353746
0.0130655992	0.0077104250	0.0055043731	-0.0057324907
0.0093211557	0.0170608341	0.0036273846	-0.0057325329
0.0093211557	0.0077396785	0.0039268860	-0.0040896278
0.0102191161	0.0179517793	0.0039768314	-0.0062847807
0.0102191161	0.0077326632	0.0043051855	-0.0044836052
0.0071645897	0.0149211163	0.0027881438	-0.0044062397
0.0071645897	0.0077565266	0.0030183518	-0.0031434413
0.0049334643	0.0127074216	0.0019198877	-0.0030340922
0.0049334643	0.0077739573	0.0020784066	-0.0021645420
0.0151067469	0.0228012254	0.0058788827	-0.0092906852
0.0151067469	0.0076944785	0.0063642830	-0.0066280378
0.0120329096	0.0197514025	0.0046826802	-0.0074002680
0.0120329096	0.0077184929	0.0050693139	-0.0052794014
0.0147329459	0.0224303448	0.0057334158	-0.0090607968
0.0147329459	0.0076973989	0.0062068054	-0.0064640338
0.0024475645	0.0102409429	0.0009524847	-0.0015052580
0.0024475645	0.0077933784	0.0010311282	-0.0010738613
0.0048458045	0.0126204466	0.0018857744	-0.0029801813
0.0048458045	0.0077746422	0.0020414767	-0.0021260815
0.0053089632	0.0130799869	0.0020660154	-0.0032650250
0.0053089632	0.0077710237	0.0022365996	-0.0023292910
0.0014743207	0.0092753026	0.0005737409	-0.0009067108
0.0014743207	0.0078009819	0.0006211128	-0.0006468536
0.0065184089	0.0142799838	0.0025366786	-0.0040088369
0.0065184089	0.0077615749	0.0027461239	-0.0028599315
0.0058737730	0.0136403841	0.0022858146	-0.0036123843
0.0058737730	0.0077666111	0.0024745469	-0.0025770995
0.0027563168	0.0105472830	0.0010726375	-0.0016951414
0.0027563168	0.0077909663	0.0011612017	-0.0012093253
0.0112992014	0.0190234264	0.0043971532	-0.0069490357
0.0112992014	0.0077242250	0.0047602119	-0.0049574892
0.0007038130	0.0085108144	0.0002738931	-0.0004328467
0.0007038130	0.0078070015	0.0002965076	-0.0003087957
0.0043156677	0.0120944516	0.0016794684	-0.0026541459
0.0043156677	0.0077787838	0.0018181367	-0.0018934857
0.0116791500	0.0194004066	0.0045450125	-0.0071827050
0.0116791500	0.0077212566	0.0049202795	-0.0051241904
0.0153903751	0.0230826378	0.0059892584	-0.0094651173
0.0153903751	0.0076922627	0.0064837721	-0.0067524788
0.0123123417	0.0200286515	0.0047914229	-0.0075721194
0.0123123417	0.0077163098	0.0051870352	-0.0054020013
0.0070056257	0.0147633942	0.0027262820	-0.0043084764
0.0070056257	0.0077577685	0.0029513823	-0.0030736963
0.0083053941	0.0160530083	0.0032320948	-0.0051078371
0.0083053941	0.0077476141	0.0034989584	-0.0036439656
0.0116282383	0.0193498927	0.0045251999	-0.0071513942
0.0116282383	0.0077216544	0.0048988310	-0.0051018531
0.0007188894	0.0085257731	0.0002797602	-0.0004421187
0.0007188894	0.0078068837	0.0003028591	-0.0003154105
0.0049070780	0.0126812414	0.0019096193	-0.0030178646
0.0049070780	0.0077741635	0.0020672904	-0.0021529651
0.0084188302	0.0161655581	0.0032762391	-0.0051776006
0.0084188302	0.0077467279	0.0035467476	-0.0036937354
0.0096830260	0.0174198773	0.0037682086	-0.0059550840
0.0096830260	0.0077368514	0.0040793374	-0.0042483973
0.0152387233	0.0229321708	0.0059302421	-0.0093718510
0.0152387233	0.0076934475	0.0064198831	-0.0066859421
0.0028617376	0.0106518802	0.0011136626	-0.0017599754
0.0028617376	0.0077901427	0.0012056142	-0.0012555784
0.0057401169	0.0135077722	0.0022338015	-0.0035301855
0.0057401169	0.0077676553	0.0024182393	-0.0025184583
0.0008825334	0.0086881386	0.0003434432	-0.0005427601
0.0008825334	0.0078056052	0.0003718002	-0.0003872087
0.0025063354	0.0102992547	0.0009753557	-0.0015414023
0.0025063354	0.0077929193	0.0010558877	-0.0010996468
0.0093721743	0.0171114542	0.0036472388	-0.0057639095
0.0093721743	0.0077392799	0.0039483795	-0.0041120121
0.0056108143	0.0133794799	0.0021834826	-0.0034506642
0.0056108143	0.0077686655	0.0023637657	-0.0024617272
0.0032159034	0.0110032791	0.0012514884	-0.0019777882
0.0032159034	0.0077873758	0.0013548198	-0.0014109675
0.0093523789	0.0170918134	0.0036395353	-0.0057517352
0.0093523789	0.0077394345	0.0039400400	-0.0041033269
0.0108086469	0.0185367043	0.0042062509	-0.0066473435
0.0108086469	0.0077280574	0.0045535474	-0.0047422599
0.0098708841	0.0176062679	0.0038413148	-0.0060706172
0.0098708841	0.0077353837	0.0041584797	-0.0043308195
0.0082277153	0.0159759362	0.0032018656	-0.0050600644
0.0082277153	0.0077482210	0.0034662333	-0.0036098843
0.0037549496	0.0115381140	0.0014612615	-0.0023093029
0.0037549496	0.0077831645	0.0015819132	-0.0016474723
0.0058937415	0.0136601967	0.0022935855	-0.0036246650
0.0058937415	0.0077664551	0.0024829594	-0.0025858606
0.0048639302	0.0126384307	0.0018928281	-0.0029913286
0.0048639302	0.0077745005	0.0020491128	-0.0021340341
0.0013573352	0.0091592310	0.0005282153	-0.0008347644
0.0013573352	0.0078018958	0.0005718283	-0.0005955266
0.0023941058	0.0101879019	0.0009316809	-0.0014723808
0.0023941058	0.0077937960	0.0010086068	-0.0010504064
0.0139063271	0.0216101840	0.0054117321	-0.0085524242
0.0139063271	0.0077038568	0.0058585613	-0.0061013574
0.0076254389	0.0153783651	0.0029674861	-0.0046896630
0.0076254389	0.0077529263	0.0032125018	-0.0033456374
0.0074471906	0.0152015095	0.0028981197	-0.0045800399
0.0074471906	0.0077543188	0.0031374080	-0.0032674315
0.0123206701	0.0200369148	0.0047946639	-0.0075772414
0.0123206701	0.0077162448	0.0051905438	-0.0054056554
0.0044000740	0.0121781984	0.0017123156	-0.0027060559
0.0044000740	0.0077781244	0.0018536960	-0.0019305187
0.0007825182	0.0085889048	0.0003045217	-0.0004812506
0.0007825182	0.0078063866	0.0003296651	-0.0003433274
0.0092689794	0.0170090655	0.0036070799	-0.0057004443
0.0092689794	0.0077400861	0.0039049048	-0.0040667356
0.0011864838	0.0089897144	0.0004617274	-0.0007296903
0.0011864838	0.0078032306	0.0004998507	-0.0005205660
0.0151440096	0.0228381971	0.0058933837	-0.0093136019
0.0151440096	0.0076941874	0.0063799814	-0.0066443868
0.0049386599	0.0127125766	0.0019219096	-0.0030372876
0.0049386599	0.0077739167	0.0020805955	-0.0021668216
0.0136769957	0.0213826442	0.0053224863	-0.0084113849
0.0136769957	0.0077056485	0.0057619468	-0.0060007390
0.0081457278	0.0158945893	0.0031699597	-0.0050096420
0.0081457278	0.0077488615	0.0034316930	-0.0035739126
0.0051319905	0.0129043968	0.0019971454	-0.0031561863
0.0051319905	0.0077724063	0.0021620432	-0.0022516447
0.0021304362	0.0099262922	0.0008290722	-0.0013102233
0.0021304362	0.0077958560	0.0008975261	-0.0009347222
0.0124357385	0.0201510843	0.0048394435	-0.0076480087
0.0124357385	0.0077153458	0.0052390207	-0.0054561413
0.0089598004	0.0167023019	0.0034867610	-0.0055102985
0.0089598004	0.0077425016	0.0037746516	-0.0039310843
0.0025701480	0.0103625687	0.0010001888	-0.0015806471
0.0025701480	0.0077924207	0.0010827711	-0.0011276444
0.0097228572	0.0174593973	0.0037837092	-0.0059795803
0.0097228572	0.0077365402	0.0040961178	-0.0042658731
0.0001427953	0.0079541797	0.0000555696	-0.0000878194
0.0001427953	0.0078113844	0.0000601579	-0.0000626510
0.0077694035	0.0155212050	0.0030235108	-0.0047782016
0.0077694035	0.0077518015	0.0032731523	-0.0034088014
0.0076476381	0.0154003910	0.0029761250	-0.0047033156
0.0076476381	0.0077527528	0.0032218541	-0.0033553773
0.0082315866	0.0159797774	0.0032033722	-0.0050624453
0.0082315866	0.0077481907	0.0034678642	-0.0036115828
0.0058645236	0.0136312070	0.0022822152	-0.0036066960
0.0058645236	0.0077666834	0.0024706503	-0.0025730414
0.0116614465	0.0193828414	0.0045381230	-0.0071718173
0.0116614465	0.0077213949	0.0049128212	-0.0051164231
0.0021269377	0.0099228210	0.0008277108	-0.0013080718
0.0021269377	0.0077958833	0.0008960522	-0.0009331873
0.0094910475	0.0172293987	0.0036934990	-0.0058370168
0.0094910475	0.0077383512	0.0039984593	-0.0041641673
0.0001133613	0.0079249757	0.0000441153	-0.0000697175
0.0001133613	0.0078116144	0.0000477577	-0.0000497369
0.0069866852	0.0147446017	0.0027189112	-0.0042968280
0.0069866852	0.0077579165	0.0029434029	-0.0030653862
0.0088384104	0.0165818604	0.0034395213	-0.0054356434
0.0088384104	0.0077434499	0.0037235115	-0.0038778249
0.0093021295	0.0170419566	0.0036199804	-0.0057208317
0.0093021295	0.0077398271	0.0039188705	-0.0040812802
0.0082513803	0.0159994164	0.0032110750	-0.0050746185
0.0082513803	0.0077480361	0.0034762030	-0.0036202672
0.0126891836	0.0204025493	0.0049380732	-0.0078038780
0.0126891836	0.0077133658	0.0053457939	-0.0055673395
0.0108715277	0.0185990939	0.0042307213	-0.0066860154
0.0108715277	0.0077275662	0.0045800383	-0.0047698487
0.0126826526	0.0203960694	0.0049355316	-0.0077998615
0.0126826526	0.0077134168	0.0053430425	-0.0055644741
0.0008065400	0.0086127389	0.0003138700	-0.0004960240
0.0008065400	0.0078061989	0.0003397852	-0.0003538669
0.0055520294	0.0133211541	0.0021606061	-0.0034145113
0.0055520294	0.0077691248	0.0023390004	-0.0024359355
0.0075300064	0.0152836782	0.0029303479	-0.0046309718
0.0075300064	0.0077536718	0.0031722973	-0.0033037667
0.0136580135	0.0213638102	0.0053150993	-0.0083997107
0.0136580135	0.0077057968	0.0057539498	-0.0059924106
0.0118574693	0.0195773328	0.0046144065	-0.0072923718
0.0118574693	0.0077198635	0.0049954031	-0.0052024275
0.0008251337	0.0086311873	0.0003211058	-0.0005074592
0.0008251337	0.0078060536	0.0003476185	-0.0003620248
0.0152953740	0.0229883789	0.0059522881	-0.0094066913
0.0152953740	0.0076930049	0.0064437493	-0.0067107974
0.0134806155	0.0211877982	0.0052460638	-0.0082906106
0.0134806155	0.0077071827	0.0056792143	-0.0059145778
0.0046579083	0.0124340184	0.0018126534	-0.0028646247
0.0046579083	0.0077761101	0.0019623184	-0.0020436427
0.0064484679	0.0142105893	0.0025094606	-0.0039658231
0.0064484679	0.0077621213	0.0027166587	-0.0028292451
0.0012737886	0.0090763371	0.0004957026	-0.0007833830
0.0012737886	0.0078025485	0.0005366312	-0.0005588708
0.0021187692	0.0099147163	0.0008245320	-0.0013030481
0.0021187692	0.0077959471	0.0008926109	-0.0009296033
0.0073492412	0.0151043252	0.0028600020	-0.0045198008
0.0073492412	0.0077550841	0.0030961432	-0.0032244565
0.0121880418	0.0199053228	0.0047430508	-0.0074956747
0.0121880418	0.0077172809	0.0051346692	-0.0053474652
0.0064738504	0.0142357735	0.0025193384	-0.0039814334
0.0064738504	0.0077619230	0.0027273520	-0.0028403816
0.0059206247	0.0136868699	0.0023040472	-0.0036411983
0.0059206247	0.0077662451	0.0024942850	-0.0025976555
0.0152274179	0.0229209537	0.0059258426	-0.0093648982
0.0152274179	0.0076935358	0.0064151202	-0.0066809819
0.0055447450	0.0133139267	0.0021577713	-0.0034100314
0.0055447450	0.0077691817	0.0023359315	-0.0024327395
0.0097580121	0.0174942776	0.0037973899	-0.0060012006
0.0097580121	0.0077362655	0.0041109282	-0.0042812972
0.0112694047	0.0189938624	0.0043855576	-0.0069307106
0.0112694047	0.0077244578	0.0047476589	-0.0049444160
0.0048318866	0.0126066375	0.0018803581	-0.0029716217
0.0048318866	0.0077747509	0.0020356132	-0.0021199751
0.0042423799	0.0120217363	0.0016509480	-0.0026090737
0.0042423799	0.0077793564	0.0017872615	-0.0018613309
0.0001480949	0.0079594379	0.0000576320	-0.0000910787
0.0001480949	0.0078113430	0.0000623905	-0.0000649762
0.0093937920	0.0171329030	0.0036556515	-0.0057772044
0.0093937920	0.0077391110	0.0039574868	-0.0041214968
0.0077978515	0.0155494308	0.0030345815	-0.0047956972
0.0077978515	0.0077515793	0.0032851371	-0.0034212829
0.0081886814	0.0159372073	0.0031866753	-0.0050360585
0.0081886814	0.0077485259	0.0034497888	-0.0035927583
0.0048292680	0.0126040393	0.0018793391	-0.0029700113
0.0048292680	0.0077747713	0.0020345100	-0.0021188262
0.0066381521	0.0143987916	0.0025832774	-0.0040824793
0.0066381521	0.0077606394	0.0027965703	-0.0029124684
0.0066796636	0.0144399787	0.0025994318	-0.0041080090
0.0066796636	0.0077603151	0.0028140585	-0.0029306815
0.0005938427	0.0084017033	0.0002310975	-0.0003652147
0.0005938427	0.0078078606	0.0002501785	-0.0002605466
0.0132663678	0.0209752243	0.0051626880	-0.0081588477
0.0132663678	0.0077088565	0.0055889544	-0.0058205773
0.0044693927	0.0122469756	0.0017392914	-0.0027486871
0.0044693927	0.0077775829	0.0018828991	-0.0019609320
0.0013474490	0.0091494221	0.0005243680	-0.0008286844
0.0013474490	0.0078019731	0.0005676634	-0.0005911890
