0.1057182229	0.1127047993
0.1057182229	0.0069865764
0.3369020076	0.3420824607
0.3369020076	0.0051804531
0.3490579127	0.3541433977
0.3490579127	0.0050854851
0.4028981544	0.4075630126
0.4028981544	0.0046648582
0.0416973536	0.0491840930
0.0416973536	0.0074867394
0.0038723216	0.0116545690
0.0038723216	0.0077822475
0.1747409467	0.1811882831
0.1747409467	0.0064473364
0.3518769719	0.3569404331
0.3518769719	0.0050634612
0.1787525675	0.1851685631
0.1787525675	0.0064159956
0.3967429340	0.4014558798
0.3967429340	0.0047129458
0.0545433567	0.0619297367
0.0545433567	0.0073863800
0.2812738515	0.2868888995
0.2812738515	0.0056150480
0.2746684122	0.2803350653
0.2746684122	0.0056666530
0.0761518498	0.0833694135
0.0761518498	0.0072175637
0.1866902976	0.1930442797
0.1866902976	0.0063539820
0.4046877777	0.4093386545
0.4046877777	0.0046508767
0.1872867659	0.1936360880
0.1872867659	0.0063493221
0.1139694216	0.1208915355
0.1139694216	0.0069221139
0.2424426732	0.2483610898
0.2424426732	0.0059184166
0.0026055727	0.0103977167
0.0026055727	0.0077921440
0.0431975748	0.0506725938
0.0431975748	0.0074750189
0.0365404002	0.0440674283
0.0365404002	0.0075270281
0.3468873281	0.3519897708
0.3468873281	0.0051024427
0.0619541447	0.0692826279
0.0619541447	0.0073284832
0.2056857353	0.2118913155
0.2056857353	0.0062055802
0.0999203043	0.1069521769
0.0999203043	0.0070318726
0.2993999924	0.3048734300
0.2993999924	0.0054734376
0.0320627777	0.0396247872
0.0320627777	0.0075620095
0.0151156431	0.0228100521
0.0151156431	0.0076944090
0.1550635738	0.1616646396
0.1550635738	0.0066010658
0.1840884497	0.1904627587
0.1840884497	0.0063743090
0.3363454751	0.3415302761
0.3363454751	0.0051848010
0.0142530209	0.0219541691
0.0142530209	0.0077011483
0.2411343468	0.2470629847
0.2411343468	0.0059286379
0.1122857320	0.1192209998
0.1122857320	0.0069352677
0.2746069542	0.2802740873
0.2746069542	0.0056671332
0.4099609118	0.4145705921
0.4099609118	0.0046096804
0.3501155530	0.3551927753
0.3501155530	0.0050772222
0.0010816436	0.0088856932
0.0010816436	0.0078040497
0.2291167569	0.2351392822
0.2291167569	0.0060225253
0.1603932505	0.1669526782
0.1603932505	0.0065594277
0.1205868247	0.1274572401
0.1205868247	0.0068704154
0.1669896677	0.1734975609
0.1669896677	0.0065078932
0.1990133958	0.2052711036
0.1990133958	0.0062577078
0.4015632690	0.4062385560
0.4015632690	0.0046752870
0.2902932335	0.2958378176
0.2902932335	0.0055445841
0.0101509013	0.0178840974
0.0101509013	0.0077331961
0.3803869002	0.3852276275
0.3803869002	0.0048407273
0.2903218507	0.2958662112
0.2903218507	0.0055443605
0.1119720038	0.1189097225
0.1119720038	0.0069377187
0.2023294112	0.2085612126
0.2023294112	0.0062318015
0.2707774827	0.2764745336
0.2707774827	0.0056970509
0.0883034319	0.0954260614
0.0883034319	0.0071226294
0.3780208997	0.3828801114
0.3780208997	0.0048592117
0.2033865741	0.2096101165
0.2033865741	0.0062235424
0.3545628433	0.3596053210
0.3545628433	0.0050424778
0.3132397523	0.3186050667
0.3132397523	0.0053653144
0.0948063750	0.1018782002
0.0948063750	0.0070718252
0.3009769585	0.3064380760
0.3009769585	0.0054611175
0.1926474490	0.1989548908
0.1926474490	0.0063074418
0.0681584712	0.0754384831
0.0681584712	0.0072800119
0.1188088782	0.1256931838
0.1188088782	0.0068843056
0.3578543077	0.3628710709
0.3578543077	0.0050167632
0.2440577146	0.2499635137
0.2440577146	0.0059057991
0.1476388979	0.1542979691
0.1476388979	0.0066590711
0.3486457819	0.3537344867
0.3486457819	0.0050887048
0.4017791091	0.4064527098
0.4017791091	0.0046736007
0.2089350952	0.2151152898
0.2089350952	0.0061801946
0.3846096836	0.3894174204
0.3846096836	0.0048077368
0.3755628984	0.3804413133
0.3755628984	0.0048784149
0.0519622971	0.0593688417
0.0519622971	0.0074065446
0.0407399115	0.0482341309
0.0407399115	0.0074942194
0.1905613712	0.1968851105
0.1905613712	0.0063237393
0.3553875383	0.3604235732
0.3553875383	0.0050360349
0.0403917309	0.0478886705
0.0403917309	0.0074969396
0.4173110955	0.4218633526
0.4173110955	0.0045522571
0.0038952918	0.0116773598
0.0038952918	0.0077820680
0.2174376570	0.2235514253
0.2174376570	0.0061137683
0.3448084655	0.3499271493
0.3448084655	0.0051186839
0.2914472099	0.2969827785
0.2914472099	0.0055355687
0.3426264825	0.3477622131
0.3426264825	0.0051357306
0.1380694605	0.1448032928
0.1380694605	0.0067338323
0.0416440794	0.0491312350
0.0416440794	0.0074871556
0.3960743681	0.4007925371
0.3960743681	0.0047181690
0.4059119563	0.4105532691
0.4059119563	0.0046413128
0.2673803577	0.2731039486
0.2673803577	0.0057235910
0.2500706157	0.2559294390
0.2500706157	0.0058588233
0.1151869124	0.1220995146
0.1151869124	0.0069126022
0.3077987275	0.3132065499
0.3077987275	0.0054078224
0.1355581600	0.1423116119
0.1355581600	0.0067534519
0.3216186889	0.3269185429
0.3216186889	0.0052998540
0.0604091863	0.0677497395
0.0604091863	0.0073405532
0.3412743221	0.3464206165
0.3412743221	0.0051462944
0.3519051990	0.3569684396
0.3519051990	0.0050632406
0.3804614243	0.3853015694
0.3804614243	0.0048401451
0.2703758750	0.2760760635
0.2703758750	0.0057001885
0.1626035517	0.1691457114
0.1626035517	0.0065421598
0.0038328815	0.0116154371
0.0038328815	0.0077825556
0.1198123279	0.1266887941
0.1198123279	0.0068764662
0.0349488670	0.0424883290
0.0349488670	0.0075394620
0.0179720503	0.0256441436
0.0179720503	0.0076720934
0.2894868851	0.2950377688
0.2894868851	0.0055508837
0.2624744911	0.2682364091
0.2624744911	0.0057619180
0.3451843474	0.3503000947
0.3451843474	0.0051157473
0.1914850304	0.1978015536
0.1914850304	0.0063165232
0.1819651008	0.1883559984
0.1819651008	0.0063908977
0.0366857421	0.0442116348
0.0366857421	0.0075258926
0.2030994018	0.2093251877
0.2030994018	0.0062257859
0.3063118884	0.3117313268
0.3063118884	0.0054194384
0.3909846199	0.3957425526
0.3909846199	0.0047579327
0.3076735662	0.3130823664
0.3076735662	0.0054088003
0.2838152204	0.2894104140
0.2838152204	0.0055951936
0.1398537622	0.1465736547
0.1398537622	0.0067198925
0.1522303989	0.1588535989
0.1522303989	0.0066232000
0.0914358329	0.0985339905
0.0914358329	0.0070981576
0.2821169893	0.2877254503
0.2821169893	0.0056084610
0.1405558341	0.1472702417
0.1405558341	0.0067144075
0.2653007000	0.2710405383
0.2653007000	0.0057398383
0.3183510056	0.3236763884
0.3183510056	0.0053253828
0.2756091651	0.2812684685
0.2756091651	0.0056593034
