0.0000000000	0.0039062500
0.0000038911	0.0039101259
0.0000077821	0.0039140017
0.0000116732	0.0039178776
0.0000155642	0.0039217534
0.0000194553	0.0039256293
0.0000233463	0.0039295051
0.0000272374	0.0039333810
0.0000311284	0.0039372568
0.0000350195	0.0039411327
0.0000389105	0.0039450085
0.0000428016	0.0039488844
0.0000466926	0.0039527602
0.0000505837	0.0039566361
0.0000544747	0.0039605119
0.0000583658	0.0039643878
0.0000622568	0.0039682636
0.0000661479	0.0039721395
0.0000700389	0.0039760153
0.0000739300	0.0039798912
0.0000778210	0.0039837670
0.0000817121	0.0039876429
0.0000856031	0.0039915187
0.0000894942	0.0039953946
0.0000933852	0.0039992704
0.0000972763	0.0040031463
0.0001011673	0.0040070221
0.0001050584	0.0040108980
0.0001089494	0.0040147738
0.0001128405	0.0040186497
0.0001167315	0.0040225255
0.0001206226	0.0040264014
0.0001245136	0.0040302772
0.0001284047	0.0040341531
0.0001322957	0.0040380289
0.0001361868	0.0040419048
0.0001400778	0.0040457806
0.0001439689	0.0040496565
0.0001478599	0.0040535323
0.0001517510	0.0040574082
0.0001556420	0.0040612840
0.0001595331	0.0040651599
0.0001634241	0.0040690357
0.0001673152	0.0040729116
0.0001712062	0.0040767875
0.0001750973	0.0040806633
0.0001789883	0.0040845392
0.0001828794	0.0040884150
0.0001867704	0.0040922909
0.0001906615	0.0040961667
0.0001945525	0.0041000426
0.0001984436	0.0041039184
0.0002023346	0.0041077943
0.0002062257	0.0041116701
0.0002101167	0.0041155460
0.0002140078	0.0041194218
0.0002178988	0.0041232977
0.0002217899	0.0041271735
0.0002256809	0.0041310494
0.0002295720	0.0041349252
0.0002334630	0.0041388011
0.0002373541	0.0041426769
0.0002412451	0.0041465528
0.0002451362	0.0041504286
0.0002490272	0.0041543045
0.0002529183	0.0041581803
0.0002568093	0.0041620562
0.0002607004	0.0041659320
0.0002645914	0.0041698079
0.0002684825	0.0041736837
0.0002723735	0.0041775596
0.0002762646	0.0041814354
0.0002801556	0.0041853113
0.0002840467	0.0041891871
0.0002879377	0.0041930630
0.0002918288	0.0041969388
0.0002957198	0.0042008147
0.0002996109	0.0042046905
0.0003035019	0.0042085664
0.0003073930	0.0042124422
0.0003112840	0.0042163181
0.0003151751	0.0042201939
0.0003190661	0.0042240698
0.0003229572	0.0042279456
0.0003268482	0.0042318215
0.0003307393	0.0042356973
0.0003346304	0.0042395732
0.0003385214	0.0042434491
0.0003424125	0.0042473249
0.0003463035	0.0042512008
0.0003501946	0.0042550766
0.0003540856	0.0042589525
0.0003579767	0.0042628283
0.0003618677	0.0042667042
0.0003657588	0.0042705800
0.0003696498	0.0042744559
0.0003735409	0.0042783317
0.0003774319	0.0042822076
0.0003813230	0.0042860834
0.0003852140	0.0042899593
0.0003891051	0.0042938351
0.0003929961	0.0042977110
0.0003968872	0.0043015868
0.0004007782	0.0043054627
0.0004046693	0.0043093385
0.0004085603	0.0043132144
0.0004124514	0.0043170902
0.0004163424	0.0043209661
0.0004202335	0.0043248419
0.0004241245	0.0043287178
0.0004280156	0.0043325936
0.0004319066	0.0043364695
0.0004357977	0.0043403453
0.0004396887	0.0043442212
0.0004435798	0.0043480970
0.0004474708	0.0043519729
0.0004513619	0.0043558487
0.0004552529	0.0043597246
0.0004591440	0.0043636004
0.0004630350	0.0043674763
0.0004669261	0.0043713521
0.0004708171	0.0043752280
0.0004747082	0.0043791038
0.0004785992	0.0043829797
0.0004824903	0.0043868555
0.0004863813	0.0043907314
0.0004902724	0.0043946072
0.0004941634	0.0043984831
0.0004980545	0.0044023589
0.0005019455	0.0044062348
0.0005058366	0.0044101107
0.0005097276	0.0044139865
0.0005136187	0.0044178624
0.0005175097	0.0044217382
0.0005214008	0.0044256141
0.0005252918	0.0044294899
0.0005291829	0.0044333658
0.0005330739	0.0044372416
0.0005369650	0.0044411175
0.0005408560	0.0044449933
0.0005447471	0.0044488692
0.0005486381	0.0044527450
0.0005525292	0.0044566209
0.0005564202	0.0044604967
0.0005603113	0.0044643726
0.0005642023	0.0044682484
0.0005680934	0.0044721243
0.0005719844	0.0044760001
0.0005758755	0.0044798760
0.0005797665	0.0044837518
0.0005836576	0.0044876277
0.0005875486	0.0044915035
0.0005914397	0.0044953794
0.0005953307	0.0044992552
0.0005992218	0.0045031311
0.0006031128	0.0045070069
0.0006070039	0.0045108828
0.0006108949	0.0045147586
0.0006147860	0.0045186345
0.0006186770	0.0045225103
0.0006225681	0.0045263862
0.0006264591	0.0045302620
0.0006303502	0.0045341379
0.0006342412	0.0045380137
0.0006381323	0.0045418896
0.0006420233	0.0045457654
0.0006459144	0.0045496413
0.0006498054	0.0045535171
0.0006536965	0.0045573930
0.0006575875	0.0045612688
0.0006614786	0.0045651447
0.0006653696	0.0045690205
0.0006692607	0.0045728964
0.0006731518	0.0045767723
0.0006770428	0.0045806481
0.0006809339	0.0045845240
0.0006848249	0.0045883998
0.0006887160	0.0045922757
0.0006926070	0.0045961515
0.0006964981	0.0046000274
0.0007003891	0.0046039032
0.0007042802	0.0046077791
0.0007081712	0.0046116549
0.0007120623	0.0046155308
0.0007159533	0.0046194066
0.0007198444	0.0046232825
0.0007237354	0.0046271583
0.0007276265	0.0046310342
0.0007315175	0.0046349100
0.0007354086	0.0046387859
0.0007392996	0.0046426617
0.0007431907	0.0046465376
0.0007470817	0.0046504134
0.0007509728	0.0046542893
0.0007548638	0.0046581651
0.0007587549	0.0046620410
0.0007626459	0.0046659168
0.0007665370	0.0046697927
0.0007704280	0.0046736685
0.0007743191	0.0046775444
0.0007782101	0.0046814202
0.0007821012	0.0046852961
0.0007859922	0.0046891719
0.0007898833	0.0046930478
0.0007937743	0.0046969236
0.0007976654	0.0047007995
0.0008015564	0.0047046753
0.0008054475	0.0047085512
0.0008093385	0.0047124270
0.0008132296	0.0047163029
0.0008171206	0.0047201787
0.0008210117	0.0047240546
0.0008249027	0.0047279304
0.0008287938	0.0047318063
0.0008326848	0.0047356821
0.0008365759	0.0047395580
0.0008404669	0.0047434339
0.0008443580	0.0047473097
0.0008482490	0.0047511856
0.0008521401	0.0047550614
0.0008560311	0.0047589373
0.0008599222	0.0047628131
0.0008638132	0.0047666890
0.0008677043	0.0047705648
0.0008715953	0.0047744407
0.0008754864	0.0047783165
0.0008793774	0.0047821924
0.0008832685	0.0047860682
0.0008871595	0.0047899441
0.0008910506	0.0047938199
0.0008949416	0.0047976958
0.0008988327	0.0048015716
0.0009027237	0.0048054475
0.0009066148	0.0048093233
0.0009105058	0.0048131992
0.0009143969	0.0048170750
0.0009182879	0.0048209509
0.0009221790	0.0048248267
0.0009260700	0.0048287026
0.0009299611	0.0048325784
0.0009338521	0.0048364543
0.0009377432	0.0048403301
0.0009416342	0.0048442060
0.0009455253	0.0048480818
0.0009494163	0.0048519577
0.0009533074	0.0048558335
0.0009571984	0.0048597094
0.0009610895	0.0048635852
0.0009649805	0.0048674611
0.0009688716	0.0048713369
0.0009727626	0.0048752128
0.0009766537	0.0048790886
0.0009805447	0.0048829645
0.0009844358	0.0048868403
0.0009883268	0.0048907162
0.0009922179	0.0048945920
0.0009961089	0.0048984679
0.0010000000	0.0049023437
0.0010038911	0.0049062196
0.0010077821	0.0049100955
0.0010116732	0.0049139713
0.0010155642	0.0049178472
0.0010194553	0.0049217230
0.0010233463	0.0049255989
0.0010272374	0.0049294747
0.0010311284	0.0049333506
0.0010350195	0.0049372264
0.0010389105	0.0049411023
0.0010428016	0.0049449781
0.0010466926	0.0049488540
0.0010505837	0.0049527298
0.0010544747	0.0049566057
0.0010583658	0.0049604815
0.0010622568	0.0049643574
0.0010661479	0.0049682332
0.0010700389	0.0049721091
0.0010739300	0.0049759849
0.0010778210	0.0049798608
0.0010817121	0.0049837366
0.0010856031	0.0049876125
0.0010894942	0.0049914883
0.0010933852	0.0049953642
0.0010972763	0.0049992400
0.0011011673	0.0050031159
0.0011050584	0.0050069917
0.0011089494	0.0050108676
0.0011128405	0.0050147434
0.0011167315	0.0050186193
0.0011206226	0.0050224951
0.0011245136	0.0050263710
0.0011284047	0.0050302468
0.0011322957	0.0050341227
0.0011361868	0.0050379985
0.0011400778	0.0050418744
0.0011439689	0.0050457502
0.0011478599	0.0050496261
0.0011517510	0.0050535019
0.0011556420	0.0050573778
0.0011595331	0.0050612536
0.0011634241	0.0050651295
0.0011673152	0.0050690054
0.0011712062	0.0050728812
0.0011750973	0.0050767571
0.0011789883	0.0050806329
0.0011828794	0.0050845088
0.0011867704	0.0050883846
0.0011906615	0.0050922605
0.0011945525	0.0050961363
0.0011984436	0.0051000122
0.0012023346	0.0051038880
0.0012062257	0.0051077639
0.0012101167	0.0051116397
0.0012140078	0.0051155156
0.0012178988	0.0051193914
0.0012217899	0.0051232673
0.0012256809	0.0051271431
0.0012295720	0.0051310190
0.0012334630	0.0051348948
0.0012373541	0.0051387707
0.0012412451	0.0051426465
0.0012451362	0.0051465224
0.0012490272	0.0051503982
0.0012529183	0.0051542741
0.0012568093	0.0051581499
0.0012607004	0.0051620258
0.0012645914	0.0051659016
0.0012684825	0.0051697775
0.0012723735	0.0051736533
0.0012762646	0.0051775292
0.0012801556	0.0051814050
0.0012840467	0.0051852809
0.0012879377	0.0051891567
0.0012918288	0.0051930326
0.0012957198	0.0051969084
0.0012996109	0.0052007843
0.0013035019	0.0052046601
0.0013073930	0.0052085360
0.0013112840	0.0052124118
0.0013151751	0.0052162877
0.0013190661	0.0052201635
0.0013229572	0.0052240394
0.0013268482	0.0052279152
0.0013307393	0.0052317911
0.0013346304	0.0052356670
0.0013385214	0.0052395428
0.0013424125	0.0052434187
0.0013463035	0.0052472945
0.0013501946	0.0052511704
0.0013540856	0.0052550462
0.0013579767	0.0052589221
0.0013618677	0.0052627979
0.0013657588	0.0052666738
0.0013696498	0.0052705496
0.0013735409	0.0052744255
0.0013774319	0.0052783013
0.0013813230	0.0052821772
0.0013852140	0.0052860530
0.0013891051	0.0052899289
0.0013929961	0.0052938047
0.0013968872	0.0052976806
0.0014007782	0.0053015564
0.0014046693	0.0053054323
0.0014085603	0.0053093081
0.0014124514	0.0053131840
0.0014163424	0.0053170598
0.0014202335	0.0053209357
0.0014241245	0.0053248115
0.0014280156	0.0053286874
0.0014319066	0.0053325632
0.0014357977	0.0053364391
0.0014396887	0.0053403149
0.0014435798	0.0053441908
0.0014474708	0.0053480666
0.0014513619	0.0053519425
0.0014552529	0.0053558183
0.0014591440	0.0053596942
0.0014630350	0.0053635700
0.0014669261	0.0053674459
0.0014708171	0.0053713217
0.0014747082	0.0053751976
0.0014785992	0.0053790734
0.0014824903	0.0053829493
0.0014863813	0.0053868251
0.0014902724	0.0053907010
0.0014941634	0.0053945768
0.0014980545	0.0053984527
0.0015019455	0.0054023286
0.0015058366	0.0054062044
0.0015097276	0.0054100803
0.0015136187	0.0054139561
0.0015175097	0.0054178320
0.0015214008	0.0054217078
0.0015252918	0.0054255837
0.0015291829	0.0054294595
0.0015330739	0.0054333354
0.0015369650	0.0054372112
0.0015408560	0.0054410871
0.0015447471	0.0054449629
0.0015486381	0.0054488388
0.0015525292	0.0054527146
0.0015564202	0.0054565905
0.0015603113	0.0054604663
0.0015642023	0.0054643422
0.0015680934	0.0054682180
0.0015719844	0.0054720939
0.0015758755	0.0054759697
0.0015797665	0.0054798456
0.0015836576	0.0054837214
0.0015875486	0.0054875973
0.0015914397	0.0054914731
0.0015953307	0.0054953490
0.0015992218	0.0054992248
0.0016031128	0.0055031007
0.0016070039	0.0055069765
0.0016108949	0.0055108524
0.0016147860	0.0055147282
0.0016186770	0.0055186041
0.0016225681	0.0055224799
0.0016264591	0.0055263558
0.0016303502	0.0055302316
0.0016342412	0.0055341075
0.0016381323	0.0055379833
0.0016420233	0.0055418592
0.0016459144	0.0055457350
0.0016498054	0.0055496109
0.0016536965	0.0055534867
0.0016575875	0.0055573626
0.0016614786	0.0055612384
0.0016653696	0.0055651143
0.0016692607	0.0055689902
0.0016731518	0.0055728660
0.0016770428	0.0055767419
0.0016809339	0.0055806177
0.0016848249	0.0055844936
0.0016887160	0.0055883694
0.0016926070	0.0055922453
0.0016964981	0.0055961211
0.0017003891	0.0055999970
0.0017042802	0.0056038728
0.0017081712	0.0056077487
0.0017120623	0.0056116245
0.0017159533	0.0056155004
0.0017198444	0.0056193762
0.0017237354	0.0056232521
0.0017276265	0.0056271279
0.0017315175	0.0056310038
0.0017354086	0.0056348796
0.0017392996	0.0056387555
0.0017431907	0.0056426313
0.0017470817	0.0056465072
0.0017509728	0.0056503830
0.0017548638	0.0056542589
0.0017587549	0.0056581347
0.0017626459	0.0056620106
0.0017665370	0.0056658864
0.0017704280	0.0056697623
0.0017743191	0.0056736381
0.0017782101	0.0056775140
0.0017821012	0.0056813898
0.0017859922	0.0056852657
0.0017898833	0.0056891415
0.0017937743	0.0056930174
0.0017976654	0.0056968932
0.0018015564	0.0057007691
0.0018054475	0.0057046449
0.0018093385	0.0057085208
0.0018132296	0.0057123966
0.0018171206	0.0057162725
0.0018210117	0.0057201483
0.0018249027	0.0057240242
0.0018287938	0.0057279000
0.0018326848	0.0057317759
0.0018365759	0.0057356518
0.0018404669	0.0057395276
0.0018443580	0.0057434035
0.0018482490	0.0057472793
0.0018521401	0.0057511552
0.0018560311	0.0057550310
0.0018599222	0.0057589069
0.0018638132	0.0057627827
0.0018677043	0.0057666586
0.0018715953	0.0057705344
0.0018754864	0.0057744103
0.0018793774	0.0057782861
0.0018832685	0.0057821620
0.0018871595	0.0057860378
0.0018910506	0.0057899137
0.0018949416	0.0057937895
0.0018988327	0.0057976654
0.0019027237	0.0058015412
0.0019066148	0.0058054171
0.0019105058	0.0058092929
0.0019143969	0.0058131688
0.0019182879	0.0058170446
0.0019221790	0.0058209205
0.0019260700	0.0058247963
0.0019299611	0.0058286722
0.0019338521	0.0058325480
0.0019377432	0.0058364239
0.0019416342	0.0058402997
0.0019455253	0.0058441756
0.0019494163	0.0058480514
0.0019533074	0.0058519273
0.0019571984	0.0058558031
0.0019610895	0.0058596790
0.0019649805	0.0058635548
0.0019688716	0.0058674307
0.0019727626	0.0058713065
0.0019766537	0.0058751824
0.0019805447	0.0058790582
0.0019844358	0.0058829341
0.0019883268	0.0058868099
0.0019922179	0.0058906858
0.0019961089	0.0058945616
0.0020000000	0.0058984375
0.0020038911	0.0059023134
0.0020077821	0.0059061892
0.0020116732	0.0059100651
0.0020155642	0.0059139409
0.0020194553	0.0059178168
0.0020233463	0.0059216926
0.0020272374	0.0059255685
0.0020311284	0.0059294443
0.0020350195	0.0059333202
0.0020389105	0.0059371960
0.0020428016	0.0059410719
0.0020466926	0.0059449477
0.0020505837	0.0059488236
0.0020544747	0.0059526994
0.0020583658	0.0059565753
0.0020622568	0.0059604511
0.0020661479	0.0059643270
0.0020700389	0.0059682028
0.0020739300	0.0059720787
0.0020778210	0.0059759545
0.0020817121	0.0059798304
0.0020856031	0.0059837062
0.0020894942	0.0059875821
0.0020933852	0.0059914579
0.0020972763	0.0059953338
0.0021011673	0.0059992096
0.0021050584	0.0060030855
0.0021089494	0.0060069613
0.0021128405	0.0060108372
0.0021167315	0.0060147130
0.0021206226	0.0060185889
0.0021245136	0.0060224647
0.0021284047	0.0060263406
0.0021322957	0.0060302164
0.0021361868	0.0060340923
0.0021400778	0.0060379681
0.0021439689	0.0060418440
0.0021478599	0.0060457198
0.0021517510	0.0060495957
0.0021556420	0.0060534715
0.0021595331	0.0060573474
0.0021634241	0.0060612232
0.0021673152	0.0060650991
0.0021712062	0.0060689750
0.0021750973	0.0060728508
0.0021789883	0.0060767267
0.0021828794	0.0060806025
0.0021867704	0.0060844784
0.0021906615	0.0060883542
0.0021945525	0.0060922301
0.0021984436	0.0060961059
0.0022023346	0.0060999818
0.0022062257	0.0061038576
0.0022101167	0.0061077335
0.0022140078	0.0061116093
0.0022178988	0.0061154852
0.0022217899	0.0061193610
0.0022256809	0.0061232369
0.0022295720	0.0061271127
0.0022334630	0.0061309886
0.0022373541	0.0061348644
0.0022412451	0.0061387403
0.0022451362	0.0061426161
0.0022490272	0.0061464920
0.0022529183	0.0061503678
0.0022568093	0.0061542437
0.0022607004	0.0061581195
0.0022645914	0.0061619954
0.0022684825	0.0061658712
0.0022723735	0.0061697471
0.0022762646	0.0061736229
0.0022801556	0.0061774988
0.0022840467	0.0061813746
0.0022879377	0.0061852505
0.0022918288	0.0061891263
0.0022957198	0.0061930022
0.0022996109	0.0061968780
0.0023035019	0.0062007539
0.0023073930	0.0062046297
0.0023112840	0.0062085056
0.0023151751	0.0062123814
0.0023190661	0.0062162573
0.0023229572	0.0062201331
0.0023268482	0.0062240090
0.0023307393	0.0062278848
0.0023346304	0.0062317607
0.0023385214	0.0062356366
0.0023424125	0.0062395124
0.0023463035	0.0062433883
0.0023501946	0.0062472641
0.0023540856	0.0062511400
0.0023579767	0.0062550158
0.0023618677	0.0062588917
0.0023657588	0.0062627675
0.0023696498	0.0062666434
0.0023735409	0.0062705192
0.0023774319	0.0062743951
0.0023813230	0.0062782709
0.0023852140	0.0062821468
0.0023891051	0.0062860226
0.0023929961	0.0062898985
0.0023968872	0.0062937743
0.0024007782	0.0062976502
0.0024046693	0.0063015260
0.0024085603	0.0063054019
0.0024124514	0.0063092777
0.0024163424	0.0063131536
0.0024202335	0.0063170294
0.0024241245	0.0063209053
0.0024280156	0.0063247811
0.0024319066	0.0063286570
0.0024357977	0.0063325328
0.0024396887	0.0063364087
0.0024435798	0.0063402845
0.0024474708	0.0063441604
0.0024513619	0.0063480362
0.0024552529	0.0063519121
0.0024591440	0.0063557879
0.0024630350	0.0063596638
0.0024669261	0.0063635396
0.0024708171	0.0063674155
0.0024747082	0.0063712913
0.0024785992	0.0063751672
0.0024824903	0.0063790430
0.0024863813	0.0063829189
0.0024902724	0.0063867947
0.0024941634	0.0063906706
0.0024980545	0.0063945464
0.0025019455	0.0063984223
0.0025058366	0.0064022982
0.0025097276	0.0064061740
0.0025136187	0.0064100499
0.0025175097	0.0064139257
0.0025214008	0.0064178016
0.0025252918	0.0064216774
0.0025291829	0.0064255533
0.0025330739	0.0064294291
0.0025369650	0.0064333050
0.0025408560	0.0064371808
0.0025447471	0.0064410567
0.0025486381	0.0064449325
0.0025525292	0.0064488084
0.0025564202	0.0064526842
0.0025603113	0.0064565601
0.0025642023	0.0064604359
0.0025680934	0.0064643118
0.0025719844	0.0064681876
0.0025758755	0.0064720635
0.0025797665	0.0064759393
0.0025836576	0.0064798152
0.0025875486	0.0064836910
0.0025914397	0.0064875669
0.0025953307	0.0064914427
0.0025992218	0.0064953186
0.0026031128	0.0064991944
0.0026070039	0.0065030703
0.0026108949	0.0065069461
0.0026147860	0.0065108220
0.0026186770	0.0065146978
0.0026225681	0.0065185737
0.0026264591	0.0065224495
0.0026303502	0.0065263254
0.0026342412	0.0065302012
0.0026381323	0.0065340771
0.0026420233	0.0065379529
0.0026459144	0.0065418288
0.0026498054	0.0065457046
0.0026536965	0.0065495805
0.0026575875	0.0065534563
0.0026614786	0.0065573322
0.0026653696	0.0065612080
0.0026692607	0.0065650839
0.0026731518	0.0065689598
0.0026770428	0.0065728356
0.0026809339	0.0065767115
0.0026848249	0.0065805873
0.0026887160	0.0065844632
0.0026926070	0.0065883390
0.0026964981	0.0065922149
0.0027003891	0.0065960907
0.0027042802	0.0065999666
0.0027081712	0.0066038424
0.0027120623	0.0066077183
0.0027159533	0.0066115941
0.0027198444	0.0066154700
0.0027237354	0.0066193458
0.0027276265	0.0066232217
0.0027315175	0.0066270975
0.0027354086	0.0066309734
0.0027392996	0.0066348492
0.0027431907	0.0066387251
0.0027470817	0.0066426009
0.0027509728	0.0066464768
0.0027548638	0.0066503526
0.0027587549	0.0066542285
0.0027626459	0.0066581043
0.0027665370	0.0066619802
0.0027704280	0.0066658560
0.0027743191	0.0066697319
0.0027782101	0.0066736077
0.0027821012	0.0066774836
0.0027859922	0.0066813594
0.0027898833	0.0066852353
0.0027937743	0.0066891111
0.0027976654	0.0066929870
0.0028015564	0.0066968628
0.0028054475	0.0067007387
0.0028093385	0.0067046145
0.0028132296	0.0067084904
0.0028171206	0.0067123662
0.0028210117	0.0067162421
0.0028249027	0.0067201179
0.0028287938	0.0067239938
0.0028326848	0.0067278696
0.0028365759	0.0067317455
0.0028404669	0.0067356214
0.0028443580	0.0067394972
0.0028482490	0.0067433731
0.0028521401	0.0067472489
0.0028560311	0.0067511248
0.0028599222	0.0067550006
0.0028638132	0.0067588765
0.0028677043	0.0067627523
0.0028715953	0.0067666282
0.0028754864	0.0067705040
0.0028793774	0.0067743799
0.0028832685	0.0067782557
0.0028871595	0.0067821316
0.0028910506	0.0067860074
0.0028949416	0.0067898833
0.0028988327	0.0067937591
0.0029027237	0.0067976350
0.0029066148	0.0068015108
0.0029105058	0.0068053867
0.0029143969	0.0068092625
0.0029182879	0.0068131384
0.0029221790	0.0068170142
0.0029260700	0.0068208901
0.0029299611	0.0068247659
0.0029338521	0.0068286418
0.0029377432	0.0068325176
0.0029416342	0.0068363935
0.0029455253	0.0068402693
0.0029494163	0.0068441452
0.0029533074	0.0068480210
0.0029571984	0.0068518969
0.0029610895	0.0068557727
0.0029649805	0.0068596486
0.0029688716	0.0068635244
0.0029727626	0.0068674003
0.0029766537	0.0068712761
0.0029805447	0.0068751520
0.0029844358	0.0068790278
0.0029883268	0.0068829037
0.0029922179	0.0068867795
0.0029961089	0.0068906554
0.0030000000	0.0068945312
0.0030038911	0.0068984071
0.0030077821	0.0069022830
0.0030116732	0.0069061588
0.0030155642	0.0069100347
0.0030194553	0.0069139105
0.0030233463	0.0069177864
0.0030272374	0.0069216622
0.0030311284	0.0069255381
0.0030350195	0.0069294139
0.0030389105	0.0069332898
0.0030428016	0.0069371656
0.0030466926	0.0069410415
0.0030505837	0.0069449173
0.0030544747	0.0069487932
0.0030583658	0.0069526690
0.0030622568	0.0069565449
0.0030661479	0.0069604207
0.0030700389	0.0069642966
0.0030739300	0.0069681724
0.0030778210	0.0069720483
0.0030817121	0.0069759241
0.0030856031	0.0069798000
0.0030894942	0.0069836758
0.0030933852	0.0069875517
0.0030972763	0.0069914275
0.0031011673	0.0069953034
0.0031050584	0.0069991792
0.0031089494	0.0070030551
0.0031128405	0.0070069309
0.0031167315	0.0070108068
0.0031206226	0.0070146826
0.0031245136	0.0070185585
0.0031284047	0.0070224343
0.0031322957	0.0070263102
0.0031361868	0.0070301860
0.0031400778	0.0070340619
0.0031439689	0.0070379377
0.0031478599	0.0070418136
0.0031517510	0.0070456894
0.0031556420	0.0070495653
0.0031595331	0.0070534411
0.0031634241	0.0070573170
0.0031673152	0.0070611929
0.0031712062	0.0070650687
0.0031750973	0.0070689446
0.0031789883	0.0070728204
0.0031828794	0.0070766963
0.0031867704	0.0070805721
0.0031906615	0.0070844480
0.0031945525	0.0070883238
0.0031984436	0.0070921997
0.0032023346	0.0070960755
0.0032062257	0.0070999514
0.0032101167	0.0071038272
0.0032140078	0.0071077031
0.0032178988	0.0071115789
0.0032217899	0.0071154548
0.0032256809	0.0071193306
0.0032295720	0.0071232065
0.0032334630	0.0071270823
0.0032373541	0.0071309582
0.0032412451	0.0071348340
0.0032451362	0.0071387099
0.0032490272	0.0071425857
0.0032529183	0.0071464616
0.0032568093	0.0071503374
0.0032607004	0.0071542133
0.0032645914	0.0071580891
0.0032684825	0.0071619650
0.0032723735	0.0071658408
0.0032762646	0.0071697167
0.0032801556	0.0071735925
0.0032840467	0.0071774684
0.0032879377	0.0071813442
0.0032918288	0.0071852201
0.0032957198	0.0071890959
0.0032996109	0.0071929718
0.0033035019	0.0071968476
0.0033073930	0.0072007235
0.0033112840	0.0072045993
0.0033151751	0.0072084752
0.0033190661	0.0072123510
0.0033229572	0.0072162269
0.0033268482	0.0072201027
0.0033307393	0.0072239786
0.0033346304	0.0072278545
0.0033385214	0.0072317303
0.0033424125	0.0072356062
0.0033463035	0.0072394820
0.0033501946	0.0072433579
0.0033540856	0.0072472337
0.0033579767	0.0072511096
0.0033618677	0.0072549854
0.0033657588	0.0072588613
0.0033696498	0.0072627371
0.0033735409	0.0072666130
0.0033774319	0.0072704888
0.0033813230	0.0072743647
0.0033852140	0.0072782405
0.0033891051	0.0072821164
0.0033929961	0.0072859922
0.0033968872	0.0072898681
0.0034007782	0.0072937439
0.0034046693	0.0072976198
0.0034085603	0.0073014956
0.0034124514	0.0073053715
0.0034163424	0.0073092473
0.0034202335	0.0073131232
0.0034241245	0.0073169990
0.0034280156	0.0073208749
0.0034319066	0.0073247507
0.0034357977	0.0073286266
0.0034396887	0.0073325024
0.0034435798	0.0073363783
0.0034474708	0.0073402541
0.0034513619	0.0073441300
0.0034552529	0.0073480058
0.0034591440	0.0073518817
0.0034630350	0.0073557575
0.0034669261	0.0073596334
0.0034708171	0.0073635092
0.0034747082	0.0073673851
0.0034785992	0.0073712609
0.0034824903	0.0073751368
0.0034863813	0.0073790126
0.0034902724	0.0073828885
0.0034941634	0.0073867643
0.0034980545	0.0073906402
0.0035019455	0.0073945161
0.0035058366	0.0073983919
0.0035097276	0.0074022678
0.0035136187	0.0074061436
0.0035175097	0.0074100195
0.0035214008	0.0074138953
0.0035252918	0.0074177712
0.0035291829	0.0074216470
0.0035330739	0.0074255229
0.0035369650	0.0074293987
0.0035408560	0.0074332746
0.0035447471	0.0074371504
0.0035486381	0.0074410263
0.0035525292	0.0074449021
0.0035564202	0.0074487780
0.0035603113	0.0074526538
0.0035642023	0.0074565297
0.0035680934	0.0074604055
0.0035719844	0.0074642814
0.0035758755	0.0074681572
0.0035797665	0.0074720331
0.0035836576	0.0074759089
0.0035875486	0.0074797848
0.0035914397	0.0074836606
0.0035953307	0.0074875365
0.0035992218	0.0074914123
0.0036031128	0.0074952882
0.0036070039	0.0074991640
0.0036108949	0.0075030399
0.0036147860	0.0075069157
0.0036186770	0.0075107916
0.0036225681	0.0075146674
0.0036264591	0.0075185433
0.0036303502	0.0075224191
0.0036342412	0.0075262950
0.0036381323	0.0075301708
0.0036420233	0.0075340467
0.0036459144	0.0075379225
0.0036498054	0.0075417984
0.0036536965	0.0075456742
0.0036575875	0.0075495501
0.0036614786	0.0075534259
0.0036653696	0.0075573018
0.0036692607	0.0075611777
0.0036731518	0.0075650535
0.0036770428	0.0075689294
0.0036809339	0.0075728052
0.0036848249	0.0075766811
0.0036887160	0.0075805569
0.0036926070	0.0075844328
0.0036964981	0.0075883086
0.0037003891	0.0075921845
0.0037042802	0.0075960603
0.0037081712	0.0075999362
0.0037120623	0.0076038120
0.0037159533	0.0076076879
0.0037198444	0.0076115637
0.0037237354	0.0076154396
0.0037276265	0.0076193154
0.0037315175	0.0076231913
0.0037354086	0.0076270671
0.0037392996	0.0076309430
0.0037431907	0.0076348188
0.0037470817	0.0076386947
0.0037509728	0.0076425705
0.0037548638	0.0076464464
0.0037587549	0.0076503222
0.0037626459	0.0076541981
0.0037665370	0.0076580739
0.0037704280	0.0076619498
0.0037743191	0.0076658256
0.0037782101	0.0076697015
0.0037821012	0.0076735773
0.0037859922	0.0076774532
0.0037898833	0.0076813290
0.0037937743	0.0076852049
0.0037976654	0.0076890807
0.0038015564	0.0076929566
0.0038054475	0.0076968324
0.0038093385	0.0077007083
0.0038132296	0.0077045841
0.0038171206	0.0077084600
0.0038210117	0.0077123358
0.0038249027	0.0077162117
0.0038287938	0.0077200875
0.0038326848	0.0077239634
0.0038365759	0.0077278393
0.0038404669	0.0077317151
0.0038443580	0.0077355910
0.0038482490	0.0077394668
0.0038521401	0.0077433427
0.0038560311	0.0077472185
0.0038599222	0.0077510944
0.0038638132	0.0077549702
0.0038677043	0.0077588461
0.0038715953	0.0077627219
0.0038754864	0.0077665978
0.0038793774	0.0077704736
0.0038832685	0.0077743495
0.0038871595	0.0077782253
0.0038910506	0.0077821012
0.0038949416	0.0077859770
0.0038988327	0.0077898529
0.0039027237	0.0077937287
0.0039066148	0.0077976046
0.0039105058	0.0078014804
0.0039143969	0.0078053563
0.0039182879	0.0078092321
0.0039221790	0.0078131080
0.0039260700	0.0078169838
0.0039299611	0.0078208597
0.0039338521	0.0078247355
0.0039377432	0.0078286114
0.0039416342	0.0078324872
0.0039455253	0.0078363631
0.0039494163	0.0078402389
0.0039533074	0.0078441148
0.0039571984	0.0078479906
0.0039610895	0.0078518665
0.0039649805	0.0078557423
0.0039688716	0.0078596182
0.0039727626	0.0078634940
0.0039766537	0.0078673699
0.0039805447	0.0078712457
0.0039844358	0.0078751216
0.0039883268	0.0078789974
0.0039922179	0.0078828733
0.0039961089	0.0078867491
0.0040000000	0.0078906250
0.0040038911	0.0078945009
0.0040077821	0.0078983767
0.0040116732	0.0079022526
0.0040155642	0.0079061284
0.0040194553	0.0079100043
0.0040233463	0.0079138801
0.0040272374	0.0079177560
0.0040311284	0.0079216318
0.0040350195	0.0079255077
0.0040389105	0.0079293835
0.0040428016	0.0079332594
0.0040466926	0.0079371352
0.0040505837	0.0079410111
0.0040544747	0.0079448869
0.0040583658	0.0079487628
0.0040622568	0.0079526386
0.0040661479	0.0079565145
0.0040700389	0.0079603903
0.0040739300	0.0079642662
0.0040778210	0.0079681420
0.0040817121	0.0079720179
0.0040856031	0.0079758937
0.0040894942	0.0079797696
0.0040933852	0.0079836454
0.0040972763	0.0079875213
0.0041011673	0.0079913971
0.0041050584	0.0079952730
0.0041089494	0.0079991488
0.0041128405	0.0080030247
0.0041167315	0.0080069005
0.0041206226	0.0080107764
0.0041245136	0.0080146522
0.0041284047	0.0080185281
0.0041322957	0.0080224039
0.0041361868	0.0080262798
0.0041400778	0.0080301556
0.0041439689	0.0080340315
0.0041478599	0.0080379073
0.0041517510	0.0080417832
0.0041556420	0.0080456590
0.0041595331	0.0080495349
0.0041634241	0.0080534107
0.0041673152	0.0080572866
0.0041712062	0.0080611625
0.0041750973	0.0080650383
0.0041789883	0.0080689142
0.0041828794	0.0080727900
0.0041867704	0.0080766659
0.0041906615	0.0080805417
0.0041945525	0.0080844176
0.0041984436	0.0080882934
0.0042023346	0.0080921693
0.0042062257	0.0080960451
0.0042101167	0.0080999210
0.0042140078	0.0081037968
0.0042178988	0.0081076727
0.0042217899	0.0081115485
0.0042256809	0.0081154244
0.0042295720	0.0081193002
0.0042334630	0.0081231761
0.0042373541	0.0081270519
0.0042412451	0.0081309278
0.0042451362	0.0081348036
0.0042490272	0.0081386795
0.0042529183	0.0081425553
0.0042568093	0.0081464312
0.0042607004	0.0081503070
0.0042645914	0.0081541829
0.0042684825	0.0081580587
0.0042723735	0.0081619346
0.0042762646	0.0081658104
0.0042801556	0.0081696863
0.0042840467	0.0081735621
0.0042879377	0.0081774380
0.0042918288	0.0081813138
0.0042957198	0.0081851897
0.0042996109	0.0081890655
0.0043035019	0.0081929414
0.0043073930	0.0081968172
0.0043112840	0.0082006931
0.0043151751	0.0082045689
0.0043190661	0.0082084448
0.0043229572	0.0082123206
0.0043268482	0.0082161965
0.0043307393	0.0082200723
0.0043346304	0.0082239482
0.0043385214	0.0082278241
0.0043424125	0.0082316999
0.0043463035	0.0082355758
0.0043501946	0.0082394516
0.0043540856	0.0082433275
0.0043579767	0.0082472033
0.0043618677	0.0082510792
0.0043657588	0.0082549550
0.0043696498	0.0082588309
0.0043735409	0.0082627067
0.0043774319	0.0082665826
0.0043813230	0.0082704584
0.0043852140	0.0082743343
0.0043891051	0.0082782101
0.0043929961	0.0082820860
0.0043968872	0.0082859618
0.0044007782	0.0082898377
0.0044046693	0.0082937135
0.0044085603	0.0082975894
0.0044124514	0.0083014652
0.0044163424	0.0083053411
0.0044202335	0.0083092169
0.0044241245	0.0083130928
0.0044280156	0.0083169686
0.0044319066	0.0083208445
0.0044357977	0.0083247203
0.0044396887	0.0083285962
0.0044435798	0.0083324720
0.0044474708	0.0083363479
0.0044513619	0.0083402237
0.0044552529	0.0083440996
0.0044591440	0.0083479754
0.0044630350	0.0083518513
0.0044669261	0.0083557271
0.0044708171	0.0083596030
0.0044747082	0.0083634788
0.0044785992	0.0083673547
0.0044824903	0.0083712305
0.0044863813	0.0083751064
0.0044902724	0.0083789822
0.0044941634	0.0083828581
0.0044980545	0.0083867339
0.0045019455	0.0083906098
0.0045058366	0.0083944857
0.0045097276	0.0083983615
0.0045136187	0.0084022374
0.0045175097	0.0084061132
0.0045214008	0.0084099891
0.0045252918	0.0084138649
0.0045291829	0.0084177408
0.0045330739	0.0084216166
0.0045369650	0.0084254925
0.0045408560	0.0084293683
0.0045447471	0.0084332442
0.0045486381	0.0084371200
0.0045525292	0.0084409959
0.0045564202	0.0084448717
0.0045603113	0.0084487476
0.0045642023	0.0084526234
0.0045680934	0.0084564993
0.0045719844	0.0084603751
0.0045758755	0.0084642510
0.0045797665	0.0084681268
0.0045836576	0.0084720027
0.0045875486	0.0084758785
0.0045914397	0.0084797544
0.0045953307	0.0084836302
0.0045992218	0.0084875061
0.0046031128	0.0084913819
0.0046070039	0.0084952578
0.0046108949	0.0084991336
0.0046147860	0.0085030095
0.0046186770	0.0085068853
0.0046225681	0.0085107612
0.0046264591	0.0085146370
0.0046303502	0.0085185129
0.0046342412	0.0085223887
0.0046381323	0.0085262646
0.0046420233	0.0085301404
0.0046459144	0.0085340163
0.0046498054	0.0085378921
0.0046536965	0.0085417680
0.0046575875	0.0085456438
0.0046614786	0.0085495197
0.0046653696	0.0085533955
0.0046692607	0.0085572714
0.0046731518	0.0085611473
0.0046770428	0.0085650231
0.0046809339	0.0085688990
0.0046848249	0.0085727748
0.0046887160	0.0085766507
0.0046926070	0.0085805265
0.0046964981	0.0085844024
0.0047003891	0.0085882782
0.0047042802	0.0085921541
0.0047081712	0.0085960299
0.0047120623	0.0085999058
0.0047159533	0.0086037816
0.0047198444	0.0086076575
0.0047237354	0.0086115333
0.0047276265	0.0086154092
0.0047315175	0.0086192850
0.0047354086	0.0086231609
0.0047392996	0.0086270367
0.0047431907	0.0086309126
0.0047470817	0.0086347884
0.0047509728	0.0086386643
0.0047548638	0.0086425401
0.0047587549	0.0086464160
0.0047626459	0.0086502918
0.0047665370	0.0086541677
0.0047704280	0.0086580435
0.0047743191	0.0086619194
0.0047782101	0.0086657952
0.0047821012	0.0086696711
0.0047859922	0.0086735469
0.0047898833	0.0086774228
0.0047937743	0.0086812986
0.0047976654	0.0086851745
0.0048015564	0.0086890503
0.0048054475	0.0086929262
0.0048093385	0.0086968020
0.0048132296	0.0087006779
0.0048171206	0.0087045537
0.0048210117	0.0087084296
0.0048249027	0.0087123054
0.0048287938	0.0087161813
0.0048326848	0.0087200571
0.0048365759	0.0087239330
0.0048404669	0.0087278089
0.0048443580	0.0087316847
0.0048482490	0.0087355606
0.0048521401	0.0087394364
0.0048560311	0.0087433123
0.0048599222	0.0087471881
0.0048638132	0.0087510640
0.0048677043	0.0087549398
0.0048715953	0.0087588157
0.0048754864	0.0087626915
0.0048793774	0.0087665674
0.0048832685	0.0087704432
0.0048871595	0.0087743191
0.0048910506	0.0087781949
0.0048949416	0.0087820708
0.0048988327	0.0087859466
0.0049027237	0.0087898225
0.0049066148	0.0087936983
0.0049105058	0.0087975742
0.0049143969	0.0088014500
0.0049182879	0.0088053259
0.0049221790	0.0088092017
0.0049260700	0.0088130776
0.0049299611	0.0088169534
0.0049338521	0.0088208293
0.0049377432	0.0088247051
0.0049416342	0.0088285810
0.0049455253	0.0088324568
0.0049494163	0.0088363327
0.0049533074	0.0088402085
0.0049571984	0.0088440844
0.0049610895	0.0088479602
0.0049649805	0.0088518361
0.0049688716	0.0088557119
0.0049727626	0.0088595878
0.0049766537	0.0088634636
0.0049805447	0.0088673395
0.0049844358	0.0088712153
0.0049883268	0.0088750912
0.0049922179	0.0088789670
0.0049961089	0.0088828429
0.0050000000	0.0088867187
0.0050038911	0.0088905946
0.0050077821	0.0088944705
0.0050116732	0.0088983463
0.0050155642	0.0089022222
0.0050194553	0.0089060980
0.0050233463	0.0089099739
0.0050272374	0.0089138497
0.0050311284	0.0089177256
0.0050350195	0.0089216014
0.0050389105	0.0089254773
0.0050428016	0.0089293531
0.0050466926	0.0089332290
0.0050505837	0.0089371048
0.0050544747	0.0089409807
0.0050583658	0.0089448565
0.0050622568	0.0089487324
0.0050661479	0.0089526082
0.0050700389	0.0089564841
0.0050739300	0.0089603599
0.0050778210	0.0089642358
0.0050817121	0.0089681116
0.0050856031	0.0089719875
0.0050894942	0.0089758633
0.0050933852	0.0089797392
0.0050972763	0.0089836150
0.0051011673	0.0089874909
0.0051050584	0.0089913667
0.0051089494	0.0089952426
0.0051128405	0.0089991184
0.0051167315	0.0090029943
0.0051206226	0.0090068701
0.0051245136	0.0090107460
0.0051284047	0.0090146218
0.0051322957	0.0090184977
0.0051361868	0.0090223735
0.0051400778	0.0090262494
0.0051439689	0.0090301252
0.0051478599	0.0090340011
0.0051517510	0.0090378769
0.0051556420	0.0090417528
0.0051595331	0.0090456286
0.0051634241	0.0090495045
0.0051673152	0.0090533804
0.0051712062	0.0090572562
0.0051750973	0.0090611321
0.0051789883	0.0090650079
0.0051828794	0.0090688838
0.0051867704	0.0090727596
0.0051906615	0.0090766355
0.0051945525	0.0090805113
0.0051984436	0.0090843872
0.0052023346	0.0090882630
0.0052062257	0.0090921389
0.0052101167	0.0090960147
0.0052140078	0.0090998906
0.0052178988	0.0091037664
0.0052217899	0.0091076423
0.0052256809	0.0091115181
0.0052295720	0.0091153940
0.0052334630	0.0091192698
0.0052373541	0.0091231457
0.0052412451	0.0091270215
0.0052451362	0.0091308974
0.0052490272	0.0091347732
0.0052529183	0.0091386491
0.0052568093	0.0091425249
0.0052607004	0.0091464008
0.0052645914	0.0091502766
0.0052684825	0.0091541525
0.0052723735	0.0091580283
0.0052762646	0.0091619042
0.0052801556	0.0091657800
0.0052840467	0.0091696559
0.0052879377	0.0091735317
0.0052918288	0.0091774076
0.0052957198	0.0091812834
0.0052996109	0.0091851593
0.0053035019	0.0091890351
0.0053073930	0.0091929110
0.0053112840	0.0091967868
0.0053151751	0.0092006627
0.0053190661	0.0092045385
0.0053229572	0.0092084144
0.0053268482	0.0092122902
0.0053307393	0.0092161661
0.0053346304	0.0092200420
0.0053385214	0.0092239178
0.0053424125	0.0092277937
0.0053463035	0.0092316695
0.0053501946	0.0092355454
0.0053540856	0.0092394212
0.0053579767	0.0092432971
0.0053618677	0.0092471729
0.0053657588	0.0092510488
0.0053696498	0.0092549246
0.0053735409	0.0092588005
0.0053774319	0.0092626763
0.0053813230	0.0092665522
0.0053852140	0.0092704280
0.0053891051	0.0092743039
0.0053929961	0.0092781797
0.0053968872	0.0092820556
0.0054007782	0.0092859314
0.0054046693	0.0092898073
0.0054085603	0.0092936831
0.0054124514	0.0092975590
0.0054163424	0.0093014348
0.0054202335	0.0093053107
0.0054241245	0.0093091865
0.0054280156	0.0093130624
0.0054319066	0.0093169382
0.0054357977	0.0093208141
0.0054396887	0.0093246899
0.0054435798	0.0093285658
0.0054474708	0.0093324416
0.0054513619	0.0093363175
0.0054552529	0.0093401933
0.0054591440	0.0093440692
0.0054630350	0.0093479450
0.0054669261	0.0093518209
0.0054708171	0.0093556967
0.0054747082	0.0093595726
0.0054785992	0.0093634484
0.0054824903	0.0093673243
0.0054863813	0.0093712001
0.0054902724	0.0093750760
0.0054941634	0.0093789518
0.0054980545	0.0093828277
0.0055019455	0.0093867036
0.0055058366	0.0093905794
0.0055097276	0.0093944553
0.0055136187	0.0093983311
0.0055175097	0.0094022070
0.0055214008	0.0094060828
0.0055252918	0.0094099587
0.0055291829	0.0094138345
0.0055330739	0.0094177104
0.0055369650	0.0094215862
0.0055408560	0.0094254621
0.0055447471	0.0094293379
0.0055486381	0.0094332138
0.0055525292	0.0094370896
0.0055564202	0.0094409655
0.0055603113	0.0094448413
0.0055642023	0.0094487172
0.0055680934	0.0094525930
0.0055719844	0.0094564689
0.0055758755	0.0094603447
0.0055797665	0.0094642206
0.0055836576	0.0094680964
0.0055875486	0.0094719723
0.0055914397	0.0094758481
0.0055953307	0.0094797240
0.0055992218	0.0094835998
0.0056031128	0.0094874757
0.0056070039	0.0094913515
0.0056108949	0.0094952274
0.0056147860	0.0094991032
0.0056186770	0.0095029791
0.0056225681	0.0095068549
0.0056264591	0.0095107308
0.0056303502	0.0095146066
0.0056342412	0.0095184825
0.0056381323	0.0095223583
0.0056420233	0.0095262342
0.0056459144	0.0095301100
0.0056498054	0.0095339859
0.0056536965	0.0095378617
0.0056575875	0.0095417376
0.0056614786	0.0095456134
0.0056653696	0.0095494893
0.0056692607	0.0095533652
0.0056731518	0.0095572410
0.0056770428	0.0095611169
0.0056809339	0.0095649927
0.0056848249	0.0095688686
0.0056887160	0.0095727444
0.0056926070	0.0095766203
0.0056964981	0.0095804961
0.0057003891	0.0095843720
0.0057042802	0.0095882478
0.0057081712	0.0095921237
0.0057120623	0.0095959995
0.0057159533	0.0095998754
0.0057198444	0.0096037512
0.0057237354	0.0096076271
0.0057276265	0.0096115029
0.0057315175	0.0096153788
0.0057354086	0.0096192546
0.0057392996	0.0096231305
0.0057431907	0.0096270063
0.0057470817	0.0096308822
0.0057509728	0.0096347580
0.0057548638	0.0096386339
0.0057587549	0.0096425097
0.0057626459	0.0096463856
0.0057665370	0.0096502614
0.0057704280	0.0096541373
0.0057743191	0.0096580131
0.0057782101	0.0096618890
0.0057821012	0.0096657648
0.0057859922	0.0096696407
0.0057898833	0.0096735165
0.0057937743	0.0096773924
0.0057976654	0.0096812682
0.0058015564	0.0096851441
0.0058054475	0.0096890199
0.0058093385	0.0096928958
0.0058132296	0.0096967716
0.0058171206	0.0097006475
0.0058210117	0.0097045233
0.0058249027	0.0097083992
0.0058287938	0.0097122750
0.0058326848	0.0097161509
0.0058365759	0.0097200268
0.0058404669	0.0097239026
0.0058443580	0.0097277785
0.0058482490	0.0097316543
0.0058521401	0.0097355302
0.0058560311	0.0097394060
0.0058599222	0.0097432819
0.0058638132	0.0097471577
0.0058677043	0.0097510336
0.0058715953	0.0097549094
0.0058754864	0.0097587853
0.0058793774	0.0097626611
0.0058832685	0.0097665370
0.0058871595	0.0097704128
0.0058910506	0.0097742887
0.0058949416	0.0097781645
0.0058988327	0.0097820404
0.0059027237	0.0097859162
0.0059066148	0.0097897921
0.0059105058	0.0097936679
0.0059143969	0.0097975438
0.0059182879	0.0098014196
0.0059221790	0.0098052955
0.0059260700	0.0098091713
0.0059299611	0.0098130472
0.0059338521	0.0098169230
0.0059377432	0.0098207989
0.0059416342	0.0098246747
0.0059455253	0.0098285506
0.0059494163	0.0098324264
0.0059533074	0.0098363023
0.0059571984	0.0098401781
0.0059610895	0.0098440540
0.0059649805	0.0098479298
0.0059688716	0.0098518057
0.0059727626	0.0098556815
0.0059766537	0.0098595574
0.0059805447	0.0098634332
0.0059844358	0.0098673091
0.0059883268	0.0098711849
0.0059922179	0.0098750608
0.0059961089	0.0098789366
0.0060000000	0.0098828125
0.0060038911	0.0098866884
0.0060077821	0.0098905642
0.0060116732	0.0098944401
0.0060155642	0.0098983159
0.0060194553	0.0099021918
0.0060233463	0.0099060676
0.0060272374	0.0099099435
0.0060311284	0.0099138193
0.0060350195	0.0099176952
0.0060389105	0.0099215710
0.0060428016	0.0099254469
0.0060466926	0.0099293227
0.0060505837	0.0099331986
0.0060544747	0.0099370744
0.0060583658	0.0099409503
0.0060622568	0.0099448261
0.0060661479	0.0099487020
0.0060700389	0.0099525778
0.0060739300	0.0099564537
0.0060778210	0.0099603295
0.0060817121	0.0099642054
0.0060856031	0.0099680812
0.0060894942	0.0099719571
0.0060933852	0.0099758329
0.0060972763	0.0099797088
0.0061011673	0.0099835846
0.0061050584	0.0099874605
0.0061089494	0.0099913363
0.0061128405	0.0099952122
0.0061167315	0.0099990880
0.0061206226	0.0100029639
0.0061245136	0.0100068397
0.0061284047	0.0100107156
0.0061322957	0.0100145914
0.0061361868	0.0100184673
0.0061400778	0.0100223431
0.0061439689	0.0100262190
0.0061478599	0.0100300948
0.0061517510	0.0100339707
0.0061556420	0.0100378465
0.0061595331	0.0100417224
0.0061634241	0.0100455982
0.0061673152	0.0100494741
0.0061712062	0.0100533500
0.0061750973	0.0100572258
0.0061789883	0.0100611017
0.0061828794	0.0100649775
0.0061867704	0.0100688534
0.0061906615	0.0100727292
0.0061945525	0.0100766051
0.0061984436	0.0100804809
0.0062023346	0.0100843568
0.0062062257	0.0100882326
0.0062101167	0.0100921085
0.0062140078	0.0100959843
0.0062178988	0.0100998602
0.0062217899	0.0101037360
0.0062256809	0.0101076119
0.0062295720	0.0101114877
0.0062334630	0.0101153636
0.0062373541	0.0101192394
0.0062412451	0.0101231153
0.0062451362	0.0101269911
0.0062490272	0.0101308670
0.0062529183	0.0101347428
0.0062568093	0.0101386187
0.0062607004	0.0101424945
0.0062645914	0.0101463704
0.0062684825	0.0101502462
0.0062723735	0.0101541221
0.0062762646	0.0101579979
0.0062801556	0.0101618738
0.0062840467	0.0101657496
0.0062879377	0.0101696255
0.0062918288	0.0101735013
0.0062957198	0.0101773772
0.0062996109	0.0101812530
0.0063035019	0.0101851289
0.0063073930	0.0101890047
0.0063112840	0.0101928806
0.0063151751	0.0101967564
0.0063190661	0.0102006323
0.0063229572	0.0102045081
0.0063268482	0.0102083840
0.0063307393	0.0102122598
0.0063346304	0.0102161357
0.0063385214	0.0102200116
0.0063424125	0.0102238874
0.0063463035	0.0102277633
0.0063501946	0.0102316391
0.0063540856	0.0102355150
0.0063579767	0.0102393908
0.0063618677	0.0102432667
0.0063657588	0.0102471425
0.0063696498	0.0102510184
0.0063735409	0.0102548942
0.0063774319	0.0102587701
0.0063813230	0.0102626459
0.0063852140	0.0102665218
0.0063891051	0.0102703976
0.0063929961	0.0102742735
0.0063968872	0.0102781493
0.0064007782	0.0102820252
0.0064046693	0.0102859010
0.0064085603	0.0102897769
0.0064124514	0.0102936527
0.0064163424	0.0102975286
0.0064202335	0.0103014044
0.0064241245	0.0103052803
0.0064280156	0.0103091561
0.0064319066	0.0103130320
0.0064357977	0.0103169078
0.0064396887	0.0103207837
0.0064435798	0.0103246595
0.0064474708	0.0103285354
0.0064513619	0.0103324112
0.0064552529	0.0103362871
0.0064591440	0.0103401629
0.0064630350	0.0103440388
0.0064669261	0.0103479146
0.0064708171	0.0103517905
0.0064747082	0.0103556663
0.0064785992	0.0103595422
0.0064824903	0.0103634180
0.0064863813	0.0103672939
0.0064902724	0.0103711697
0.0064941634	0.0103750456
0.0064980545	0.0103789214
0.0065019455	0.0103827973
0.0065058366	0.0103866732
0.0065097276	0.0103905490
0.0065136187	0.0103944249
0.0065175097	0.0103983007
0.0065214008	0.0104021766
0.0065252918	0.0104060524
0.0065291829	0.0104099283
0.0065330739	0.0104138041
0.0065369650	0.0104176800
0.0065408560	0.0104215558
0.0065447471	0.0104254317
0.0065486381	0.0104293075
0.0065525292	0.0104331834
0.0065564202	0.0104370592
0.0065603113	0.0104409351
0.0065642023	0.0104448109
0.0065680934	0.0104486868
0.0065719844	0.0104525626
0.0065758755	0.0104564385
0.0065797665	0.0104603143
0.0065836576	0.0104641902
0.0065875486	0.0104680660
0.0065914397	0.0104719419
0.0065953307	0.0104758177
0.0065992218	0.0104796936
0.0066031128	0.0104835694
0.0066070039	0.0104874453
0.0066108949	0.0104913211
0.0066147860	0.0104951970
0.0066186770	0.0104990728
0.0066225681	0.0105029487
0.0066264591	0.0105068245
0.0066303502	0.0105107004
0.0066342412	0.0105145762
0.0066381323	0.0105184521
0.0066420233	0.0105223279
0.0066459144	0.0105262038
0.0066498054	0.0105300796
0.0066536965	0.0105339555
0.0066575875	0.0105378313
0.0066614786	0.0105417072
0.0066653696	0.0105455830
0.0066692607	0.0105494589
0.0066731518	0.0105533348
0.0066770428	0.0105572106
0.0066809339	0.0105610865
0.0066848249	0.0105649623
0.0066887160	0.0105688382
0.0066926070	0.0105727140
0.0066964981	0.0105765899
0.0067003891	0.0105804657
0.0067042802	0.0105843416
0.0067081712	0.0105882174
0.0067120623	0.0105920933
0.0067159533	0.0105959691
0.0067198444	0.0105998450
0.0067237354	0.0106037208
0.0067276265	0.0106075967
0.0067315175	0.0106114725
0.0067354086	0.0106153484
0.0067392996	0.0106192242
0.0067431907	0.0106231001
0.0067470817	0.0106269759
0.0067509728	0.0106308518
0.0067548638	0.0106347276
0.0067587549	0.0106386035
0.0067626459	0.0106424793
0.0067665370	0.0106463552
0.0067704280	0.0106502310
0.0067743191	0.0106541069
0.0067782101	0.0106579827
0.0067821012	0.0106618586
0.0067859922	0.0106657344
0.0067898833	0.0106696103
0.0067937743	0.0106734861
0.0067976654	0.0106773620
0.0068015564	0.0106812378
0.0068054475	0.0106851137
0.0068093385	0.0106889895
0.0068132296	0.0106928654
0.0068171206	0.0106967412
0.0068210117	0.0107006171
0.0068249027	0.0107044929
0.0068287938	0.0107083688
0.0068326848	0.0107122446
0.0068365759	0.0107161205
0.0068404669	0.0107199964
0.0068443580	0.0107238722
0.0068482490	0.0107277481
0.0068521401	0.0107316239
0.0068560311	0.0107354998
0.0068599222	0.0107393756
0.0068638132	0.0107432515
0.0068677043	0.0107471273
0.0068715953	0.0107510032
0.0068754864	0.0107548790
0.0068793774	0.0107587549
0.0068832685	0.0107626307
0.0068871595	0.0107665066
0.0068910506	0.0107703824
0.0068949416	0.0107742583
0.0068988327	0.0107781341
0.0069027237	0.0107820100
0.0069066148	0.0107858858
0.0069105058	0.0107897617
0.0069143969	0.0107936375
0.0069182879	0.0107975134
0.0069221790	0.0108013892
0.0069260700	0.0108052651
0.0069299611	0.0108091409
0.0069338521	0.0108130168
0.0069377432	0.0108168926
0.0069416342	0.0108207685
0.0069455253	0.0108246443
0.0069494163	0.0108285202
0.0069533074	0.0108323960
0.0069571984	0.0108362719
0.0069610895	0.0108401477
0.0069649805	0.0108440236
0.0069688716	0.0108478994
0.0069727626	0.0108517753
0.0069766537	0.0108556511
0.0069805447	0.0108595270
0.0069844358	0.0108634028
0.0069883268	0.0108672787
0.0069922179	0.0108711545
0.0069961089	0.0108750304
0.0070000000	0.0108789062
0.0070038911	0.0108827821
0.0070077821	0.0108866580
0.0070116732	0.0108905338
0.0070155642	0.0108944097
0.0070194553	0.0108982855
0.0070233463	0.0109021614
0.0070272374	0.0109060372
0.0070311284	0.0109099131
0.0070350195	0.0109137889
0.0070389105	0.0109176648
0.0070428016	0.0109215406
0.0070466926	0.0109254165
0.0070505837	0.0109292923
0.0070544747	0.0109331682
0.0070583658	0.0109370440
0.0070622568	0.0109409199
0.0070661479	0.0109447957
0.0070700389	0.0109486716
0.0070739300	0.0109525474
0.0070778210	0.0109564233
0.0070817121	0.0109602991
0.0070856031	0.0109641750
0.0070894942	0.0109680508
0.0070933852	0.0109719267
0.0070972763	0.0109758025
0.0071011673	0.0109796784
0.0071050584	0.0109835542
0.0071089494	0.0109874301
0.0071128405	0.0109913059
0.0071167315	0.0109951818
0.0071206226	0.0109990576
0.0071245136	0.0110029335
0.0071284047	0.0110068093
0.0071322957	0.0110106852
0.0071361868	0.0110145610
0.0071400778	0.0110184369
0.0071439689	0.0110223127
0.0071478599	0.0110261886
0.0071517510	0.0110300644
0.0071556420	0.0110339403
0.0071595331	0.0110378161
0.0071634241	0.0110416920
0.0071673152	0.0110455679
0.0071712062	0.0110494437
0.0071750973	0.0110533196
0.0071789883	0.0110571954
0.0071828794	0.0110610713
0.0071867704	0.0110649471
0.0071906615	0.0110688230
0.0071945525	0.0110726988
0.0071984436	0.0110765747
0.0072023346	0.0110804505
0.0072062257	0.0110843264
0.0072101167	0.0110882022
0.0072140078	0.0110920781
0.0072178988	0.0110959539
0.0072217899	0.0110998298
0.0072256809	0.0111037056
0.0072295720	0.0111075815
0.0072334630	0.0111114573
0.0072373541	0.0111153332
0.0072412451	0.0111192090
0.0072451362	0.0111230849
0.0072490272	0.0111269607
0.0072529183	0.0111308366
0.0072568093	0.0111347124
0.0072607004	0.0111385883
0.0072645914	0.0111424641
0.0072684825	0.0111463400
0.0072723735	0.0111502158
0.0072762646	0.0111540917
0.0072801556	0.0111579675
0.0072840467	0.0111618434
0.0072879377	0.0111657192
0.0072918288	0.0111695951
0.0072957198	0.0111734709
0.0072996109	0.0111773468
0.0073035019	0.0111812226
0.0073073930	0.0111850985
0.0073112840	0.0111889743
0.0073151751	0.0111928502
0.0073190661	0.0111967260
0.0073229572	0.0112006019
0.0073268482	0.0112044777
0.0073307393	0.0112083536
0.0073346304	0.0112122295
0.0073385214	0.0112161053
0.0073424125	0.0112199812
0.0073463035	0.0112238570
0.0073501946	0.0112277329
0.0073540856	0.0112316087
0.0073579767	0.0112354846
0.0073618677	0.0112393604
0.0073657588	0.0112432363
0.0073696498	0.0112471121
0.0073735409	0.0112509880
0.0073774319	0.0112548638
0.0073813230	0.0112587397
0.0073852140	0.0112626155
0.0073891051	0.0112664914
0.0073929961	0.0112703672
0.0073968872	0.0112742431
0.0074007782	0.0112781189
0.0074046693	0.0112819948
0.0074085603	0.0112858706
0.0074124514	0.0112897465
0.0074163424	0.0112936223
0.0074202335	0.0112974982
0.0074241245	0.0113013740
0.0074280156	0.0113052499
0.0074319066	0.0113091257
0.0074357977	0.0113130016
0.0074396887	0.0113168774
0.0074435798	0.0113207533
0.0074474708	0.0113246291
0.0074513619	0.0113285050
0.0074552529	0.0113323808
0.0074591440	0.0113362567
0.0074630350	0.0113401325
0.0074669261	0.0113440084
0.0074708171	0.0113478842
0.0074747082	0.0113517601
0.0074785992	0.0113556359
0.0074824903	0.0113595118
0.0074863813	0.0113633876
0.0074902724	0.0113672635
0.0074941634	0.0113711393
0.0074980545	0.0113750152
0.0075019455	0.0113788911
0.0075058366	0.0113827669
0.0075097276	0.0113866428
0.0075136187	0.0113905186
0.0075175097	0.0113943945
0.0075214008	0.0113982703
0.0075252918	0.0114021462
0.0075291829	0.0114060220
0.0075330739	0.0114098979
0.0075369650	0.0114137737
0.0075408560	0.0114176496
0.0075447471	0.0114215254
0.0075486381	0.0114254013
0.0075525292	0.0114292771
0.0075564202	0.0114331530
0.0075603113	0.0114370288
0.0075642023	0.0114409047
0.0075680934	0.0114447805
0.0075719844	0.0114486564
0.0075758755	0.0114525322
0.0075797665	0.0114564081
0.0075836576	0.0114602839
0.0075875486	0.0114641598
0.0075914397	0.0114680356
0.0075953307	0.0114719115
0.0075992218	0.0114757873
0.0076031128	0.0114796632
0.0076070039	0.0114835390
0.0076108949	0.0114874149
0.0076147860	0.0114912907
0.0076186770	0.0114951666
0.0076225681	0.0114990424
0.0076264591	0.0115029183
0.0076303502	0.0115067941
0.0076342412	0.0115106700
0.0076381323	0.0115145458
0.0076420233	0.0115184217
0.0076459144	0.0115222975
0.0076498054	0.0115261734
0.0076536965	0.0115300492
0.0076575875	0.0115339251
0.0076614786	0.0115378009
0.0076653696	0.0115416768
0.0076692607	0.0115455527
0.0076731518	0.0115494285
0.0076770428	0.0115533044
0.0076809339	0.0115571802
0.0076848249	0.0115610561
0.0076887160	0.0115649319
0.0076926070	0.0115688078
0.0076964981	0.0115726836
0.0077003891	0.0115765595
0.0077042802	0.0115804353
0.0077081712	0.0115843112
0.0077120623	0.0115881870
0.0077159533	0.0115920629
0.0077198444	0.0115959387
0.0077237354	0.0115998146
0.0077276265	0.0116036904
0.0077315175	0.0116075663
0.0077354086	0.0116114421
0.0077392996	0.0116153180
0.0077431907	0.0116191938
0.0077470817	0.0116230697
0.0077509728	0.0116269455
0.0077548638	0.0116308214
0.0077587549	0.0116346972
0.0077626459	0.0116385731
0.0077665370	0.0116424489
0.0077704280	0.0116463248
0.0077743191	0.0116502006
0.0077782101	0.0116540765
