0.0048943984	0.0087815297
0.0048943984	0.0038871313
-0.0048943984	0.0087815297
0.0114546067	0.0153161122
0.0114546067	0.0038615054
-0.0114546067	0.0153161122
0.0105401151	0.0144051928
0.0105401151	0.0038650777
-0.0105401151	0.0144051928
0.0082379680	0.0121120384
0.0082379680	0.0038740704
-0.0082379680	0.0121120384
0.0037697575	0.0076612819
0.0037697575	0.0038915244
-0.0037697575	0.0076612819
0.0077390855	0.0116151047
0.0077390855	0.0038760192
-0.0077390855	0.0116151047
0.0073042485	0.0111819663
0.0073042485	0.0038777178
-0.0073042485	0.0111819663
0.0069011994	0.0107804916
0.0069011994	0.0038792922
-0.0069011994	0.0107804916
0.0085170305	0.0123900109
0.0085170305	0.0038729803
-0.0085170305	0.0123900109
0.0025311199	0.0064274827
0.0025311199	0.0038963628
-0.0025311199	0.0064274827
0.0105095858	0.0143747827
0.0105095858	0.0038651969
-0.0105095858	0.0143747827
0.0081300737	0.0120045656
0.0081300737	0.0038744919
-0.0081300737	0.0120045656
0.0022770259	0.0061743813
0.0022770259	0.0038973554
-0.0022770259	0.0061743813
0.0020178663	0.0059162340
0.0020178663	0.0038983677
-0.0020178663	0.0059162340
0.0056411524	0.0095253667
0.0056411524	0.0038842142
-0.0056411524	0.0095253667
0.0087230756	0.0125952511
0.0087230756	0.0038721755
-0.0087230756	0.0125952511
0.0069401056	0.0108192458
0.0069401056	0.0038791402
-0.0069401056	0.0108192458
0.0049845611	0.0088713402
0.0049845611	0.0038867791
-0.0049845611	0.0088713402
0.0083681644	0.0122417263
0.0083681644	0.0038735619
-0.0083681644	0.0122417263
0.0037373008	0.0076289520
0.0037373008	0.0038916512
-0.0037373008	0.0076289520
0.0083962042	0.0122696565
0.0083962042	0.0038734523
-0.0083962042	0.0122696565
0.0025603982	0.0064566466
0.0025603982	0.0038962484
-0.0025603982	0.0064566466
0.0031451684	0.0070391326
0.0031451684	0.0038939642
-0.0031451684	0.0070391326
0.0050204021	0.0089070412
0.0050204021	0.0038866391
-0.0050204021	0.0089070412
0.0100520343	0.0139190185
0.0100520343	0.0038669842
-0.0100520343	0.0139190185
0.0008162857	0.0047193471
0.0008162857	0.0039030614
-0.0008162857	0.0047193471
0.0017409731	0.0056404224
0.0017409731	0.0038994493
-0.0017409731	0.0056404224
0.0044218339	0.0083108111
0.0044218339	0.0038889772
-0.0044218339	0.0083108111
0.0061896977	0.0100717692
0.0061896977	0.0038820715
-0.0061896977	0.0100717692
0.0105493286	0.0144143703
0.0105493286	0.0038650417
-0.0105493286	0.0144143703
0.0109717605	0.0148351520
0.0109717605	0.0038633916
-0.0109717605	0.0148351520
0.0108317475	0.0146956860
0.0108317475	0.0038639385
-0.0108317475	0.0146956860
0.0070719744	0.0109505995
0.0070719744	0.0038786251
-0.0070719744	0.0109505995
0.0067649974	0.0106448216
0.0067649974	0.0038798242
-0.0067649974	0.0106448216
0.0072343874	0.0111123781
0.0072343874	0.0038779907
-0.0072343874	0.0111123781
0.0110255702	0.0148887516
0.0110255702	0.0038631814
-0.0110255702	0.0148887516
0.0057331082	0.0096169632
0.0057331082	0.0038838550
-0.0057331082	0.0096169632
0.0088528597	0.0127245282
0.0088528597	0.0038716685
-0.0088528597	0.0127245282
0.0044538103	0.0083426626
0.0044538103	0.0038888523
-0.0044538103	0.0083426626
0.0094641083	0.0133333891
0.0094641083	0.0038692808
-0.0094641083	0.0133333891
0.0053441148	0.0092294894
0.0053441148	0.0038853746
-0.0053441148	0.0092294894
0.0060447988	0.0099274363
0.0060447988	0.0038826375
-0.0060447988	0.0099274363
0.0109232722	0.0147868532
0.0109232722	0.0038635810
-0.0109232722	0.0147868532
0.0003272514	0.0042322231
0.0003272514	0.0039049717
-0.0003272514	0.0042322231
0.0066675048	0.0105477099
0.0066675048	0.0038802051
-0.0066675048	0.0105477099
0.0014083273	0.0053090760
0.0014083273	0.0039007487
-0.0014083273	0.0053090760
0.0095119767	0.0133810706
0.0095119767	0.0038690938
-0.0095119767	0.0133810706
0.0030638643	0.0069581460
0.0030638643	0.0038942818
-0.0030638643	0.0069581460
0.0104901997	0.0143554724
0.0104901997	0.0038652727
-0.0104901997	0.0143554724
0.0112705444	0.0151327689
0.0112705444	0.0038622244
-0.0112705444	0.0151327689
0.0063342060	0.0102157130
0.0063342060	0.0038815070
-0.0063342060	0.0102157130
0.0025206805	0.0064170841
0.0025206805	0.0038964036
-0.0025206805	0.0064170841
0.0006385536	0.0045423093
0.0006385536	0.0039037556
-0.0006385536	0.0045423093
0.0033891071	0.0072821184
0.0033891071	0.0038930113
-0.0033891071	0.0072821184
0.0005600714	0.0044641336
0.0005600714	0.0039040622
-0.0005600714	0.0044641336
0.0029893882	0.0068839609
0.0029893882	0.0038945727
-0.0029893882	0.0068839609
0.0116364064	0.0154972017
0.0116364064	0.0038607953
-0.0116364064	0.0154972017
0.0085393460	0.0124122392
0.0085393460	0.0038728932
-0.0085393460	0.0124122392
0.0000753522	0.0039813079
0.0000753522	0.0039059557
-0.0000753522	0.0039813079
0.0043312917	0.0082206226
0.0043312917	0.0038893309
-0.0043312917	0.0082206226
0.0027051380	0.0066008211
0.0027051380	0.0038956831
-0.0027051380	0.0066008211
0.0003168138	0.0042218262
0.0003168138	0.0039050124
-0.0003168138	0.0042218262
0.0024627274	0.0063593574
0.0024627274	0.0038966300
-0.0024627274	0.0063593574
0.0096766971	0.0135451475
0.0096766971	0.0038684504
-0.0096766971	0.0135451475
0.0100605811	0.0139275319
0.0100605811	0.0038669509
-0.0100605811	0.0139275319
0.0005680703	0.0044721013
0.0005680703	0.0039040310
-0.0005680703	0.0044721013
0.0088519626	0.0127236346
0.0088519626	0.0038716720
-0.0088519626	0.0127236346
0.0096555450	0.0135240780
0.0096555450	0.0038685330
-0.0096555450	0.0135240780
0.0095475844	0.0134165392
0.0095475844	0.0038689547
-0.0095475844	0.0134165392
0.0094292926	0.0132987094
0.0094292926	0.0038694168
-0.0094292926	0.0132987094
0.0024430413	0.0063397482
0.0024430413	0.0038967069
-0.0024430413	0.0063397482
0.0000146399	0.0039208327
0.0000146399	0.0039061928
-0.0000146399	0.0039208327
0.0085978482	0.0124705128
0.0085978482	0.0038726647
-0.0085978482	0.0124705128
0.0112228664	0.0150852771
0.0112228664	0.0038624107
-0.0112228664	0.0150852771
0.0076946791	0.0115708718
0.0076946791	0.0038761927
-0.0076946791	0.0115708718
0.0029566263	0.0068513269
0.0029566263	0.0038947007
-0.0029566263	0.0068513269
0.0092823717	0.0131523624
0.0092823717	0.0038699907
-0.0092823717	0.0131523624
0.0029822855	0.0068768859
0.0029822855	0.0038946004
-0.0029822855	0.0068768859
0.0009808784	0.0048832968
0.0009808784	0.0039024184
-0.0009808784	0.0048832968
0.0115400669	0.0154012385
0.0115400669	0.0038611716
-0.0115400669	0.0154012385
0.0105415904	0.0144066623
0.0105415904	0.0038650719
-0.0105415904	0.0144066623
0.0040931213	0.0079833825
0.0040931213	0.0038902612
-0.0040931213	0.0079833825
0.0054906139	0.0093754162
0.0054906139	0.0038848023
-0.0054906139	0.0093754162
0.0044157516	0.0083047526
0.0044157516	0.0038890010
-0.0044157516	0.0083047526
0.0029472795	0.0068420167
0.0029472795	0.0038947372
-0.0029472795	0.0068420167
0.0032311801	0.0071248083
0.0032311801	0.0038936282
-0.0032311801	0.0071248083
0.0027103650	0.0066060277
0.0027103650	0.0038956626
-0.0027103650	0.0066060277
0.0080044371	0.0118794198
0.0080044371	0.0038749827
-0.0080044371	0.0118794198
0.0084865391	0.0123596386
0.0084865391	0.0038730995
-0.0084865391	0.0123596386
0.0049277407	0.0088147417
0.0049277407	0.0038870010
-0.0049277407	0.0088147417
0.0093368826	0.0132066604
0.0093368826	0.0038697778
-0.0093368826	0.0132066604
0.0079687714	0.0118438934
0.0079687714	0.0038751220
-0.0079687714	0.0118438934
0.0025365389	0.0064328806
0.0025365389	0.0038963416
-0.0025365389	0.0064328806
0.0046814266	0.0085693898
0.0046814266	0.0038879632
-0.0046814266	0.0085693898
0.0055911371	0.0094755467
0.0055911371	0.0038844096
-0.0055911371	0.0094755467
0.0074282062	0.0113054397
0.0074282062	0.0038772336
-0.0074282062	0.0113054397
0.0032342021	0.0071278185
0.0032342021	0.0038936164
-0.0032342021	0.0071278185
0.0089885776	0.0128597160
0.0089885776	0.0038711384
-0.0089885776	0.0128597160
0.0113272834	0.0151892862
0.0113272834	0.0038620028
-0.0113272834	0.0151892862
0.0037263168	0.0076180109
0.0037263168	0.0038916941
-0.0037263168	0.0076180109
0.0103292761	0.0141951774
0.0103292761	0.0038659013
-0.0103292761	0.0141951774
0.0016140223	0.0055139675
0.0016140223	0.0038999452
-0.0016140223	0.0055139675
0.0116611683	0.0155218669
0.0116611683	0.0038606986
-0.0116611683	0.0155218669
0.0062523615	0.0101341882
0.0062523615	0.0038818267
-0.0062523615	0.0101341882
0.0115918864	0.0154528556
0.0115918864	0.0038609692
-0.0115918864	0.0154528556
0.0098911825	0.0137587951
0.0098911825	0.0038676126
-0.0098911825	0.0137587951
0.0055809964	0.0094654456
0.0055809964	0.0038844492
-0.0055809964	0.0094654456
0.0061937807	0.0100758363
0.0061937807	0.0038820555
-0.0061937807	0.0100758363
0.0109234602	0.0147870404
0.0109234602	0.0038635802
-0.0109234602	0.0147870404
0.0033423508	0.0072355447
0.0033423508	0.0038931939
-0.0033423508	0.0072355447
0.0098936650	0.0137612679
0.0098936650	0.0038676029
-0.0098936650	0.0137612679
0.0110232729	0.0148864632
0.0110232729	0.0038631903
-0.0110232729	0.0148864632
0.0053889473	0.0092741468
0.0053889473	0.0038851994
-0.0053889473	0.0092741468
0.0033538392	0.0072469882
0.0033538392	0.0038931491
-0.0033538392	0.0072469882
0.0090531312	0.0129240174
0.0090531312	0.0038708862
-0.0090531312	0.0129240174
0.0062977521	0.0101794015
0.0062977521	0.0038816494
-0.0062977521	0.0101794015
0.0088725804	0.0127441719
0.0088725804	0.0038715915
-0.0088725804	0.0127441719
0.0074229003	0.0113001546
0.0074229003	0.0038772543
-0.0074229003	0.0113001546
0.0034088116	0.0073017459
0.0034088116	0.0038929343
-0.0034088116	0.0073017459
0.0000061883	0.0039124142
0.0000061883	0.0039062258
-0.0000061883	0.0039124142
0.0062584365	0.0101402395
0.0062584365	0.0038818030
-0.0062584365	0.0101402395
0.0012653394	0.0051666467
0.0012653394	0.0039013073
-0.0012653394	0.0051666467
0.0064804380	0.0103613738
0.0064804380	0.0038809358
-0.0064804380	0.0103613738
0.0045193137	0.0084079101
0.0045193137	0.0038885964
-0.0045193137	0.0084079101
0.0009033819	0.0048061031
0.0009033819	0.0039027212
-0.0009033819	0.0048061031
0.0035212995	0.0074137945
0.0035212995	0.0038924949
-0.0035212995	0.0074137945
0.0004566162	0.0043610825
0.0004566162	0.0039044663
-0.0004566162	0.0043610825
0.0057444801	0.0096282907
0.0057444801	0.0038838106
-0.0057444801	0.0096282907
0.0093001893	0.0131701105
0.0093001893	0.0038699211
-0.0093001893	0.0131701105
0.0080002225	0.0118752216
0.0080002225	0.0038749991
-0.0080002225	0.0118752216
0.0002335417	0.0041388794
0.0002335417	0.0039053377
-0.0002335417	0.0041388794
0.0071969197	0.0110750567
0.0071969197	0.0038781370
-0.0071969197	0.0110750567
0.0083437589	0.0122174161
0.0083437589	0.0038736572
-0.0083437589	0.0122174161
0.0108358124	0.0146997350
0.0108358124	0.0038639226
-0.0108358124	0.0146997350
0.0081649775	0.0120393330
0.0081649775	0.0038743556
-0.0081649775	0.0120393330
0.0097911262	0.0136591296
0.0097911262	0.0038680034
-0.0097911262	0.0136591296
0.0056618917	0.0095460250
0.0056618917	0.0038841332
-0.0056618917	0.0095460250
0.0014973884	0.0053977892
0.0014973884	0.0039004008
-0.0014973884	0.0053977892
0.0104990841	0.0143643221
0.0104990841	0.0038652380
-0.0104990841	0.0143643221
0.0078536972	0.0117292687
0.0078536972	0.0038755715
-0.0078536972	0.0117292687
0.0097233230	0.0135915913
0.0097233230	0.0038682683
-0.0097233230	0.0135915913
0.0020803723	0.0059784958
0.0020803723	0.0038981235
-0.0020803723	0.0059784958
0.0053978951	0.0092830596
0.0053978951	0.0038851645
-0.0053978951	0.0092830596
0.0051488020	0.0090349395
0.0051488020	0.0038861375
-0.0051488020	0.0090349395
0.0068150414	0.0106946701
0.0068150414	0.0038796287
-0.0068150414	0.0106946701
0.0098436983	0.0137114963
0.0098436983	0.0038677981
-0.0098436983	0.0137114963
0.0022049191	0.0061025561
0.0022049191	0.0038976370
-0.0022049191	0.0061025561
0.0102088326	0.0140752043
0.0102088326	0.0038663717
-0.0102088326	0.0140752043
0.0110038052	0.0148670716
0.0110038052	0.0038632664
-0.0110038052	0.0148670716
0.0072605909	0.0111384793
0.0072605909	0.0038778883
-0.0072605909	0.0111384793
0.0038203718	0.0077116985
0.0038203718	0.0038913267
-0.0038203718	0.0077116985
0.0115253481	0.0153865772
0.0115253481	0.0038612291
-0.0115253481	0.0153865772
0.0079953165	0.0118703348
0.0079953165	0.0038750183
-0.0079953165	0.0118703348
0.0041582484	0.0080482553
0.0041582484	0.0038900068
-0.0041582484	0.0080482553
0.0018565046	0.0057555026
0.0018565046	0.0038989980
-0.0018565046	0.0057555026
0.0001999188	0.0041053878
0.0001999188	0.0039054691
-0.0001999188	0.0041053878
0.0086677495	0.0125401411
0.0086677495	0.0038723916
-0.0086677495	0.0125401411
0.0049171363	0.0088041787
0.0049171363	0.0038870424
-0.0049171363	0.0088041787
0.0050061998	0.0088928943
0.0050061998	0.0038866945
-0.0050061998	0.0088928943
0.0030487496	0.0069430905
0.0030487496	0.0038943408
-0.0030487496	0.0069430905
0.0053200441	0.0092055126
0.0053200441	0.0038854686
-0.0053200441	0.0092055126
0.0107321138	0.0145964415
0.0107321138	0.0038643277
-0.0107321138	0.0145964415
0.0044475997	0.0083364763
0.0044475997	0.0038888766
-0.0044475997	0.0083364763
0.0046729753	0.0085609715
0.0046729753	0.0038879962
-0.0046729753	0.0085609715
0.0107851699	0.0146492904
0.0107851699	0.0038641204
-0.0107851699	0.0146492904
0.0110608567	0.0149239002
0.0110608567	0.0038630435
-0.0110608567	0.0149239002
0.0020790096	0.0059771385
0.0020790096	0.0038981289
-0.0020790096	0.0059771385
0.0031989121	0.0070926663
0.0031989121	0.0038937542
-0.0031989121	0.0070926663
0.0039448715	0.0078357118
0.0039448715	0.0038908403
-0.0039448715	0.0078357118
0.0033670883	0.0072601856
0.0033670883	0.0038930973
-0.0033670883	0.0072601856
0.0062185681	0.0101005268
0.0062185681	0.0038819587
-0.0062185681	0.0101005268
0.0077617424	0.0116376731
0.0077617424	0.0038759307
-0.0077617424	0.0116376731
0.0085803976	0.0124531304
0.0085803976	0.0038727328
-0.0085803976	0.0124531304
0.0100650748	0.0139320081
0.0100650748	0.0038669333
-0.0100650748	0.0139320081
0.0061308239	0.0100131254
0.0061308239	0.0038823015
-0.0061308239	0.0100131254
0.0020791775	0.0059773058
0.0020791775	0.0038981282
-0.0020791775	0.0059773058
0.0086478749	0.0125203441
0.0086478749	0.0038724692
-0.0086478749	0.0125203441
0.0054913524	0.0093761518
0.0054913524	0.0038847994
-0.0054913524	0.0093761518
0.0042170419	0.0081068191
0.0042170419	0.0038897772
-0.0042170419	0.0081068191
0.0116597614	0.0155204655
0.0116597614	0.0038607041
-0.0116597614	0.0155204655
0.0004296618	0.0043342334
0.0004296618	0.0039045716
-0.0004296618	0.0043342334
0.0081518835	0.0120262902
0.0081518835	0.0038744067
-0.0081518835	0.0120262902
0.0040545898	0.0079450016
0.0040545898	0.0038904118
-0.0040545898	0.0079450016
0.0096902848	0.0135586821
0.0096902848	0.0038683973
-0.0096902848	0.0135586821
0.0072160297	0.0110940921
0.0072160297	0.0038780624
-0.0072160297	0.0110940921
0.0038873632	0.0077784282
0.0038873632	0.0038910650
-0.0038873632	0.0077784282
0.0049544688	0.0088413654
0.0049544688	0.0038868966
-0.0049544688	0.0088413654
0.0058407032	0.0097241380
0.0058407032	0.0038834348
-0.0058407032	0.0097241380
0.0098205956	0.0136884839
0.0098205956	0.0038678883
-0.0098205956	0.0136884839
0.0009865142	0.0048889106
0.0009865142	0.0039023964
-0.0009865142	0.0048889106
0.0038258145	0.0077171200
0.0038258145	0.0038913054
-0.0038258145	0.0077171200
0.0071370153	0.0110153863
0.0071370153	0.0038783710
-0.0071370153	0.0110153863
0.0007071021	0.0046105899
0.0007071021	0.0039034879
-0.0007071021	0.0046105899
0.0099637055	0.0138310348
0.0099637055	0.0038673293
-0.0099637055	0.0138310348
0.0088745496	0.0127461333
0.0088745496	0.0038715838
-0.0088745496	0.0127461333
0.0113610165	0.0152228875
0.0113610165	0.0038618710
-0.0113610165	0.0152228875
0.0107454159	0.0146096916
0.0107454159	0.0038642757
-0.0107454159	0.0146096916
0.0101884590	0.0140549103
0.0101884590	0.0038664513
-0.0101884590	0.0140549103
0.0014771214	0.0053776014
0.0014771214	0.0039004800
-0.0014771214	0.0053776014
0.0014425096	0.0053431248
0.0014425096	0.0039006152
-0.0014425096	0.0053431248
