0.0000000000	0.0039062500
0.0001865443	0.0040920657
0.0003730887	0.0042778813
0.0005596330	0.0044636970
0.0007461774	0.0046495126
0.0009327217	0.0048353283
0.0011192661	0.0050211439
0.0013058104	0.0052069596
0.0014923547	0.0053927752
0.0016788991	0.0055785909
0.0018654434	0.0057644065
0.0020519878	0.0059502222
0.0022385321	0.0061360378
0.0024250765	0.0063218535
0.0026116208	0.0065076692
0.0027981651	0.0066934848
0.0029847095	0.0068793005
0.0031712538	0.0070651161
0.0033577982	0.0072509318
0.0035443425	0.0074367474
0.0037308869	0.0076225631
0.0039174312	0.0078083787
0.0041039755	0.0079941944
0.0042905199	0.0081800100
0.0044770642	0.0083658257
0.0046636086	0.0085516413
0.0048501529	0.0087374570
0.0050366972	0.0089232726
0.0052232416	0.0091090883
0.0054097859	0.0092949040
0.0055963303	0.0094807196
0.0057828746	0.0096665353
0.0059694190	0.0098523509
0.0061559633	0.0100381666
0.0063425076	0.0102239822
0.0065290520	0.0104097979
0.0067155963	0.0105956135
0.0069021407	0.0107814292
0.0070886850	0.0109672448
0.0072752294	0.0111530605
0.0074617737	0.0113388761
0.0076483180	0.0115246918
0.0078348624	0.0117105075
0.0080214067	0.0118963231
0.0082079511	0.0120821388
0.0083944954	0.0122679544
0.0085810398	0.0124537701
0.0087675841	0.0126395857
0.0089541284	0.0128254014
0.0091406728	0.0130112170
0.0093272171	0.0131970327
0.0095137615	0.0133828483
0.0097003058	0.0135686640
0.0098868502	0.0137544796
0.0100733945	0.0139402953
0.0102599388	0.0141261110
0.0104464832	0.0143119266
0.0106330275	0.0144977423
0.0108195719	0.0146835579
0.0110061162	0.0148693736
0.0111926606	0.0150551892
0.0113792049	0.0152410049
0.0115657492	0.0154268205
0.0117522936	0.0156126362
0.0119388379	0.0157984518
0.0121253823	0.0159842675
0.0123119266	0.0161700831
0.0124984709	0.0163558988
0.0126850153	0.0165417144
0.0128715596	0.0167275301
0.0130581040	0.0169133458
0.0132446483	0.0170991614
0.0134311927	0.0172849771
0.0136177370	0.0174707927
0.0138042813	0.0176566084
0.0139908257	0.0178424240
0.0141773700	0.0180282397
0.0143639144	0.0182140553
0.0145504587	0.0183998710
0.0147370031	0.0185856866
0.0149235474	0.0187715023
0.0151100917	0.0189573179
0.0152966361	0.0191431336
0.0154831804	0.0193289493
0.0156697248	0.0195147649
0.0158562691	0.0197005806
0.0160428135	0.0198863962
0.0162293578	0.0200722119
0.0164159021	0.0202580275
0.0166024465	0.0204438432
0.0167889908	0.0206296588
0.0169755352	0.0208154745
0.0171620795	0.0210012901
0.0173486239	0.0211871058
0.0175351682	0.0213729214
0.0177217125	0.0215587371
0.0179082569	0.0217445528
0.0180948012	0.0219303684
0.0182813456	0.0221161841
0.0184678899	0.0223019997
0.0186544343	0.0224878154
0.0188409786	0.0226736310
0.0190275229	0.0228594467
0.0192140673	0.0230452623
0.0194006116	0.0232310780
0.0195871560	0.0234168936
0.0197737003	0.0236027093
0.0199602446	0.0237885249
0.0201467890	0.0239743406
0.0203333333	0.0241601562
0.0205198777	0.0243459719
0.0207064220	0.0245317876
0.0208929664	0.0247176032
0.0210795107	0.0249034189
0.0212660550	0.0250892345
0.0214525994	0.0252750502
0.0216391437	0.0254608658
0.0218256881	0.0256466815
0.0220122324	0.0258324971
0.0221987768	0.0260183128
0.0223853211	0.0262041284
0.0225718654	0.0263899441
0.0227584098	0.0265757597
0.0229449541	0.0267615754
0.0231314985	0.0269473911
0.0233180428	0.0271332067
0.0235045872	0.0273190224
0.0236911315	0.0275048380
0.0238776758	0.0276906537
0.0240642202	0.0278764693
0.0242507645	0.0280622850
0.0244373089	0.0282481006
0.0246238532	0.0284339163
0.0248103976	0.0286197319
0.0249969419	0.0288055476
0.0251834862	0.0289913632
0.0253700306	0.0291771789
0.0255565749	0.0293629946
0.0257431193	0.0295488102
0.0259296636	0.0297346259
0.0261162080	0.0299204415
0.0263027523	0.0301062572
0.0264892966	0.0302920728
0.0266758410	0.0304778885
0.0268623853	0.0306637041
0.0270489297	0.0308495198
0.0272354740	0.0310353354
0.0274220183	0.0312211511
0.0276085627	0.0314069667
0.0277951070	0.0315927824
0.0279816514	0.0317785981
0.0281681957	0.0319644137
0.0283547401	0.0321502294
0.0285412844	0.0323360450
0.0287278287	0.0325218607
0.0289143731	0.0327076763
0.0291009174	0.0328934920
0.0292874618	0.0330793076
0.0294740061	0.0332651233
0.0296605505	0.0334509389
0.0298470948	0.0336367546
0.0300336391	0.0338225702
0.0302201835	0.0340083859
0.0304067278	0.0341942015
0.0305932722	0.0343800172
0.0307798165	0.0345658329
0.0309663609	0.0347516485
0.0311529052	0.0349374642
0.0313394495	0.0351232798
0.0315259939	0.0353090955
0.0317125382	0.0354949111
0.0318990826	0.0356807268
0.0320856269	0.0358665424
0.0322721713	0.0360523581
0.0324587156	0.0362381737
0.0326452599	0.0364239894
0.0328318043	0.0366098050
0.0330183486	0.0367956207
0.0332048930	0.0369814364
0.0333914373	0.0371672520
0.0335779817	0.0373530677
0.0337645260	0.0375388833
0.0339510703	0.0377246990
0.0341376147	0.0379105146
0.0343241590	0.0380963303
0.0345107034	0.0382821459
0.0346972477	0.0384679616
0.0348837920	0.0386537772
0.0350703364	0.0388395929
0.0352568807	0.0390254085
0.0354434251	0.0392112242
0.0356299694	0.0393970399
0.0358165138	0.0395828555
0.0360030581	0.0397686712
0.0361896024	0.0399544868
0.0363761468	0.0401403025
0.0365626911	0.0403261181
0.0367492355	0.0405119338
0.0369357798	0.0406977494
0.0371223242	0.0408835651
0.0373088685	0.0410693807
0.0374954128	0.0412551964
0.0376819572	0.0414410120
0.0378685015	0.0416268277
0.0380550459	0.0418126433
0.0382415902	0.0419984590
0.0384281346	0.0421842747
0.0386146789	0.0423700903
0.0388012232	0.0425559060
0.0389877676	0.0427417216
0.0391743119	0.0429275373
0.0393608563	0.0431133529
0.0395474006	0.0432991686
0.0397339450	0.0434849842
0.0399204893	0.0436707999
0.0401070336	0.0438566155
0.0402935780	0.0440424312
0.0404801223	0.0442282468
0.0406666667	0.0444140625
0.0408532110	0.0445998782
0.0410397554	0.0447856938
0.0412262997	0.0449715095
0.0414128440	0.0451573251
0.0415993884	0.0453431408
0.0417859327	0.0455289564
0.0419724771	0.0457147721
0.0421590214	0.0459005877
0.0423455657	0.0460864034
0.0425321101	0.0462722190
0.0427186544	0.0464580347
0.0429051988	0.0466438503
0.0430917431	0.0468296660
0.0432782875	0.0470154817
0.0434648318	0.0472012973
0.0436513761	0.0473871130
0.0438379205	0.0475729286
0.0440244648	0.0477587443
0.0442110092	0.0479445599
0.0443975535	0.0481303756
0.0445840979	0.0483161912
0.0447706422	0.0485020069
0.0449571865	0.0486878225
0.0451437309	0.0488736382
0.0453302752	0.0490594538
0.0455168196	0.0492452695
0.0457033639	0.0494310851
0.0458899083	0.0496169008
0.0460764526	0.0498027165
0.0462629969	0.0499885321
0.0464495413	0.0501743478
0.0466360856	0.0503601634
0.0468226300	0.0505459791
0.0470091743	0.0507317947
0.0471957187	0.0509176104
0.0473822630	0.0511034260
0.0475688073	0.0512892417
0.0477553517	0.0514750573
0.0479418960	0.0516608730
0.0481284404	0.0518466886
0.0483149847	0.0520325043
0.0485015291	0.0522183200
0.0486880734	0.0524041356
0.0488746177	0.0525899513
0.0490611621	0.0527757669
0.0492477064	0.0529615826
0.0494342508	0.0531473982
0.0496207951	0.0533332139
0.0498073394	0.0535190295
0.0499938838	0.0537048452
0.0501804281	0.0538906608
0.0503669725	0.0540764765
0.0505535168	0.0542622921
0.0507400612	0.0544481078
0.0509266055	0.0546339235
0.0511131498	0.0548197391
0.0512996942	0.0550055548
0.0514862385	0.0551913704
0.0516727829	0.0553771861
0.0518593272	0.0555630017
0.0520458716	0.0557488174
0.0522324159	0.0559346330
0.0524189602	0.0561204487
0.0526055046	0.0563062643
0.0527920489	0.0564920800
0.0529785933	0.0566778956
0.0531651376	0.0568637113
0.0533516820	0.0570495269
0.0535382263	0.0572353426
0.0537247706	0.0574211583
0.0539113150	0.0576069739
0.0540978593	0.0577927896
0.0542844037	0.0579786052
0.0544709480	0.0581644209
0.0546574924	0.0583502365
0.0548440367	0.0585360522
0.0550305810	0.0587218678
0.0552171254	0.0589076835
0.0554036697	0.0590934991
0.0555902141	0.0592793148
0.0557767584	0.0594651304
0.0559633028	0.0596509461
0.0561498471	0.0598367618
0.0563363914	0.0600225774
0.0565229358	0.0602083931
0.0567094801	0.0603942087
0.0568960245	0.0605800244
0.0570825688	0.0607658400
0.0572691131	0.0609516557
0.0574556575	0.0611374713
0.0576422018	0.0613232870
0.0578287462	0.0615091026
0.0580152905	0.0616949183
0.0582018349	0.0618807339
0.0583883792	0.0620665496
0.0585749235	0.0622523653
0.0587614679	0.0624381809
0.0589480122	0.0626239966
0.0591345566	0.0628098122
0.0593211009	0.0629956279
0.0595076453	0.0631814435
0.0596941896	0.0633672592
0.0598807339	0.0635530748
0.0600672783	0.0637388905
0.0602538226	0.0639247061
0.0604403670	0.0641105218
0.0606269113	0.0642963374
0.0608134557	0.0644821531
0.0610000000	0.0646679687
0.0611865443	0.0648537844
0.0613730887	0.0650396001
0.0615596330	0.0652254157
0.0617461774	0.0654112314
0.0619327217	0.0655970470
0.0621192661	0.0657828627
0.0623058104	0.0659686783
0.0624923547	0.0661544940
0.0626788991	0.0663403096
0.0628654434	0.0665261253
0.0630519878	0.0667119409
0.0632385321	0.0668977566
0.0634250765	0.0670835722
0.0636116208	0.0672693879
0.0637981651	0.0674552036
0.0639847095	0.0676410192
0.0641712538	0.0678268349
0.0643577982	0.0680126505
0.0645443425	0.0681984662
0.0647308869	0.0683842818
0.0649174312	0.0685700975
0.0651039755	0.0687559131
0.0652905199	0.0689417288
0.0654770642	0.0691275444
0.0656636086	0.0693133601
0.0658501529	0.0694991757
0.0660366972	0.0696849914
0.0662232416	0.0698708071
0.0664097859	0.0700566227
0.0665963303	0.0702424384
0.0667828746	0.0704282540
0.0669694190	0.0706140697
0.0671559633	0.0707998853
0.0673425076	0.0709857010
0.0675290520	0.0711715166
0.0677155963	0.0713573323
0.0679021407	0.0715431479
0.0680886850	0.0717289636
0.0682752294	0.0719147792
0.0684617737	0.0721005949
0.0686483180	0.0722864106
0.0688348624	0.0724722262
0.0690214067	0.0726580419
0.0692079511	0.0728438575
0.0693944954	0.0730296732
0.0695810398	0.0732154888
0.0697675841	0.0734013045
0.0699541284	0.0735871201
0.0701406728	0.0737729358
0.0703272171	0.0739587514
0.0705137615	0.0741445671
0.0707003058	0.0743303827
0.0708868502	0.0745161984
0.0710733945	0.0747020140
0.0712599388	0.0748878297
0.0714464832	0.0750736454
0.0716330275	0.0752594610
0.0718195719	0.0754452767
0.0720061162	0.0756310923
0.0721926606	0.0758169080
0.0723792049	0.0760027236
0.0725657492	0.0761885393
0.0727522936	0.0763743549
0.0729388379	0.0765601706
0.0731253823	0.0767459862
0.0733119266	0.0769318019
0.0734984709	0.0771176175
0.0736850153	0.0773034332
0.0738715596	0.0774892489
0.0740581040	0.0776750645
0.0742446483	0.0778608802
0.0744311927	0.0780466958
0.0746177370	0.0782325115
0.0748042813	0.0784183271
0.0749908257	0.0786041428
0.0751773700	0.0787899584
0.0753639144	0.0789757741
0.0755504587	0.0791615897
0.0757370031	0.0793474054
0.0759235474	0.0795332210
0.0761100917	0.0797190367
0.0762966361	0.0799048524
0.0764831804	0.0800906680
0.0766697248	0.0802764837
0.0768562691	0.0804622993
0.0770428135	0.0806481150
0.0772293578	0.0808339306
0.0774159021	0.0810197463
0.0776024465	0.0812055619
0.0777889908	0.0813913776
0.0779755352	0.0815771932
0.0781620795	0.0817630089
0.0783486239	0.0819488245
0.0785351682	0.0821346402
0.0787217125	0.0823204558
0.0789082569	0.0825062715
0.0790948012	0.0826920872
0.0792813456	0.0828779028
0.0794678899	0.0830637185
0.0796544343	0.0832495341
0.0798409786	0.0834353498
0.0800275229	0.0836211654
0.0802140673	0.0838069811
0.0804006116	0.0839927967
0.0805871560	0.0841786124
0.0807737003	0.0843644280
0.0809602446	0.0845502437
0.0811467890	0.0847360593
0.0813333333	0.0849218750
0.0815198777	0.0851076907
0.0817064220	0.0852935063
0.0818929664	0.0854793220
0.0820795107	0.0856651376
0.0822660550	0.0858509533
0.0824525994	0.0860367689
0.0826391437	0.0862225846
0.0828256881	0.0864084002
0.0830122324	0.0865942159
0.0831987768	0.0867800315
0.0833853211	0.0869658472
0.0835718654	0.0871516628
0.0837584098	0.0873374785
0.0839449541	0.0875232942
0.0841314985	0.0877091098
0.0843180428	0.0878949255
0.0845045872	0.0880807411
0.0846911315	0.0882665568
0.0848776758	0.0884523724
0.0850642202	0.0886381881
0.0852507645	0.0888240037
0.0854373089	0.0890098194
0.0856238532	0.0891956350
0.0858103976	0.0893814507
0.0859969419	0.0895672663
0.0861834862	0.0897530820
0.0863700306	0.0899388976
0.0865565749	0.0901247133
0.0867431193	0.0903105290
0.0869296636	0.0904963446
0.0871162080	0.0906821603
0.0873027523	0.0908679759
0.0874892966	0.0910537916
0.0876758410	0.0912396072
0.0878623853	0.0914254229
0.0880489297	0.0916112385
0.0882354740	0.0917970542
0.0884220183	0.0919828698
0.0886085627	0.0921686855
0.0887951070	0.0923545011
0.0889816514	0.0925403168
0.0891681957	0.0927261325
0.0893547401	0.0929119481
0.0895412844	0.0930977638
0.0897278287	0.0932835794
0.0899143731	0.0934693951
0.0901009174	0.0936552107
0.0902874618	0.0938410264
0.0904740061	0.0940268420
0.0906605505	0.0942126577
0.0908470948	0.0943984733
0.0910336391	0.0945842890
0.0912201835	0.0947701046
0.0914067278	0.0949559203
0.0915932722	0.0951417360
0.0917798165	0.0953275516
0.0919663609	0.0955133673
0.0921529052	0.0956991829
0.0923394495	0.0958849986
0.0925259939	0.0960708142
0.0927125382	0.0962566299
0.0928990826	0.0964424455
0.0930856269	0.0966282612
0.0932721713	0.0968140768
0.0934587156	0.0969998925
0.0936452599	0.0971857081
0.0938318043	0.0973715238
0.0940183486	0.0975573394
0.0942048930	0.0977431551
0.0943914373	0.0979289708
0.0945779817	0.0981147864
0.0947645260	0.0983006021
0.0949510703	0.0984864177
0.0951376147	0.0986722334
0.0953241590	0.0988580490
0.0955107034	0.0990438647
0.0956972477	0.0992296803
0.0958837920	0.0994154960
0.0960703364	0.0996013116
0.0962568807	0.0997871273
0.0964434251	0.0999729429
0.0966299694	0.1001587586
0.0968165138	0.1003445743
0.0970030581	0.1005303899
0.0971896024	0.1007162056
0.0973761468	0.1009020212
0.0975626911	0.1010878369
0.0977492355	0.1012736525
0.0979357798	0.1014594682
0.0981223242	0.1016452838
0.0983088685	0.1018310995
0.0984954128	0.1020169151
0.0986819572	0.1022027308
0.0988685015	0.1023885464
0.0990550459	0.1025743621
0.0992415902	0.1027601778
0.0994281346	0.1029459934
0.0996146789	0.1031318091
0.0998012232	0.1033176247
0.0999877676	0.1035034404
0.1001743119	0.1036892560
0.1003608563	0.1038750717
0.1005474006	0.1040608873
0.1007339450	0.1042467030
0.1009204893	0.1044325186
0.1011070336	0.1046183343
0.1012935780	0.1048041499
0.1014801223	0.1049899656
0.1016666667	0.1051757812
0.1018532110	0.1053615969
0.1020397554	0.1055474126
0.1022262997	0.1057332282
0.1024128440	0.1059190439
0.1025993884	0.1061048595
0.1027859327	0.1062906752
0.1029724771	0.1064764908
0.1031590214	0.1066623065
0.1033455657	0.1068481221
0.1035321101	0.1070339378
0.1037186544	0.1072197534
0.1039051988	0.1074055691
0.1040917431	0.1075913847
0.1042782875	0.1077772004
0.1044648318	0.1079630161
0.1046513761	0.1081488317
0.1048379205	0.1083346474
0.1050244648	0.1085204630
0.1052110092	0.1087062787
0.1053975535	0.1088920943
0.1055840979	0.1090779100
0.1057706422	0.1092637256
0.1059571865	0.1094495413
0.1061437309	0.1096353569
0.1063302752	0.1098211726
0.1065168196	0.1100069882
0.1067033639	0.1101928039
0.1068899083	0.1103786196
0.1070764526	0.1105644352
0.1072629969	0.1107502509
0.1074495413	0.1109360665
0.1076360856	0.1111218822
0.1078226300	0.1113076978
0.1080091743	0.1114935135
0.1081957187	0.1116793291
0.1083822630	0.1118651448
0.1085688073	0.1120509604
0.1087553517	0.1122367761
0.1089418960	0.1124225917
0.1091284404	0.1126084074
0.1093149847	0.1127942231
0.1095015291	0.1129800387
0.1096880734	0.1131658544
0.1098746177	0.1133516700
0.1100611621	0.1135374857
0.1102477064	0.1137233013
0.1104342508	0.1139091170
0.1106207951	0.1140949326
0.1108073394	0.1142807483
0.1109938838	0.1144665639
0.1111804281	0.1146523796
0.1113669725	0.1148381952
0.1115535168	0.1150240109
0.1117400612	0.1152098265
0.1119266055	0.1153956422
0.1121131498	0.1155814579
0.1122996942	0.1157672735
0.1124862385	0.1159530892
0.1126727829	0.1161389048
0.1128593272	0.1163247205
0.1130458716	0.1165105361
0.1132324159	0.1166963518
0.1134189602	0.1168821674
0.1136055046	0.1170679831
0.1137920489	0.1172537987
0.1139785933	0.1174396144
0.1141651376	0.1176254300
0.1143516820	0.1178112457
0.1145382263	0.1179970614
0.1147247706	0.1181828770
0.1149113150	0.1183686927
0.1150978593	0.1185545083
0.1152844037	0.1187403240
0.1154709480	0.1189261396
0.1156574924	0.1191119553
0.1158440367	0.1192977709
0.1160305810	0.1194835866
0.1162171254	0.1196694022
0.1164036697	0.1198552179
0.1165902141	0.1200410335
0.1167767584	0.1202268492
0.1169633028	0.1204126649
0.1171498471	0.1205984805
0.1173363914	0.1207842962
0.1175229358	0.1209701118
0.1177094801	0.1211559275
0.1178960245	0.1213417431
0.1180825688	0.1215275588
0.1182691131	0.1217133744
0.1184556575	0.1218991901
0.1186422018	0.1220850057
0.1188287462	0.1222708214
0.1190152905	0.1224566370
0.1192018349	0.1226424527
0.1193883792	0.1228282683
0.1195749235	0.1230140840
0.1197614679	0.1231998997
0.1199480122	0.1233857153
0.1201345566	0.1235715310
0.1203211009	0.1237573466
0.1205076453	0.1239431623
0.1206941896	0.1241289779
0.1208807339	0.1243147936
0.1210672783	0.1245006092
0.1212538226	0.1246864249
0.1214403670	0.1248722405
0.1216269113	0.1250580562
0.1218134557	0.1252438718
0.1220000000	0.1254296875
0.1221865443	0.1256155032
0.1223730887	0.1258013188
0.1225596330	0.1259871345
0.1227461774	0.1261729501
0.1229327217	0.1263587658
0.1231192661	0.1265445814
0.1233058104	0.1267303971
0.1234923547	0.1269162127
0.1236788991	0.1271020284
0.1238654434	0.1272878440
0.1240519878	0.1274736597
0.1242385321	0.1276594753
0.1244250765	0.1278452910
0.1246116208	0.1280311067
0.1247981651	0.1282169223
0.1249847095	0.1284027380
0.1251712538	0.1285885536
0.1253577982	0.1287743693
0.1255443425	0.1289601849
0.1257308869	0.1291460006
0.1259174312	0.1293318162
0.1261039755	0.1295176319
0.1262905199	0.1297034475
0.1264770642	0.1298892632
0.1266636086	0.1300750788
0.1268501529	0.1302608945
0.1270366972	0.1304467101
0.1272232416	0.1306325258
0.1274097859	0.1308183415
0.1275963303	0.1310041571
0.1277828746	0.1311899728
0.1279694190	0.1313757884
0.1281559633	0.1315616041
0.1283425076	0.1317474197
0.1285290520	0.1319332354
0.1287155963	0.1321190510
0.1289021407	0.1323048667
0.1290886850	0.1324906823
0.1292752294	0.1326764980
0.1294617737	0.1328623136
0.1296483180	0.1330481293
0.1298348624	0.1332339450
0.1300214067	0.1334197606
0.1302079511	0.1336055763
0.1303944954	0.1337913919
0.1305810398	0.1339772076
0.1307675841	0.1341630232
0.1309541284	0.1343488389
0.1311406728	0.1345346545
0.1313272171	0.1347204702
0.1315137615	0.1349062858
0.1317003058	0.1350921015
0.1318868502	0.1352779171
0.1320733945	0.1354637328
0.1322599388	0.1356495485
0.1324464832	0.1358353641
0.1326330275	0.1360211798
0.1328195719	0.1362069954
0.1330061162	0.1363928111
0.1331926606	0.1365786267
0.1333792049	0.1367644424
0.1335657492	0.1369502580
0.1337522936	0.1371360737
0.1339388379	0.1373218893
0.1341253823	0.1375077050
0.1343119266	0.1376935206
0.1344984709	0.1378793363
0.1346850153	0.1380651519
0.1348715596	0.1382509676
0.1350581040	0.1384367833
0.1352446483	0.1386225989
0.1354311927	0.1388084146
0.1356177370	0.1389942302
0.1358042813	0.1391800459
0.1359908257	0.1393658615
0.1361773700	0.1395516772
0.1363639144	0.1397374928
0.1365504587	0.1399233085
0.1367370031	0.1401091241
0.1369235474	0.1402949398
0.1371100917	0.1404807554
0.1372966361	0.1406665711
0.1374831804	0.1408523868
0.1376697248	0.1410382024
0.1378562691	0.1412240181
0.1380428135	0.1414098337
0.1382293578	0.1415956494
0.1384159021	0.1417814650
0.1386024465	0.1419672807
0.1387889908	0.1421530963
0.1389755352	0.1423389120
0.1391620795	0.1425247276
0.1393486239	0.1427105433
0.1395351682	0.1428963589
0.1397217125	0.1430821746
0.1399082569	0.1432679903
0.1400948012	0.1434538059
0.1402813456	0.1436396216
0.1404678899	0.1438254372
0.1406544343	0.1440112529
0.1408409786	0.1441970685
0.1410275229	0.1443828842
0.1412140673	0.1445686998
0.1414006116	0.1447545155
0.1415871560	0.1449403311
0.1417737003	0.1451261468
0.1419602446	0.1453119624
0.1421467890	0.1454977781
0.1423333333	0.1456835937
0.1425198777	0.1458694094
0.1427064220	0.1460552251
0.1428929664	0.1462410407
0.1430795107	0.1464268564
0.1432660550	0.1466126720
0.1434525994	0.1467984877
0.1436391437	0.1469843033
0.1438256881	0.1471701190
0.1440122324	0.1473559346
0.1441987768	0.1475417503
0.1443853211	0.1477275659
0.1445718654	0.1479133816
0.1447584098	0.1480991972
0.1449449541	0.1482850129
0.1451314985	0.1484708286
0.1453180428	0.1486566442
0.1455045872	0.1488424599
0.1456911315	0.1490282755
0.1458776758	0.1492140912
0.1460642202	0.1493999068
0.1462507645	0.1495857225
0.1464373089	0.1497715381
0.1466238532	0.1499573538
0.1468103976	0.1501431694
0.1469969419	0.1503289851
0.1471834862	0.1505148007
0.1473700306	0.1507006164
0.1475565749	0.1508864321
0.1477431193	0.1510722477
0.1479296636	0.1512580634
0.1481162080	0.1514438790
0.1483027523	0.1516296947
0.1484892966	0.1518155103
0.1486758410	0.1520013260
0.1488623853	0.1521871416
0.1490489297	0.1523729573
0.1492354740	0.1525587729
0.1494220183	0.1527445886
0.1496085627	0.1529304042
0.1497951070	0.1531162199
0.1499816514	0.1533020356
0.1501681957	0.1534878512
0.1503547401	0.1536736669
0.1505412844	0.1538594825
0.1507278287	0.1540452982
0.1509143731	0.1542311138
0.1511009174	0.1544169295
0.1512874618	0.1546027451
0.1514740061	0.1547885608
0.1516605505	0.1549743764
0.1518470948	0.1551601921
0.1520336391	0.1553460077
0.1522201835	0.1555318234
0.1524067278	0.1557176390
0.1525932722	0.1559034547
0.1527798165	0.1560892704
0.1529663609	0.1562750860
0.1531529052	0.1564609017
0.1533394495	0.1566467173
0.1535259939	0.1568325330
0.1537125382	0.1570183486
0.1538990826	0.1572041643
0.1540856269	0.1573899799
0.1542721713	0.1575757956
0.1544587156	0.1577616112
0.1546452599	0.1579474269
0.1548318043	0.1581332425
0.1550183486	0.1583190582
0.1552048930	0.1585048739
0.1553914373	0.1586906895
0.1555779817	0.1588765052
0.1557645260	0.1590623208
0.1559510703	0.1592481365
0.1561376147	0.1594339521
0.1563241590	0.1596197678
0.1565107034	0.1598055834
0.1566972477	0.1599913991
0.1568837920	0.1601772147
0.1570703364	0.1603630304
0.1572568807	0.1605488460
0.1574434251	0.1607346617
0.1576299694	0.1609204774
0.1578165138	0.1611062930
0.1580030581	0.1612921087
0.1581896024	0.1614779243
0.1583761468	0.1616637400
0.1585626911	0.1618495556
0.1587492355	0.1620353713
0.1589357798	0.1622211869
0.1591223242	0.1624070026
0.1593088685	0.1625928182
0.1594954128	0.1627786339
0.1596819572	0.1629644495
0.1598685015	0.1631502652
0.1600550459	0.1633360808
0.1602415902	0.1635218965
0.1604281346	0.1637077122
0.1606146789	0.1638935278
0.1608012232	0.1640793435
0.1609877676	0.1642651591
0.1611743119	0.1644509748
0.1613608563	0.1646367904
0.1615474006	0.1648226061
0.1617339450	0.1650084217
0.1619204893	0.1651942374
0.1621070336	0.1653800530
0.1622935780	0.1655658687
0.1624801223	0.1657516843
0.1626666667	0.1659375000
0.1628532110	0.1661233157
0.1630397554	0.1663091313
0.1632262997	0.1664949470
0.1634128440	0.1666807626
0.1635993884	0.1668665783
0.1637859327	0.1670523939
0.1639724771	0.1672382096
0.1641590214	0.1674240252
0.1643455657	0.1676098409
0.1645321101	0.1677956565
0.1647186544	0.1679814722
0.1649051988	0.1681672878
0.1650917431	0.1683531035
0.1652782875	0.1685389192
0.1654648318	0.1687247348
0.1656513761	0.1689105505
0.1658379205	0.1690963661
0.1660244648	0.1692821818
0.1662110092	0.1694679974
0.1663975535	0.1696538131
0.1665840979	0.1698396287
0.1667706422	0.1700254444
0.1669571865	0.1702112600
0.1671437309	0.1703970757
0.1673302752	0.1705828913
0.1675168196	0.1707687070
0.1677033639	0.1709545226
0.1678899083	0.1711403383
0.1680764526	0.1713261540
0.1682629969	0.1715119696
0.1684495413	0.1716977853
0.1686360856	0.1718836009
0.1688226300	0.1720694166
0.1690091743	0.1722552322
0.1691957187	0.1724410479
0.1693822630	0.1726268635
0.1695688073	0.1728126792
0.1697553517	0.1729984948
0.1699418960	0.1731843105
0.1701284404	0.1733701261
0.1703149847	0.1735559418
0.1705015291	0.1737417575
0.1706880734	0.1739275731
0.1708746177	0.1741133888
0.1710611621	0.1742992044
0.1712477064	0.1744850201
0.1714342508	0.1746708357
0.1716207951	0.1748566514
0.1718073394	0.1750424670
0.1719938838	0.1752282827
0.1721804281	0.1754140983
0.1723669725	0.1755999140
0.1725535168	0.1757857296
0.1727400612	0.1759715453
0.1729266055	0.1761573610
0.1731131498	0.1763431766
0.1732996942	0.1765289923
0.1734862385	0.1767148079
0.1736727829	0.1769006236
0.1738593272	0.1770864392
0.1740458716	0.1772722549
0.1742324159	0.1774580705
0.1744189602	0.1776438862
0.1746055046	0.1778297018
0.1747920489	0.1780155175
0.1749785933	0.1782013331
0.1751651376	0.1783871488
0.1753516820	0.1785729644
0.1755382263	0.1787587801
0.1757247706	0.1789445958
0.1759113150	0.1791304114
0.1760978593	0.1793162271
0.1762844037	0.1795020427
0.1764709480	0.1796878584
0.1766574924	0.1798736740
0.1768440367	0.1800594897
0.1770305810	0.1802453053
0.1772171254	0.1804311210
0.1774036697	0.1806169366
0.1775902141	0.1808027523
0.1777767584	0.1809885679
0.1779633028	0.1811743836
0.1781498471	0.1813601993
0.1783363914	0.1815460149
0.1785229358	0.1817318306
0.1787094801	0.1819176462
0.1788960245	0.1821034619
0.1790825688	0.1822892775
0.1792691131	0.1824750932
0.1794556575	0.1826609088
0.1796422018	0.1828467245
0.1798287462	0.1830325401
0.1800152905	0.1832183558
0.1802018349	0.1834041714
0.1803883792	0.1835899871
0.1805749235	0.1837758028
0.1807614679	0.1839616184
0.1809480122	0.1841474341
0.1811345566	0.1843332497
0.1813211009	0.1845190654
0.1815076453	0.1847048810
0.1816941896	0.1848906967
0.1818807339	0.1850765123
0.1820672783	0.1852623280
0.1822538226	0.1854481436
0.1824403670	0.1856339593
0.1826269113	0.1858197749
0.1828134557	0.1860055906
0.1830000000	0.1861914062
0.1831865443	0.1863772219
0.1833730887	0.1865630376
0.1835596330	0.1867488532
0.1837461774	0.1869346689
0.1839327217	0.1871204845
0.1841192661	0.1873063002
0.1843058104	0.1874921158
0.1844923547	0.1876779315
0.1846788991	0.1878637471
0.1848654434	0.1880495628
0.1850519878	0.1882353784
0.1852385321	0.1884211941
0.1854250765	0.1886070097
0.1856116208	0.1887928254
0.1857981651	0.1889786411
0.1859847095	0.1891644567
0.1861712538	0.1893502724
0.1863577982	0.1895360880
0.1865443425	0.1897219037
0.1867308869	0.1899077193
0.1869174312	0.1900935350
0.1871039755	0.1902793506
0.1872905199	0.1904651663
0.1874770642	0.1906509819
0.1876636086	0.1908367976
0.1878501529	0.1910226132
0.1880366972	0.1912084289
0.1882232416	0.1913942446
0.1884097859	0.1915800602
0.1885963303	0.1917658759
0.1887828746	0.1919516915
0.1889694190	0.1921375072
0.1891559633	0.1923233228
0.1893425076	0.1925091385
0.1895290520	0.1926949541
0.1897155963	0.1928807698
0.1899021407	0.1930665854
0.1900886850	0.1932524011
0.1902752294	0.1934382167
0.1904617737	0.1936240324
0.1906483180	0.1938098481
0.1908348624	0.1939956637
0.1910214067	0.1941814794
0.1912079511	0.1943672950
0.1913944954	0.1945531107
0.1915810398	0.1947389263
0.1917675841	0.1949247420
0.1919541284	0.1951105576
0.1921406728	0.1952963733
0.1923272171	0.1954821889
0.1925137615	0.1956680046
0.1927003058	0.1958538202
0.1928868502	0.1960396359
0.1930733945	0.1962254515
0.1932599388	0.1964112672
0.1934464832	0.1965970829
0.1936330275	0.1967828985
0.1938195719	0.1969687142
0.1940061162	0.1971545298
0.1941926606	0.1973403455
0.1943792049	0.1975261611
0.1945657492	0.1977119768
0.1947522936	0.1978977924
0.1949388379	0.1980836081
0.1951253823	0.1982694237
0.1953119266	0.1984552394
0.1954984709	0.1986410550
0.1956850153	0.1988268707
0.1958715596	0.1990126864
0.1960581040	0.1991985020
0.1962446483	0.1993843177
0.1964311927	0.1995701333
0.1966177370	0.1997559490
0.1968042813	0.1999417646
0.1969908257	0.2001275803
0.1971773700	0.2003133959
0.1973639144	0.2004992116
0.1975504587	0.2006850272
0.1977370031	0.2008708429
0.1979235474	0.2010566585
0.1981100917	0.2012424742
0.1982966361	0.2014282899
0.1984831804	0.2016141055
0.1986697248	0.2017999212
0.1988562691	0.2019857368
0.1990428135	0.2021715525
0.1992293578	0.2023573681
0.1994159021	0.2025431838
0.1996024465	0.2027289994
0.1997889908	0.2029148151
0.1999755352	0.2031006307
0.2001620795	0.2032864464
0.2003486239	0.2034722620
0.2005351682	0.2036580777
0.2007217125	0.2038438933
0.2009082569	0.2040297090
0.2010948012	0.2042155247
0.2012813456	0.2044013403
0.2014678899	0.2045871560
0.2016544343	0.2047729716
0.2018409786	0.2049587873
0.2020275229	0.2051446029
0.2022140673	0.2053304186
0.2024006116	0.2055162342
0.2025871560	0.2057020499
0.2027737003	0.2058878655
0.2029602446	0.2060736812
0.2031467890	0.2062594968
0.2033333333	0.2064453125
0.2035198777	0.2066311282
0.2037064220	0.2068169438
0.2038929664	0.2070027595
0.2040795107	0.2071885751
0.2042660550	0.2073743908
0.2044525994	0.2075602064
0.2046391437	0.2077460221
0.2048256881	0.2079318377
0.2050122324	0.2081176534
0.2051987768	0.2083034690
0.2053853211	0.2084892847
0.2055718654	0.2086751003
0.2057584098	0.2088609160
0.2059449541	0.2090467317
0.2061314985	0.2092325473
0.2063180428	0.2094183630
0.2065045872	0.2096041786
0.2066911315	0.2097899943
0.2068776758	0.2099758099
0.2070642202	0.2101616256
0.2072507645	0.2103474412
0.2074373089	0.2105332569
0.2076238532	0.2107190725
0.2078103976	0.2109048882
0.2079969419	0.2110907038
0.2081834862	0.2112765195
0.2083700306	0.2114623351
0.2085565749	0.2116481508
0.2087431193	0.2118339665
0.2089296636	0.2120197821
0.2091162080	0.2122055978
0.2093027523	0.2123914134
0.2094892966	0.2125772291
0.2096758410	0.2127630447
0.2098623853	0.2129488604
0.2100489297	0.2131346760
0.2102354740	0.2133204917
0.2104220183	0.2135063073
0.2106085627	0.2136921230
0.2107951070	0.2138779386
0.2109816514	0.2140637543
0.2111681957	0.2142495700
0.2113547401	0.2144353856
0.2115412844	0.2146212013
0.2117278287	0.2148070169
0.2119143731	0.2149928326
0.2121009174	0.2151786482
0.2122874618	0.2153644639
0.2124740061	0.2155502795
0.2126605505	0.2157360952
0.2128470948	0.2159219108
0.2130336391	0.2161077265
0.2132201835	0.2162935421
0.2134067278	0.2164793578
0.2135932722	0.2166651735
0.2137798165	0.2168509891
0.2139663609	0.2170368048
0.2141529052	0.2172226204
0.2143394495	0.2174084361
0.2145259939	0.2175942517
0.2147125382	0.2177800674
0.2148990826	0.2179658830
0.2150856269	0.2181516987
0.2152721713	0.2183375143
0.2154587156	0.2185233300
0.2156452599	0.2187091456
0.2158318043	0.2188949613
0.2160183486	0.2190807769
0.2162048930	0.2192665926
0.2163914373	0.2194524083
0.2165779817	0.2196382239
0.2167645260	0.2198240396
0.2169510703	0.2200098552
0.2171376147	0.2201956709
0.2173241590	0.2203814865
0.2175107034	0.2205673022
0.2176972477	0.2207531178
0.2178837920	0.2209389335
0.2180703364	0.2211247491
0.2182568807	0.2213105648
0.2184434251	0.2214963804
0.2186299694	0.2216821961
0.2188165138	0.2218680118
0.2190030581	0.2220538274
0.2191896024	0.2222396431
0.2193761468	0.2224254587
0.2195626911	0.2226112744
0.2197492355	0.2227970900
0.2199357798	0.2229829057
0.2201223242	0.2231687213
0.2203088685	0.2233545370
0.2204954128	0.2235403526
0.2206819572	0.2237261683
0.2208685015	0.2239119839
0.2210550459	0.2240977996
0.2212415902	0.2242836153
0.2214281346	0.2244694309
0.2216146789	0.2246552466
0.2218012232	0.2248410622
0.2219877676	0.2250268779
0.2221743119	0.2252126935
0.2223608563	0.2253985092
0.2225474006	0.2255843248
0.2227339450	0.2257701405
0.2229204893	0.2259559561
0.2231070336	0.2261417718
0.2232935780	0.2263275874
0.2234801223	0.2265134031
0.2236666667	0.2266992187
0.2238532110	0.2268850344
0.2240397554	0.2270708501
0.2242262997	0.2272566657
0.2244128440	0.2274424814
0.2245993884	0.2276282970
0.2247859327	0.2278141127
0.2249724771	0.2279999283
0.2251590214	0.2281857440
0.2253455657	0.2283715596
0.2255321101	0.2285573753
0.2257186544	0.2287431909
0.2259051988	0.2289290066
0.2260917431	0.2291148222
0.2262782875	0.2293006379
0.2264648318	0.2294864536
0.2266513761	0.2296722692
0.2268379205	0.2298580849
0.2270244648	0.2300439005
0.2272110092	0.2302297162
0.2273975535	0.2304155318
0.2275840979	0.2306013475
0.2277706422	0.2307871631
0.2279571865	0.2309729788
0.2281437309	0.2311587944
0.2283302752	0.2313446101
0.2285168196	0.2315304257
0.2287033639	0.2317162414
0.2288899083	0.2319020571
0.2290764526	0.2320878727
0.2292629969	0.2322736884
0.2294495413	0.2324595040
0.2296360856	0.2326453197
0.2298226300	0.2328311353
0.2300091743	0.2330169510
0.2301957187	0.2332027666
0.2303822630	0.2333885823
0.2305688073	0.2335743979
0.2307553517	0.2337602136
0.2309418960	0.2339460292
0.2311284404	0.2341318449
0.2313149847	0.2343176606
0.2315015291	0.2345034762
0.2316880734	0.2346892919
0.2318746177	0.2348751075
0.2320611621	0.2350609232
0.2322477064	0.2352467388
0.2324342508	0.2354325545
0.2326207951	0.2356183701
0.2328073394	0.2358041858
0.2329938838	0.2359900014
0.2331804281	0.2361758171
0.2333669725	0.2363616327
0.2335535168	0.2365474484
0.2337400612	0.2367332640
0.2339266055	0.2369190797
0.2341131498	0.2371048954
0.2342996942	0.2372907110
0.2344862385	0.2374765267
0.2346727829	0.2376623423
0.2348593272	0.2378481580
0.2350458716	0.2380339736
0.2352324159	0.2382197893
0.2354189602	0.2384056049
0.2356055046	0.2385914206
0.2357920489	0.2387772362
0.2359785933	0.2389630519
0.2361651376	0.2391488675
0.2363516820	0.2393346832
0.2365382263	0.2395204989
0.2367247706	0.2397063145
0.2369113150	0.2398921302
0.2370978593	0.2400779458
0.2372844037	0.2402637615
0.2374709480	0.2404495771
0.2376574924	0.2406353928
0.2378440367	0.2408212084
0.2380305810	0.2410070241
0.2382171254	0.2411928397
0.2384036697	0.2413786554
0.2385902141	0.2415644710
0.2387767584	0.2417502867
0.2389633028	0.2419361024
0.2391498471	0.2421219180
0.2393363914	0.2423077337
0.2395229358	0.2424935493
0.2397094801	0.2426793650
0.2398960245	0.2428651806
0.2400825688	0.2430509963
0.2402691131	0.2432368119
0.2404556575	0.2434226276
0.2406422018	0.2436084432
0.2408287462	0.2437942589
0.2410152905	0.2439800745
0.2412018349	0.2441658902
0.2413883792	0.2443517058
0.2415749235	0.2445375215
0.2417614679	0.2447233372
0.2419480122	0.2449091528
0.2421345566	0.2450949685
0.2423211009	0.2452807841
0.2425076453	0.2454665998
0.2426941896	0.2456524154
0.2428807339	0.2458382311
0.2430672783	0.2460240467
0.2432538226	0.2462098624
0.2434403670	0.2463956780
0.2436269113	0.2465814937
0.2438134557	0.2467673093
0.2440000000	0.2469531250
0.2441865443	0.2471389407
0.2443730887	0.2473247563
0.2445596330	0.2475105720
0.2447461774	0.2476963876
0.2449327217	0.2478822033
0.2451192661	0.2480680189
0.2453058104	0.2482538346
0.2454923547	0.2484396502
0.2456788991	0.2486254659
0.2458654434	0.2488112815
0.2460519878	0.2489970972
0.2462385321	0.2491829128
0.2464250765	0.2493687285
0.2466116208	0.2495545442
0.2467981651	0.2497403598
0.2469847095	0.2499261755
0.2471712538	0.2501119911
0.2473577982	0.2502978068
0.2475443425	0.2504836224
0.2477308869	0.2506694381
0.2479174312	0.2508552537
0.2481039755	0.2510410694
0.2482905199	0.2512268850
0.2484770642	0.2514127007
0.2486636086	0.2515985163
0.2488501529	0.2517843320
0.2490366972	0.2519701476
0.2492232416	0.2521559633
0.2494097859	0.2523417790
0.2495963303	0.2525275946
0.2497828746	0.2527134103
0.2499694190	0.2528992259
0.2501559633	0.2530850416
0.2503425076	0.2532708572
0.2505290520	0.2534566729
0.2507155963	0.2536424885
0.2509021407	0.2538283042
0.2510886850	0.2540141198
0.2512752294	0.2541999355
0.2514617737	0.2543857511
0.2516483180	0.2545715668
0.2518348624	0.2547573825
0.2520214067	0.2549431981
0.2522079511	0.2551290138
0.2523944954	0.2553148294
0.2525810398	0.2555006451
0.2527675841	0.2556864607
0.2529541284	0.2558722764
0.2531406728	0.2560580920
0.2533272171	0.2562439077
0.2535137615	0.2564297233
0.2537003058	0.2566155390
0.2538868502	0.2568013546
0.2540733945	0.2569871703
0.2542599388	0.2571729860
0.2544464832	0.2573588016
0.2546330275	0.2575446173
0.2548195719	0.2577304329
0.2550061162	0.2579162486
0.2551926606	0.2581020642
0.2553792049	0.2582878799
0.2555657492	0.2584736955
0.2557522936	0.2586595112
0.2559388379	0.2588453268
0.2561253823	0.2590311425
0.2563119266	0.2592169581
0.2564984709	0.2594027738
0.2566850153	0.2595885894
0.2568715596	0.2597744051
0.2570581040	0.2599602208
0.2572446483	0.2601460364
0.2574311927	0.2603318521
0.2576177370	0.2605176677
0.2578042813	0.2607034834
0.2579908257	0.2608892990
0.2581773700	0.2610751147
0.2583639144	0.2612609303
0.2585504587	0.2614467460
0.2587370031	0.2616325616
0.2589235474	0.2618183773
0.2591100917	0.2620041929
0.2592966361	0.2621900086
0.2594831804	0.2623758243
0.2596697248	0.2625616399
0.2598562691	0.2627474556
0.2600428135	0.2629332712
0.2602293578	0.2631190869
0.2604159021	0.2633049025
0.2606024465	0.2634907182
0.2607889908	0.2636765338
0.2609755352	0.2638623495
0.2611620795	0.2640481651
0.2613486239	0.2642339808
0.2615351682	0.2644197964
0.2617217125	0.2646056121
0.2619082569	0.2647914278
0.2620948012	0.2649772434
0.2622813456	0.2651630591
0.2624678899	0.2653488747
0.2626544343	0.2655346904
0.2628409786	0.2657205060
0.2630275229	0.2659063217
0.2632140673	0.2660921373
0.2634006116	0.2662779530
0.2635871560	0.2664637686
0.2637737003	0.2666495843
0.2639602446	0.2668353999
0.2641467890	0.2670212156
0.2643333333	0.2672070312
0.2645198777	0.2673928469
0.2647064220	0.2675786626
0.2648929664	0.2677644782
0.2650795107	0.2679502939
0.2652660550	0.2681361095
0.2654525994	0.2683219252
0.2656391437	0.2685077408
0.2658256881	0.2686935565
0.2660122324	0.2688793721
0.2661987768	0.2690651878
0.2663853211	0.2692510034
0.2665718654	0.2694368191
0.2667584098	0.2696226347
0.2669449541	0.2698084504
0.2671314985	0.2699942661
0.2673180428	0.2701800817
0.2675045872	0.2703658974
0.2676911315	0.2705517130
0.2678776758	0.2707375287
0.2680642202	0.2709233443
0.2682507645	0.2711091600
0.2684373089	0.2712949756
0.2686238532	0.2714807913
0.2688103976	0.2716666069
0.2689969419	0.2718524226
0.2691834862	0.2720382382
0.2693700306	0.2722240539
0.2695565749	0.2724098696
0.2697431193	0.2725956852
0.2699296636	0.2727815009
0.2701162080	0.2729673165
0.2703027523	0.2731531322
0.2704892966	0.2733389478
0.2706758410	0.2735247635
0.2708623853	0.2737105791
0.2710489297	0.2738963948
0.2712354740	0.2740822104
0.2714220183	0.2742680261
0.2716085627	0.2744538417
0.2717951070	0.2746396574
0.2719816514	0.2748254731
0.2721681957	0.2750112887
0.2723547401	0.2751971044
0.2725412844	0.2753829200
0.2727278287	0.2755687357
0.2729143731	0.2757545513
0.2731009174	0.2759403670
0.2732874618	0.2761261826
0.2734740061	0.2763119983
0.2736605505	0.2764978139
0.2738470948	0.2766836296
0.2740336391	0.2768694452
0.2742201835	0.2770552609
0.2744067278	0.2772410765
0.2745932722	0.2774268922
0.2747798165	0.2776127079
0.2749663609	0.2777985235
0.2751529052	0.2779843392
0.2753394495	0.2781701548
0.2755259939	0.2783559705
0.2757125382	0.2785417861
0.2758990826	0.2787276018
0.2760856269	0.2789134174
0.2762721713	0.2790992331
0.2764587156	0.2792850487
0.2766452599	0.2794708644
0.2768318043	0.2796566800
0.2770183486	0.2798424957
0.2772048930	0.2800283114
0.2773914373	0.2802141270
0.2775779817	0.2803999427
0.2777645260	0.2805857583
0.2779510703	0.2807715740
0.2781376147	0.2809573896
0.2783241590	0.2811432053
0.2785107034	0.2813290209
0.2786972477	0.2815148366
0.2788837920	0.2817006522
0.2790703364	0.2818864679
0.2792568807	0.2820722835
0.2794434251	0.2822580992
0.2796299694	0.2824439149
0.2798165138	0.2826297305
0.2800030581	0.2828155462
0.2801896024	0.2830013618
0.2803761468	0.2831871775
0.2805626911	0.2833729931
0.2807492355	0.2835588088
0.2809357798	0.2837446244
0.2811223242	0.2839304401
0.2813088685	0.2841162557
0.2814954128	0.2843020714
0.2816819572	0.2844878870
0.2818685015	0.2846737027
0.2820550459	0.2848595183
0.2822415902	0.2850453340
0.2824281346	0.2852311497
0.2826146789	0.2854169653
0.2828012232	0.2856027810
0.2829877676	0.2857885966
0.2831743119	0.2859744123
0.2833608563	0.2861602279
0.2835474006	0.2863460436
0.2837339450	0.2865318592
0.2839204893	0.2867176749
0.2841070336	0.2869034905
0.2842935780	0.2870893062
0.2844801223	0.2872751218
0.2846666667	0.2874609375
0.2848532110	0.2876467532
0.2850397554	0.2878325688
0.2852262997	0.2880183845
0.2854128440	0.2882042001
0.2855993884	0.2883900158
0.2857859327	0.2885758314
0.2859724771	0.2887616471
0.2861590214	0.2889474627
0.2863455657	0.2891332784
0.2865321101	0.2893190940
0.2867186544	0.2895049097
0.2869051988	0.2896907253
0.2870917431	0.2898765410
0.2872782875	0.2900623567
0.2874648318	0.2902481723
0.2876513761	0.2904339880
0.2878379205	0.2906198036
0.2880244648	0.2908056193
0.2882110092	0.2909914349
0.2883975535	0.2911772506
0.2885840979	0.2913630662
0.2887706422	0.2915488819
0.2889571865	0.2917346975
0.2891437309	0.2919205132
0.2893302752	0.2921063288
0.2895168196	0.2922921445
0.2897033639	0.2924779601
0.2898899083	0.2926637758
0.2900764526	0.2928495915
0.2902629969	0.2930354071
0.2904495413	0.2932212228
0.2906360856	0.2934070384
0.2908226300	0.2935928541
0.2910091743	0.2937786697
0.2911957187	0.2939644854
0.2913822630	0.2941503010
0.2915688073	0.2943361167
0.2917553517	0.2945219323
0.2919418960	0.2947077480
0.2921284404	0.2948935636
0.2923149847	0.2950793793
0.2925015291	0.2952651950
0.2926880734	0.2954510106
0.2928746177	0.2956368263
0.2930611621	0.2958226419
0.2932477064	0.2960084576
0.2934342508	0.2961942732
0.2936207951	0.2963800889
0.2938073394	0.2965659045
0.2939938838	0.2967517202
0.2941804281	0.2969375358
0.2943669725	0.2971233515
0.2945535168	0.2973091671
0.2947400612	0.2974949828
0.2949266055	0.2976807985
0.2951131498	0.2978666141
0.2952996942	0.2980524298
0.2954862385	0.2982382454
0.2956727829	0.2984240611
0.2958593272	0.2986098767
0.2960458716	0.2987956924
0.2962324159	0.2989815080
0.2964189602	0.2991673237
0.2966055046	0.2993531393
0.2967920489	0.2995389550
0.2969785933	0.2997247706
0.2971651376	0.2999105863
0.2973516820	0.3000964019
0.2975382263	0.3002822176
0.2977247706	0.3004680333
0.2979113150	0.3006538489
0.2980978593	0.3008396646
0.2982844037	0.3010254802
0.2984709480	0.3012112959
0.2986574924	0.3013971115
0.2988440367	0.3015829272
0.2990305810	0.3017687428
0.2992171254	0.3019545585
0.2994036697	0.3021403741
0.2995902141	0.3023261898
0.2997767584	0.3025120054
0.2999633028	0.3026978211
0.3001498471	0.3028836368
0.3003363914	0.3030694524
0.3005229358	0.3032552681
0.3007094801	0.3034410837
0.3008960245	0.3036268994
0.3010825688	0.3038127150
0.3012691131	0.3039985307
0.3014556575	0.3041843463
0.3016422018	0.3043701620
0.3018287462	0.3045559776
0.3020152905	0.3047417933
0.3022018349	0.3049276089
0.3023883792	0.3051134246
0.3025749235	0.3052992403
0.3027614679	0.3054850559
0.3029480122	0.3056708716
0.3031345566	0.3058566872
0.3033211009	0.3060425029
0.3035076453	0.3062283185
0.3036941896	0.3064141342
0.3038807339	0.3065999498
0.3040672783	0.3067857655
0.3042538226	0.3069715811
0.3044403670	0.3071573968
0.3046269113	0.3073432124
0.3048134557	0.3075290281
0.3050000000	0.3077148437
0.3051865443	0.3079006594
0.3053730887	0.3080864751
0.3055596330	0.3082722907
0.3057461774	0.3084581064
0.3059327217	0.3086439220
0.3061192661	0.3088297377
0.3063058104	0.3090155533
0.3064923547	0.3092013690
0.3066788991	0.3093871846
0.3068654434	0.3095730003
0.3070519878	0.3097588159
0.3072385321	0.3099446316
0.3074250765	0.3101304472
0.3076116208	0.3103162629
0.3077981651	0.3105020786
0.3079847095	0.3106878942
0.3081712538	0.3108737099
0.3083577982	0.3110595255
0.3085443425	0.3112453412
0.3087308869	0.3114311568
0.3089174312	0.3116169725
0.3091039755	0.3118027881
0.3092905199	0.3119886038
0.3094770642	0.3121744194
0.3096636086	0.3123602351
0.3098501529	0.3125460507
0.3100366972	0.3127318664
0.3102232416	0.3129176821
0.3104097859	0.3131034977
0.3105963303	0.3132893134
0.3107828746	0.3134751290
0.3109694190	0.3136609447
0.3111559633	0.3138467603
0.3113425076	0.3140325760
0.3115290520	0.3142183916
0.3117155963	0.3144042073
0.3119021407	0.3145900229
0.3120886850	0.3147758386
0.3122752294	0.3149616542
0.3124617737	0.3151474699
0.3126483180	0.3153332856
0.3128348624	0.3155191012
0.3130214067	0.3157049169
0.3132079511	0.3158907325
0.3133944954	0.3160765482
0.3135810398	0.3162623638
0.3137675841	0.3164481795
0.3139541284	0.3166339951
0.3141406728	0.3168198108
0.3143272171	0.3170056264
0.3145137615	0.3171914421
0.3147003058	0.3173772577
0.3148868502	0.3175630734
0.3150733945	0.3177488890
0.3152599388	0.3179347047
0.3154464832	0.3181205204
0.3156330275	0.3183063360
0.3158195719	0.3184921517
0.3160061162	0.3186779673
0.3161926606	0.3188637830
0.3163792049	0.3190495986
0.3165657492	0.3192354143
0.3167522936	0.3194212299
0.3169388379	0.3196070456
0.3171253823	0.3197928612
0.3173119266	0.3199786769
0.3174984709	0.3201644925
0.3176850153	0.3203503082
0.3178715596	0.3205361239
0.3180581040	0.3207219395
0.3182446483	0.3209077552
0.3184311927	0.3210935708
0.3186177370	0.3212793865
0.3188042813	0.3214652021
0.3189908257	0.3216510178
0.3191773700	0.3218368334
0.3193639144	0.3220226491
0.3195504587	0.3222084647
0.3197370031	0.3223942804
0.3199235474	0.3225800960
0.3201100917	0.3227659117
0.3202966361	0.3229517274
0.3204831804	0.3231375430
0.3206697248	0.3233233587
0.3208562691	0.3235091743
0.3210428135	0.3236949900
0.3212293578	0.3238808056
0.3214159021	0.3240666213
0.3216024465	0.3242524369
0.3217889908	0.3244382526
0.3219755352	0.3246240682
0.3221620795	0.3248098839
0.3223486239	0.3249956995
0.3225351682	0.3251815152
0.3227217125	0.3253673308
0.3229082569	0.3255531465
0.3230948012	0.3257389622
0.3232813456	0.3259247778
0.3234678899	0.3261105935
0.3236544343	0.3262964091
0.3238409786	0.3264822248
0.3240275229	0.3266680404
0.3242140673	0.3268538561
0.3244006116	0.3270396717
0.3245871560	0.3272254874
0.3247737003	0.3274113030
0.3249602446	0.3275971187
0.3251467890	0.3277829343
0.3253333333	0.3279687500
0.3255198777	0.3281545657
0.3257064220	0.3283403813
0.3258929664	0.3285261970
0.3260795107	0.3287120126
0.3262660550	0.3288978283
0.3264525994	0.3290836439
0.3266391437	0.3292694596
0.3268256881	0.3294552752
0.3270122324	0.3296410909
0.3271987768	0.3298269065
0.3273853211	0.3300127222
0.3275718654	0.3301985378
0.3277584098	0.3303843535
0.3279449541	0.3305701692
0.3281314985	0.3307559848
0.3283180428	0.3309418005
0.3285045872	0.3311276161
0.3286911315	0.3313134318
0.3288776758	0.3314992474
0.3290642202	0.3316850631
0.3292507645	0.3318708787
0.3294373089	0.3320566944
0.3296238532	0.3322425100
0.3298103976	0.3324283257
0.3299969419	0.3326141413
0.3301834862	0.3327999570
0.3303700306	0.3329857726
0.3305565749	0.3331715883
0.3307431193	0.3333574040
0.3309296636	0.3335432196
0.3311162080	0.3337290353
0.3313027523	0.3339148509
0.3314892966	0.3341006666
0.3316758410	0.3342864822
0.3318623853	0.3344722979
0.3320489297	0.3346581135
0.3322354740	0.3348439292
0.3324220183	0.3350297448
0.3326085627	0.3352155605
0.3327951070	0.3354013761
0.3329816514	0.3355871918
0.3331681957	0.3357730075
0.3333547401	0.3359588231
0.3335412844	0.3361446388
0.3337278287	0.3363304544
0.3339143731	0.3365162701
0.3341009174	0.3367020857
0.3342874618	0.3368879014
0.3344740061	0.3370737170
0.3346605505	0.3372595327
0.3348470948	0.3374453483
0.3350336391	0.3376311640
0.3352201835	0.3378169796
0.3354067278	0.3380027953
0.3355932722	0.3381886110
0.3357798165	0.3383744266
0.3359663609	0.3385602423
0.3361529052	0.3387460579
0.3363394495	0.3389318736
0.3365259939	0.3391176892
0.3367125382	0.3393035049
0.3368990826	0.3394893205
0.3370856269	0.3396751362
0.3372721713	0.3398609518
0.3374587156	0.3400467675
0.3376452599	0.3402325831
0.3378318043	0.3404183988
0.3380183486	0.3406042144
0.3382048930	0.3407900301
0.3383914373	0.3409758458
0.3385779817	0.3411616614
0.3387645260	0.3413474771
0.3389510703	0.3415332927
0.3391376147	0.3417191084
0.3393241590	0.3419049240
0.3395107034	0.3420907397
0.3396972477	0.3422765553
0.3398837920	0.3424623710
0.3400703364	0.3426481866
0.3402568807	0.3428340023
0.3404434251	0.3430198179
0.3406299694	0.3432056336
0.3408165138	0.3433914493
0.3410030581	0.3435772649
0.3411896024	0.3437630806
0.3413761468	0.3439488962
0.3415626911	0.3441347119
0.3417492355	0.3443205275
0.3419357798	0.3445063432
0.3421223242	0.3446921588
0.3423088685	0.3448779745
0.3424954128	0.3450637901
0.3426819572	0.3452496058
0.3428685015	0.3454354214
0.3430550459	0.3456212371
0.3432415902	0.3458070528
0.3434281346	0.3459928684
0.3436146789	0.3461786841
0.3438012232	0.3463644997
0.3439877676	0.3465503154
0.3441743119	0.3467361310
0.3443608563	0.3469219467
0.3445474006	0.3471077623
0.3447339450	0.3472935780
0.3449204893	0.3474793936
0.3451070336	0.3476652093
0.3452935780	0.3478510249
0.3454801223	0.3480368406
0.3456666667	0.3482226562
0.3458532110	0.3484084719
0.3460397554	0.3485942876
0.3462262997	0.3487801032
0.3464128440	0.3489659189
0.3465993884	0.3491517345
0.3467859327	0.3493375502
0.3469724771	0.3495233658
0.3471590214	0.3497091815
0.3473455657	0.3498949971
0.3475321101	0.3500808128
0.3477186544	0.3502666284
0.3479051988	0.3504524441
0.3480917431	0.3506382597
0.3482782875	0.3508240754
0.3484648318	0.3510098911
0.3486513761	0.3511957067
0.3488379205	0.3513815224
0.3490244648	0.3515673380
0.3492110092	0.3517531537
0.3493975535	0.3519389693
0.3495840979	0.3521247850
0.3497706422	0.3523106006
0.3499571865	0.3524964163
0.3501437309	0.3526822319
0.3503302752	0.3528680476
0.3505168196	0.3530538632
0.3507033639	0.3532396789
0.3508899083	0.3534254946
0.3510764526	0.3536113102
0.3512629969	0.3537971259
0.3514495413	0.3539829415
0.3516360856	0.3541687572
0.3518226300	0.3543545728
0.3520091743	0.3545403885
0.3521957187	0.3547262041
0.3523822630	0.3549120198
0.3525688073	0.3550978354
0.3527553517	0.3552836511
0.3529418960	0.3554694667
0.3531284404	0.3556552824
0.3533149847	0.3558410981
0.3535015291	0.3560269137
0.3536880734	0.3562127294
0.3538746177	0.3563985450
0.3540611621	0.3565843607
0.3542477064	0.3567701763
0.3544342508	0.3569559920
0.3546207951	0.3571418076
0.3548073394	0.3573276233
0.3549938838	0.3575134389
0.3551804281	0.3576992546
0.3553669725	0.3578850702
0.3555535168	0.3580708859
0.3557400612	0.3582567015
0.3559266055	0.3584425172
0.3561131498	0.3586283329
0.3562996942	0.3588141485
0.3564862385	0.3589999642
0.3566727829	0.3591857798
0.3568593272	0.3593715955
0.3570458716	0.3595574111
0.3572324159	0.3597432268
0.3574189602	0.3599290424
0.3576055046	0.3601148581
0.3577920489	0.3603006737
0.3579785933	0.3604864894
0.3581651376	0.3606723050
0.3583516820	0.3608581207
0.3585382263	0.3610439364
0.3587247706	0.3612297520
0.3589113150	0.3614155677
0.3590978593	0.3616013833
0.3592844037	0.3617871990
0.3594709480	0.3619730146
0.3596574924	0.3621588303
0.3598440367	0.3623446459
0.3600305810	0.3625304616
0.3602171254	0.3627162772
0.3604036697	0.3629020929
0.3605902141	0.3630879085
0.3607767584	0.3632737242
0.3609633028	0.3634595399
0.3611498471	0.3636453555
0.3613363914	0.3638311712
0.3615229358	0.3640169868
0.3617094801	0.3642028025
0.3618960245	0.3643886181
0.3620825688	0.3645744338
0.3622691131	0.3647602494
0.3624556575	0.3649460651
0.3626422018	0.3651318807
0.3628287462	0.3653176964
0.3630152905	0.3655035120
0.3632018349	0.3656893277
0.3633883792	0.3658751433
0.3635749235	0.3660609590
0.3637614679	0.3662467747
0.3639480122	0.3664325903
0.3641345566	0.3666184060
0.3643211009	0.3668042216
0.3645076453	0.3669900373
0.3646941896	0.3671758529
0.3648807339	0.3673616686
0.3650672783	0.3675474842
0.3652538226	0.3677332999
0.3654403670	0.3679191155
0.3656269113	0.3681049312
0.3658134557	0.3682907468
0.3660000000	0.3684765625
0.3661865443	0.3686623782
0.3663730887	0.3688481938
0.3665596330	0.3690340095
0.3667461774	0.3692198251
0.3669327217	0.3694056408
0.3671192661	0.3695914564
0.3673058104	0.3697772721
0.3674923547	0.3699630877
0.3676788991	0.3701489034
0.3678654434	0.3703347190
0.3680519878	0.3705205347
0.3682385321	0.3707063503
0.3684250765	0.3708921660
0.3686116208	0.3710779817
0.3687981651	0.3712637973
0.3689847095	0.3714496130
0.3691712538	0.3716354286
0.3693577982	0.3718212443
0.3695443425	0.3720070599
0.3697308869	0.3721928756
0.3699174312	0.3723786912
0.3701039755	0.3725645069
0.3702905199	0.3727503225
0.3704770642	0.3729361382
0.3706636086	0.3731219538
0.3708501529	0.3733077695
0.3710366972	0.3734935851
0.3712232416	0.3736794008
0.3714097859	0.3738652165
0.3715963303	0.3740510321
0.3717828746	0.3742368478
0.3719694190	0.3744226634
0.3721559633	0.3746084791
0.3723425076	0.3747942947
0.3725290520	0.3749801104
0.3727155963	0.3751659260
0.3729021407	0.3753517417
